20	-3.4160589991814128
20.290906698750476	-3.4156724322818155
20.586044732869844	-3.4152857617596237
20.885475648548283	-3.4148988301120937
21.189261887185914	-3.4145114312138967
21.49746679841394	-3.414123328147159
21.810154653305165	-3.41373426821999
22.12739065777668	-3.4133439951546696
22.449240966187475	-3.4129522584273597
22.77577269513385	-3.4125588197381336
23.107053937445478	-3.4121634565840404
23.44315377638505	-3.4117659628998345
23.784142300054445	-3.411366146721597
24.130090616010463	-3.410963824818781
24.481070866093134	-3.410558814230978
24.837156241469714	-3.4101509206379426
25.1984209978975	-3.4097399234859567
25.56494047120865	-3.4093255577915795
25.936791093020236	-3.408907492545999
26.3140504066728	-3.4084853056508617
26.69679708340074	-3.4080584553304543
27.08511093873791	-3.4076262479867263
27.47907294916184	-3.4071878024939757
27.878765268980047	-3.406742010970204
28.284271247461966	-3.406287496113504
28.695675446220072	-3.4058225652555065
29.11306365684382	-3.4053451613611863
29.536522918790062	-3.4048528112964105
29.966141537533712	-3.4043425717926628
30.402009102982383	-3.403810973663563
30.844216508158908	-3.4032539649711633
31.29285596815558	-3.4026668540023395
31.74802103936409	-3.4020442530977535
32.20980663898519	-3.401380024578216
32.67830906482211	-3.400667230236077
33.153626015361866	-3.399898086102299
33.63585661014871	-3.399063924462553
34.125101410453844	-3.3981551653768127
34.62146244024586	-3.397161300254802
35.12504320746613	-3.3960708903517185
35.635948725613716	-3.3948715833716236
36.15428553564419	-3.393550151695361
36.68016172818701	-3.392092556080475
37.21368696608603	-3.3904840390056923
37.754972507267915	-3.388709252143932
38.30413122794313	-3.3867524227360515
38.86127764614443	-3.384597563891191
39.4265279456077	-3.3822287340454906
40.000000000000206	-3.3796303509539407
40.58181339750116	-3.376787565652866
41.1720894657399	-3.3736867017932677
41.77095129709678	-3.370315765585995
42.37852377437204	-3.3666650312939588
42.9949335968281	-3.362727706727009
43.62030930661056	-3.3585006825123003
44.25478131555359	-3.3539853679943943
44.89848193237519	-3.349188615430697
45.55154539026795	-3.3441237326519495
46.21410787489121	-3.338811582515726
46.88630755277036	-3.3332817652528526
47.56828460010916	-3.3275738771508774
48.260181232021196	-3.321738503981863
48.962141732186545	-3.3158356320417
49.674312482939705	-3.30992749169031
50.39684199579528	-3.3040704042035474
51.129880942417586	-3.298309598311441
51.873582186040764	-3.2926792636726834
52.628100813345895	-3.287203761347633
53.393594166801776	-3.281898774593875
54.17022187747612	-3.2767723896037064
54.95814589832399	-3.271826098650485
55.75753053796041	-3.2670557206370914
56.56854249492426	-3.2624522362648456
57.39135089244048	-3.2580025369873358
58.226127313687975	-3.2536900886044116
59.073045837580466	-3.249495511811732
59.932283075067765	-3.245397083275523
60.804018205965114	-3.2413711618755934
61.68843301631817	-3.237392545676136
62.58571193631152	-3.233434765966863
63.49604207872855	-3.2294703253883865
64.41961327797075	-3.225470887735756
65.35661812964459	-3.221407427541045
66.3072520307241	-3.217250347985912
67.27171322029778	-3.2129695761016643
68.25020282090806	-3.208534644588328
69.2429248804921	-3.2039147699331556
70.25008641493265	-3.199078936837235
71.27189745122783	-3.1939959992668894
72.30857107128878	-3.1886348087310203
73.36032345637442	-3.1829643806386363
74.42737393217246	-3.1769541098000698
75.50994501453623	-3.170574046283339
76.60826245588666	-3.1637952429007776
77.72255529228926	-3.156590185551785
78.85305589121582	-3.1489333174504344
80.00000000000082	-3.1408016678804045
81.16362679500274	-3.1321755954961814
82.34417893148023	-3.1230396552735096
83.541902594194	-3.1133835969414863
84.75704754874454	-3.103203501033873
85.98986719365665	-3.0925030565017257
87.24061861322157	-3.081294981049804
88.50956263110764	-3.0696015776566283
89.79696386475084	-3.0574498332535516
91.10309078053635	-3.0448592585620773
92.42821574978288	-3.031830469084415
93.77261510554118	-3.0183439535678214
95.13656920021877	-3.004361806530548
96.52036246404286	-2.9898296484069284
97.92428346437356	-2.974678661222751
99.34862496587989	-2.9588277635045
100.79368399159105	-2.942185955762544
102.25976188483567	-2.924654874821048
103.74716437208203	-2.906131601380652
105.25620162669229	-2.8865117703531165
106.78718833360406	-2.8656930375288505
108.34044375495276	-2.843578958822487
109.9162917966485	-2.8200833394436535
111.51506107592134	-2.795135109571222
113.13708498984903	-2.7686828539135826
114.78270178488147	-2.740694716481087
116.45225462737648	-2.7111517735799677
118.14609167516147	-2.680041358206167
119.86456615013608	-2.6473568939274834
121.60803641193078	-2.6131050552083868
123.3768660326369	-2.5773150620679517
125.17142387262359	-2.5400484103171164
126.99208415745765	-2.5014043727289623
128.83922655594208	-2.461511370252917
130.71323625928977	-2.4205149754167614
132.61450406144883	-2.378566728809388
134.5434264405962	-2.3358170648596515
136.50040564181674	-2.2924170368973935
138.48584976098482	-2.248522265232526
140.50017282986593	-2.204297016310007
142.5437949024563	-2.1599179917718585
144.61714214257822	-2.115575993766578
146.7206469127495	-2.0714742862370707
148.8547478643456	-2.0278264343670163
151.01989002907314	-1.9848566496449906
153.216524911774	-1.9428032819261436
155.4451105845792	-1.9019226032853442
157.70611178243232	-1.8624920207765685
160.00000000000236	-1.82481107266663
162.3272535900062	-1.7891942600681183
164.6883578629612	-1.7559563101931004
167.08380518838874	-1.7253948817953977
169.51409509748981	-1.6977735318671208
171.97973438731407	-1.673311362133913
174.4812372264439	-1.6521765108714401
177.01912526221608	-1.6344787590393484
179.5939277295025	-1.6202619346251046
182.20618156107355	-1.6095053206572976
184.85643149956664	-1.6021416269823936
187.54523021108326	-1.5980768936181997
190.27313840043846	-1.5972019950691463
193.04072492808663	-1.5993928443430248
195.84856692874806	-1.60450725830668
198.69724993176072	-1.6123807951143645
201.58736798318304	-1.6228216788443097
204.5195237696723	-1.635604937902341
207.49432874416505	-1.6504663041842158
210.5124032533856	-1.6671014905676582
213.57437666720915	-1.685182724623434
216.68088750990657	-1.7043771404925023
219.83258359329807	-1.7243517082548234
223.03012215184378	-1.7447689564359017
226.2741699796992	-1.765281704772296
229.5654035697641	-1.7855301070020961
232.90450925475412	-1.805149178847146
236.2921833503241	-1.8237941500300079
239.72913230027333	-1.84116616956501
243.21607282386276	-1.8570155376935837
246.75373206527502	-1.871136802699249
250.34284774524843	-1.8833648638099587
253.9841683149166	-1.8935732897857789
257.67845311188546	-1.901674997176348
261.42647251858085	-1.9076252447448732
265.22900812289896	-1.9114231818826086
269.08685288119375	-1.913102236942969
273.0008112836349	-1.91271955454629
276.97169952197106	-1.910349594157389
281.00034565973334	-1.9060813607802967
285.0875898049141	-1.9000177467136572
289.23428428515797	-1.8922765815238343
293.44129382550057	-1.8829932303383465
297.7094957286928	-1.87232425267866
302.0397800581479	-1.8604516255831416
306.4330498235497	-1.8475844235018393
310.89022116916016	-1.8339477175611962
315.41222356486645	-1.8197719455877548
320.00000000000654	-1.8052905277497464
324.6545071800142	-1.7907392975654457
329.3767157259242	-1.7763542662283942
334.16761037677935	-1.7623622890115176
339.02819019498156	-1.7489673336039302
343.95946877463007	-1.7363467229917884
348.9624744528898	-1.7246508221898855
354.03825052443415	-1.714006500786443
359.187855459007	-1.7045202614661425
364.4123631221491	-1.6962795517073586
369.71286299913527	-1.6893515761934987
375.0904604221685	-1.6837777325761132
380.54627680087896	-1.6795645162244643
386.08144985617537	-1.6766725731597627
391.6971338574982	-1.6750069181799159
397.3944998635236	-1.6744187229387002
403.1747359663683	-1.6747115891775
409.0390475393468	-1.6756472950199506
414.9886574883323	-1.6769506149686724
421.0248065067734	-1.678313589820634
427.1487533344206	-1.6793986391968625
433.3617750198154	-1.6798377951302277
439.6651671865984	-1.6792323825210456
446.06024430368984	-1.6771578525413817
452.54833995940066	-1.673174242197147
459.13080713953053	-1.6668405490313345
465.8090185095106	-1.657733273127368
472.58436670065066	-1.6454693496391708
479.45826460054917	-1.6297299094072248
486.432145647728	-1.610278849456127
493.50746413055253	-1.586977811950282
500.6856954904994	-1.5597869153422006
507.9683366298358	-1.528738223371397
515.3569062237735	-1.4938991765046872
522.8529450371643	-1.4553465392716638
530.4580162458005	-1.4131824810787217
538.1737057623901	-1.3675695890408774
546.0016225672724	-1.3187721611568162
553.9433990439449	-1.267193183378466
562.0006913194694	-1.2133686033611824
570.1751796098309	-1.1579156217466342
578.4685685703187	-1.101465258341814
586.8825876510039	-1.0445982962764553
595.4189914573883	-0.9878312661803605
604.0795601162986	-0.9316382000828921
612.8660996471021	-0.8764633644247464
621.780442338323	-0.8226980097345532
630.8244471297356	-0.770673209900491
640.0000000000159	-0.7206641919264665
649.3090143600314	-0.6728855597692955
658.7534314518515	-0.6274785290940199
668.3352207535618	-0.5844955466931883
678.0563803899662	-0.5438824240170737
687.9189375492632	-0.5054595141721111
697.9249489057827	-0.46890936818875206
708.0765010488715	-0.4338205755512012
718.3757109180171	-0.3997448888893182
728.8247262443015	-0.36625170051928774
739.425725998274	-0.3329794761454356
750.1809208443404	-0.29966420204272537
761.0925536017613	-0.2661009588267577
772.1628997123541	-0.23209566137020032
783.3942677149998	-0.19745073235164654
794.7889997270506	-0.1619766310208777
806.34947193274	-0.12551263822654013
818.0780950786972	-0.08795450753097445
829.9773149766683	-0.049284949829244695
842.0496130135506	-0.00958072799506926
854.2975066688449	0.03102283597231051
866.7235500396347	0.07237193080274942
879.3303343732008	0.11432576318559609
892.1204886073838	0.15677310633867994
905.0966799188055	0.1996321247852222
918.2616142790653	0.24284272116685976
931.6180370190256	0.2863547167852061
945.1687334013056	0.33012628779071174
958.9165292011028	0.37416094017029844
972.8642912954606	0.4185222543160837
987.0149282611097	0.46332278217947453
1001.3713909810035	0.5087185255888932
1015.9366732596762	0.5549094566792998
1030.7138124475518	0.6021373700747283
1045.7058900743334	0.650678339592924
1060.916032491606	0.7008307036987911
1076.3474115247852	0.7529042023055121
1092.0032451345498	0.8072021083318448
1107.8867980878947	0.8639881880014958
1124.0013826389438	0.9234454124838452
1140.350359219667	0.9856741853725253
1156.9371371406426	1.0507467537713726
1173.765175302013	1.1187641368254881
1190.837982914782	1.1898948135378211
1208.1591202326028	1.2643734092747794
1225.73219929421	1.3423971073867276
1243.5608846766518	1.4239692306926406
1261.648894259477	1.5088974520730183
1280.0000000000375	1.5970233132537843
1298.6180287200684	1.6884811081929119
1317.5068629037087	1.7837836840183952
1336.6704415071292	1.883556916988965
1356.112760779938	1.9883158988319778
1375.8378750985323	2.098451047019639
1395.8498978115715	2.214200909591685
1416.153002097749	2.3357088687280103
1436.7514218360407	2.4630736625986285
1457.6494524886093	2.596459455498888
1478.8514519965543	2.736178212865303
1500.3618416886875	2.8824047082152204
1522.1851072035295	3.0351741627337607
1544.3257994247153	3.194447904207826
1566.788535430007	3.3601482519379506
1589.5779994541087	3.532156352936714
1612.6989438654878	3.710246966626338
1636.156190157402	3.893965893335327
1659.9546299533442	4.082551512466737
1684.099226027109	4.275254574567858
1708.5950133376978	4.471832205136435
1733.4471000792773	4.672544310760925
1758.6606687464096	4.877589780657243
1784.2409772147755	5.086458325955514
1810.193359837619	5.298430161598777
1836.5232285581387	5.513139182414294
1863.2360740380593	5.7307274766850504
1890.3374668026197	5.951478477828789
1917.833058402214	6.175304382200959
1945.7285825909298	6.401376073625487
1974.0298565222283	6.628479159591269
2002.7427819620161	6.855607984076091
2031.8733465193618	7.0822962010560175
2061.4276248951132	7.308210451119152
2091.411780148677	7.532632464038057
2121.832064983222	7.754258155303849
2152.694823049581	7.971421024987438
2184.0064902691106	8.182744916115956
2215.7735961758003	8.38700080836885
2248.002765277899	8.582829796779654
2280.7007184393456	8.768765920238108
2313.874274281297	8.94373802605815
2347.530350604038	9.107570018628625
2381.6759658295764	9.260513475637143
2416.318240465218	9.402943106804504
2451.4643985884327	9.535163203894529
2487.1217693533167	9.657053252823882
2523.2977885189675	9.768101428552836
2560.0000000000887	9.867761691831316
2597.236057440151	9.955845425723169
2635.0137258074315	10.032354905018263
2673.340883014273	10.097364167505159
2712.225521559891	10.151161431320705
2751.6757501970797	10.194507819337124
2791.699795623158	10.228468265789056
2832.3060041955137	10.254018048915913
2873.502843672097	10.271784494809783
2915.2989049772345	10.28198990710228
2957.7029039931244	10.284594720385051
3000.723683377391	10.279535945672944
3044.370214407075	10.26670668407473
3088.6515988494466	10.245937671581517
3133.57707086003	10.217075082307506
3179.1559989082334	10.179912766584394
3225.3978877309914	10.13422355832689
3272.3123803148205	10.079914044354764
3319.9092599067053	10.016925632961094
3368.198452054235	9.945005619682533
3417.190026675413	9.864100665157983
3466.8942001585724	9.775170522366386
3517.3213374928373	9.680274790795814
3568.4819544295697	9.581506841889633
3620.386719675257	9.479802305991704
3673.0464571162966	9.37444946686574
3726.472148076138	9.264028176524821
3780.6749336052594	9.147651172275912
3835.6661168044484	9.025413314399604
3891.45716518188	8.8979114943364
3948.059713044477	8.765801902530637
4005.4855639240527	8.629293135410473
4063.746693038744	8.487272109569629
4122.855249790247	8.337632804447924
4182.823560297375	8.178677753118768
4243.664129966465	8.011267863230557
4305.389646099183	7.83755734964782
4368.012980538242	7.659002548824843
4431.5471923516225	7.475354274573663
4496.00553055582	7.2850573517802415
4561.401436878714	7.08788674527649
4627.748548562617	6.88661463374844
4695.060701208099	6.685917724010679
4763.351931659176	6.490223326164211
4832.63648093046	6.302578823836765
4902.928797176889	6.124765475923145
4974.243538706657	5.959932530054984
5046.595577037959	5.812764862163757
5120.000000000202	5.686544669960098
5194.472114880326	5.579776125293011
5270.027451614888	5.485933086892527
5346.6817660285715	5.397731867455814
5424.451043119808	5.310250052478497
5503.351500394186	5.222538298346419
5583.399591246343	5.136493373341598
5664.612008391055	5.054462746165827
5747.005687344222	4.976927003339885
5830.597809954497	4.902735489002287
5915.405807986278	4.8294477767993955
6001.447366754812	4.755661309874705
6088.740428814181	4.682714985750926
6177.303197698925	4.6140263031480195
6267.154141720092	4.553385677769458
6358.3119978165005	4.5029894798101155
6450.795775462017	4.4630755549393415
6544.624760629676	4.432056133322272
6639.818519813445	4.4078264276219326
6736.396904108505	4.388951628943947
6834.380053350861	4.375209665618732
6933.788400317181	4.367459378581033
7034.642674985712	4.366851071430305
7136.963908859177	4.373996449607075
7240.773439350552	4.389818927263636
7346.092914232631	4.416050778416374
7452.944296152315	4.4541234687273334
7561.349867210557	4.503153242631165
7671.332233608935	4.560328131629133
7782.914330363799	4.622914201006477
7896.119426088994	4.690397739416973
8010.971127848146	4.766064384111768
8127.49338607753	4.855256496750167
8245.710499580537	4.9620711294451985
8365.647120594791	5.087529922187565
8487.328259932974	5.230301948929679
8610.77929219841	5.387265776963914
8736.025961076528	5.553690888152296
8863.094384703289	5.724045570869218
8992.011061111683	5.892855075678328
9122.802873757471	6.051183088116234
9255.497097125279	6.184676857427322
9390.121402416245	6.275545141819424
9526.7038633184	6.306549072980377
9665.272961860968	6.262233482301131
9805.857594353829	6.131472464334057
9948.487077413367	5.910651944692512
10093.19115407597	5.603762729626621
10240.000000000457	5.222079732472246
10388.944229760706	4.7843135442936955
10540.05490322983	4.322121209909208
10693.363532057198	3.8769675502780228
10848.902086239672	3.4879280377867343
11006.703000788428	3.17794942286114
11166.799182492743	2.9520505483539097
11329.224016782166	2.8019795009098645
11494.0113746885	2.705071117470409
11661.195619909053	2.641273101331745
11830.811615972614	2.5999630668372626
12002.894733509682	2.5618328033994464
12177.48085762842	2.5146286282634747
12354.606395397908	2.463875586766404
12534.308283440243	2.419908487583399
12716.62399563306	2.39173464195108
12901.591550924093	2.375033275337948
13089.249521259411	2.3619300288224285
13279.637039626952	2.3520821765418924
13472.793808217073	2.351590227196929
13668.760106701786	2.3648103184681584
13867.576800634426	2.386339873170249
14069.285349971487	2.3989047743886
14273.927817718419	2.383118315908486
14481.54687870117	2.3300899281789844
14692.18582846533	2.2366225295679825
14905.888592304698	2.0994834790612993
15122.699734421185	1.9106421910330051
15342.664467217943	1.652897367583855
15565.828660727671	1.3084860056176617
15792.238852178061	0.8882963523642048
16021.942255696367	0.4079896015855086
16254.986772155136	-0.11862674828930728
16491.42099916115	-0.6930869573072143
16731.294241189662	-1.3125399809245735
16974.65651986603	-1.9633622703488984
17221.558584396902	-2.629342282629645
17472.051922153143	-3.300468884257027
17726.188769406665	-3.987781844295636
17984.022122223458	-4.6887039476737025
18245.605747515034	-5.392961525322467
18510.99419425065	-6.0991902660602975
18780.242804832582	-6.819411321732014
19053.40772663689	-7.528650724758158
19330.545923722028	-8.151101235829847
19611.71518870775	-8.610779133341907
19896.974154826825	-8.904612602402858
20186.382308152035	-9.088294483987568