* Measurement data measured by REW V5.31.3
* Source: Microphone (JadeAudio JA11), MICROPHONE (Master Volume), R, volume: 0.250
* Format: 512k Log Swept Sine, 1 sweep at -14.9 dBFS with no timing reference
* Dated: Jul 12, 2025 5:59:15 PM
* REW Settings:
*  C-weighting compensation: Off
*  Target level: 75.0 dB
* Note: 
* Measurement: R 64 Audio U12t (Deep)
* Smoothing: 1/24 octave
* Frequency Step: 96 ppo
* Start Frequency: 0.36621094 Hz
*
* Freq(Hz) SPL(dB) Phase(degrees)
0.366211 46.646 15.5136
0.368865 46.681 15.4858
0.371538 46.732 15.4474
0.374230 46.789 15.4046
0.376942 46.848 15.3603
0.379673 46.909 15.3155
0.382424 46.970 15.2703
0.385196 47.032 15.2251
0.387987 47.094 15.1797
0.390798 47.157 15.1341
0.393630 47.220 15.0884
0.396483 47.283 15.0426
0.399356 47.347 14.9967
0.402250 47.412 14.9506
0.405165 47.477 14.9043
0.408101 47.542 14.8579
0.411058 47.608 14.8114
0.414037 47.674 14.7646
0.417037 47.741 14.7178
0.420059 47.808 14.6707
0.423103 47.876 14.6235
0.426169 47.944 14.5761
0.429257 48.013 14.5285
0.432368 48.083 14.4808
0.435501 48.152 14.4328
0.438656 48.223 14.3846
0.441835 48.293 14.3363
0.445037 48.365 14.2877
0.448262 48.437 14.2389
0.451510 48.509 14.1899
0.454782 48.582 14.1407
0.458077 48.655 14.0912
0.461397 48.729 14.0415
0.464740 48.804 13.9915
0.468108 48.879 13.9413
0.471500 48.954 13.8908
0.474917 49.030 13.8400
0.478358 49.107 13.7890
0.481825 49.184 13.7376
0.485316 49.262 13.6860
0.488833 49.340 13.6341
0.492375 49.419 13.5818
0.495943 49.499 13.5293
0.499537 49.579 13.4764
0.503157 49.659 13.4232
0.506803 49.741 13.3697
0.510475 49.823 13.3157
0.514175 49.905 13.2615
0.517900 49.988 13.2069
0.521653 50.072 13.1518
0.525434 50.156 13.0964
0.529241 50.241 13.0406
0.533076 50.326 12.9844
0.536939 50.412 12.9278
0.540830 50.499 12.8708
0.544749 50.586 12.8133
0.548696 50.674 12.7553
0.552673 50.763 12.6970
0.556677 50.852 12.6381
0.560711 50.942 12.5788
0.564774 51.032 12.5190
0.568867 51.123 12.4961
0.572989 51.215 12.4891
0.577141 51.308 12.4820
0.581324 51.401 12.4747
0.585536 51.495 12.4673
0.589779 51.589 12.4597
0.594053 51.684 12.4520
0.598358 51.780 12.4441
0.602694 51.877 12.4361
0.607061 51.974 12.4278
0.611460 52.072 12.4194
0.615891 52.171 12.4108
0.620354 52.270 12.4020
0.624849 52.370 12.3930
0.629377 52.471 12.3837
0.633938 52.573 12.3743
0.638532 52.675 12.3646
0.643159 52.778 12.3546
0.647819 52.882 12.3445
0.652514 52.987 12.3340
0.657242 53.092 12.3233
0.662005 53.198 12.3123
0.666802 53.305 12.3010
0.671634 53.413 12.2895
0.676501 53.521 12.2776
0.681403 53.630 12.2655
0.686341 53.740 12.2530
0.691314 53.851 12.2402
0.696324 53.963 12.2271
0.701370 54.075 12.2137
0.706452 54.188 12.1999
0.711571 54.302 12.1858
0.716728 54.417 12.1713
0.721921 54.532 12.1565
0.727153 54.646 12.1414
0.732422 54.759 12.1263
0.737729 54.867 12.1114
0.743075 54.972 12.0971
0.748460 55.077 12.0836
0.753883 55.181 12.0709
0.759346 55.286 12.0591
0.764849 55.391 12.0481
0.770391 55.496 12.1002
0.775974 55.601 12.1700
0.781597 55.706 12.2412
0.787261 55.812 12.3138
0.792966 55.918 12.3877
0.798712 56.024 12.4630
0.804500 56.130 12.5396
0.810329 56.237 12.6176
0.816201 56.344 12.6969
0.822116 56.451 12.7776
0.828073 56.558 12.8596
0.834074 56.666 12.9429
0.840118 56.773 13.0275
0.846206 56.881 13.1134
0.852338 56.989 13.2006
0.858514 57.098 13.2891
0.864735 57.206 13.3789
0.871001 57.315 13.4700
0.877313 57.424 13.5623
0.883670 57.534 13.6559
0.890074 57.643 13.7508
0.896524 57.753 13.8470
0.903020 57.863 13.9444
0.909564 57.973 14.0431
0.916155 58.083 14.1430
0.922794 58.194 14.2441
0.929481 58.304 14.3465
0.936216 58.415 14.4502
0.943000 58.527 14.5551
0.949834 58.638 14.6612
0.956717 58.750 14.7685
0.963649 58.862 14.8771
0.970632 58.974 15.0289
0.977666 59.086 15.2037
0.984750 59.199 15.3802
0.991886 59.312 15.5583
0.999074 59.425 15.7382
1.006314 59.539 15.9197
1.013606 59.652 16.1030
1.020951 59.766 16.2879
1.028349 59.880 16.4745
1.035801 59.995 16.6628
1.043307 60.109 16.8529
1.050867 60.224 17.0446
1.058482 60.340 17.2381
1.066152 60.455 17.4332
1.073878 60.571 17.6301
1.081660 60.687 17.8288
1.089498 60.804 18.0294
1.097393 60.920 18.2320
1.105345 61.037 18.4372
1.113355 61.155 18.6452
1.121423 61.272 18.8564
1.129549 61.390 19.0709
1.137734 61.508 19.2884
1.145979 61.626 19.5090
1.154283 61.744 19.7326
1.162647 61.862 19.9590
1.171072 61.980 20.2333
1.179558 62.098 20.5405
1.188106 62.217 20.8509
1.196715 62.335 21.1644
1.205387 62.454 21.4811
1.214122 62.572 21.8007
1.222920 62.691 22.1233
1.231782 62.809 22.4487
1.240708 62.928 22.7770
1.249699 63.046 23.1081
1.258754 63.164 23.4418
1.267876 63.282 23.7782
1.277063 63.400 24.1172
1.286318 63.518 24.4588
1.295639 63.635 24.8028
1.305027 63.752 25.1494
1.314484 63.869 25.4983
1.324009 63.986 25.8496
1.333604 64.102 26.2032
1.343268 64.217 26.5592
1.353002 64.333 26.9174
1.362806 64.448 27.2778
1.372681 64.562 27.6465
1.382628 64.676 28.0204
1.392647 64.790 28.3964
1.402739 64.902 28.7747
1.412904 65.014 29.1551
1.423142 65.126 29.5376
1.433455 65.237 29.9224
1.443843 65.347 30.3094
1.454305 65.456 30.6990
1.464844 65.564 31.0919
1.475459 65.670 31.4896
1.486150 65.775 31.8930
1.496920 65.879 32.3028
1.507767 65.981 32.7187
1.518693 66.081 33.1404
1.529698 66.180 33.5677
1.540783 66.277 34.0001
1.551948 66.373 34.4371
1.563194 66.468 34.8785
1.574521 66.562 35.3310
1.585931 66.654 35.7894
1.597423 66.745 36.2511
1.608999 66.835 36.7157
1.620658 66.925 37.1830
1.632402 67.013 37.6525
1.644232 67.101 38.1241
1.656146 67.188 38.5972
1.668147 67.275 39.0717
1.680235 67.361 39.5473
1.692411 67.448 40.0237
1.704675 67.534 40.5006
1.717028 67.620 40.9778
1.729470 67.706 41.4550
1.742003 67.793 41.9320
1.754626 67.880 42.4085
1.767341 67.968 42.8866
1.780147 68.057 43.3819
1.793047 68.147 43.8764
1.806040 68.238 44.3702
1.819128 68.330 44.8638
1.832310 68.423 45.3587
1.845587 68.517 45.8574
1.858961 68.611 46.3619
1.872432 68.706 46.8729
1.886001 68.801 47.3905
1.899667 68.895 47.9140
1.913433 68.990 48.4430
1.927299 69.085 48.9767
1.941265 69.180 49.5145
1.955332 69.275 50.0559
1.969501 69.370 50.6005
1.983773 69.465 51.1483
1.998148 69.560 51.6980
2.012627 69.654 52.2490
2.027212 69.749 52.8008
2.041902 69.843 53.3529
2.056698 69.938 53.9049
2.071602 70.032 54.4562
2.086614 70.126 55.0066
2.101734 70.220 55.5554
2.116964 70.314 56.1024
2.132304 70.407 56.6472
2.147756 70.500 57.1894
2.163320 70.593 57.7290
2.178996 70.685 58.2390
2.194786 70.777 58.7420
2.210690 70.869 59.2464
2.226710 70.960 59.7553
2.242845 71.051 60.2698
2.259098 71.142 60.7901
2.275468 71.232 61.3157
2.291957 71.322 61.8458
2.308566 71.411 62.3799
2.325295 71.500 62.9171
2.342145 71.589 63.4567
2.359117 71.676 63.9980
2.376212 71.764 64.5122
2.393431 71.851 65.0074
2.410775 71.938 65.5020
2.428244 72.024 65.9954
2.445840 72.109 66.4871
2.463564 72.195 66.9763
2.481416 72.279 67.4626
2.499397 72.363 67.9455
2.517509 72.447 68.4246
2.535752 72.530 68.8997
2.554127 72.612 69.3716
2.572635 72.694 69.8199
2.591277 72.775 70.2298
2.610055 72.855 70.6427
2.628968 72.935 71.0592
2.648019 73.014 71.4790
2.667208 73.091 71.9017
2.686535 73.168 72.3268
2.706003 73.245 72.7539
2.725612 73.320 73.1822
2.745363 73.395 73.6113
2.765257 73.469 74.0405
2.785295 73.542 74.4013
2.805478 73.614 74.7580
2.825808 73.686 75.1127
2.846285 73.757 75.4648
2.866910 73.828 75.8139
2.887685 73.898 76.1594
2.908611 73.967 76.5014
2.929688 74.035 76.8405
2.950917 74.103 77.1781
2.972301 74.170 77.4956
2.993839 74.236 77.7649
3.015534 74.300 78.0355
3.037386 74.364 78.3072
3.059396 74.427 78.5802
3.081565 74.489 78.8542
3.103896 74.549 79.1292
3.126388 74.609 79.4050
3.149043 74.668 79.6813
3.171862 74.727 79.9378
3.194847 74.784 80.1355
3.217998 74.840 80.3324
3.241317 74.896 80.5281
3.264805 74.951 80.7223
3.288463 75.005 80.9149
3.312293 75.059 81.1059
3.336295 75.111 81.2956
3.360471 75.162 81.4848
3.384822 75.212 81.6198
3.409350 75.260 81.7389
3.434056 75.308 81.8587
3.458940 75.355 81.9795
3.484005 75.400 82.1017
3.509252 75.445 82.2257
3.534681 75.488 82.3518
3.560295 75.531 82.4802
3.586094 75.573 82.5542
3.612081 75.614 82.6139
3.638255 75.655 82.6753
3.664620 75.694 82.7376
3.691175 75.733 82.7997
3.717923 75.771 82.8611
3.744864 75.807 82.9220
3.772001 75.843 82.9693
3.799335 75.877 82.9685
3.826866 75.910 82.9694
3.854597 75.942 82.9729
3.882529 75.973 82.9799
3.910664 76.004 82.9911
3.939002 76.033 83.0074
3.967546 76.062 83.0257
3.996296 76.091 82.9881
4.025255 76.118 82.9552
4.054423 76.145 82.9253
4.083804 76.170 82.8970
4.113396 76.195 82.8699
4.143204 76.218 82.8445
4.173227 76.241 82.8085
4.203468 76.262 82.7338
4.233928 76.283 82.6635
4.264609 76.303 82.5989
4.295512 76.323 82.5409
4.326639 76.342 82.4904
4.357992 76.361 82.4481
4.389572 76.379 82.3735
4.421380 76.397 82.2917
4.453419 76.414 82.2144
4.485691 76.431 82.1411
4.518196 76.446 82.0721
4.550936 76.461 82.0079
4.583914 76.476 81.9234
4.617131 76.491 81.8232
4.650589 76.505 81.7299
4.684289 76.519 81.6443
4.718233 76.534 81.5672
4.752424 76.549 81.4986
4.786862 76.564 81.4106
4.821549 76.579 81.3115
4.856488 76.594 81.2186
4.891680 76.609 81.1317
4.927127 76.624 81.0508
4.962831 76.640 80.9759
4.998794 76.655 80.8690
5.035017 76.672 80.7646
5.071503 76.688 80.6663
5.108253 76.705 80.5743
5.145270 76.723 80.4890
5.182555 76.742 80.3933
5.220110 76.761 80.2825
5.257937 76.780 80.1772
5.296038 76.800 80.0769
5.334415 76.820 79.9811
5.373071 76.842 79.8827
5.412006 76.864 79.7582
5.451224 76.886 79.6366
5.490725 76.910 79.5177
5.530514 76.934 79.4018
5.570590 76.959 79.2857
5.610957 76.986 79.1446
5.651616 77.013 79.0063
5.692570 77.040 78.8702
5.733821 77.069 78.7359
5.775370 77.097 78.5958
5.817221 77.127 78.4326
5.859375 77.157 78.2694
5.901834 77.188 78.1062
5.944602 77.219 77.9432
5.987679 77.251 77.7671
6.031068 77.284 77.5783
6.074771 77.317 77.3903
6.118792 77.351 77.2034
6.163131 77.385 77.0176
6.207792 77.419 76.8093
6.252776 77.453 76.5997
6.298086 77.487 76.3897
6.343725 77.522 76.1796
6.389694 77.556 75.9589
6.435996 77.592 75.7292
6.482634 77.627 75.5023
6.529610 77.662 75.2789
6.576926 77.698 75.0551
6.624585 77.734 74.8195
6.672590 77.770 74.5864
6.720942 77.806 74.3559
6.769645 77.842 74.1272
6.818700 77.879 73.8865
6.868111 77.916 73.6513
6.917881 77.954 73.4224
6.968010 77.993 73.1998
7.018504 78.032 72.9682
7.069362 78.071 72.7425
7.120590 78.111 72.5223
7.172189 78.152 72.3057
7.224161 78.194 72.0821
7.276511 78.238 71.8640
7.329239 78.282 71.6520
7.382350 78.328 71.4427
7.435845 78.376 71.2311
7.489729 78.425 71.0245
7.544002 78.475 70.8211
7.598669 78.527 70.6134
7.653732 78.581 70.4020
7.709194 78.637 70.1909
7.765058 78.695 69.9811
7.821327 78.755 69.7640
7.878004 78.816 69.5461
7.935091 78.880 69.3251
7.992592 78.944 69.0956
8.050510 79.011 68.8556
8.108847 79.079 68.6086
8.167607 79.149 68.3552
8.226793 79.220 68.0901
8.286408 79.293 67.8176
8.346454 79.366 67.5364
8.406936 79.439 67.2424
8.467856 79.513 66.9363
8.529218 79.587 66.6197
8.591024 79.661 66.2923
8.653278 79.736 65.9552
8.715983 79.809 65.6113
8.779143 79.881 65.2607
8.842760 79.953 64.9019
8.906839 80.023 64.5357
8.971381 80.092 64.1640
9.036392 80.160 63.7903
9.101873 80.226 63.4179
9.167829 80.291 63.0484
9.234263 80.354 62.6813
9.301178 80.416 62.3162
9.368578 80.475 61.9558
9.436467 80.534 61.6055
9.504847 80.591 61.2668
9.573723 80.647 60.9409
9.643099 80.702 60.6278
9.712976 80.755 60.3266
9.783361 80.808 60.0396
9.854255 80.862 59.7702
9.925663 80.915 59.5175
9.997588 80.969 59.2812
10.070035 81.023 59.0683
10.143007 81.078 58.8691
10.216507 81.134 58.6823
10.290540 81.192 58.5076
10.365109 81.251 58.3450
10.440219 81.311 58.1927
10.515873 81.373 58.0472
10.592076 81.436 57.9054
10.668830 81.501 57.7658
10.746141 81.568 57.6284
10.824012 81.636 57.4918
10.902447 81.705 57.3533
10.981451 81.775 57.2104
11.061027 81.845 57.0631
11.141180 81.915 56.9110
11.221913 81.986 56.7542
11.303232 82.057 56.5924
11.385140 82.126 56.4252
11.467641 82.196 56.2526
11.550741 82.264 56.0760
11.634442 82.331 55.8975
11.718750 82.397 55.7187
11.803669 82.462 55.5401
11.889203 82.525 55.3623
11.975357 82.586 55.1871
12.062136 82.645 55.0005
12.149543 82.703 54.8132
12.237583 82.759 54.6314
12.326262 82.813 54.4552
12.415583 82.867 54.2849
12.505552 82.921 54.1208
12.596172 82.974 53.9627
12.687449 83.027 53.8093
12.779387 83.080 53.6595
12.871992 83.132 53.5123
12.965268 83.183 53.3673
13.059220 83.234 53.1907
13.153852 83.284 52.9946
13.249170 83.332 52.7979
13.345179 83.380 52.6007
13.441884 83.426 52.4039
13.539289 83.471 52.2083
13.637401 83.514 52.0144
13.736223 83.556 51.8231
13.835761 83.596 51.6368
13.936021 83.634 51.4577
14.037007 83.671 51.2621
14.138725 83.706 51.0324
14.241180 83.740 50.8131
14.344377 83.774 50.6054
14.448323 83.807 50.4093
14.553021 83.839 50.2236
14.658478 83.873 50.0473
14.764700 83.907 49.8795
14.871691 83.942 49.7181
14.979457 83.979 49.5594
15.088005 84.017 49.3492
15.197339 84.058 49.1250
15.307465 84.099 48.8963
15.418389 84.140 48.6605
15.530117 84.181 48.4169
15.642655 84.222 48.1662
15.756008 84.261 47.9092
15.870182 84.300 47.6469
15.985184 84.337 47.3823
16.101019 84.373 47.0805
16.217694 84.409 46.7778
16.335214 84.443 46.4828
16.453586 84.476 46.1994
16.572815 84.509 45.9305
16.692909 84.542 45.6764
16.813872 84.576 45.4361
16.935713 84.614 45.2086
17.058436 84.654 44.9805
17.182048 84.699 44.7444
17.306556 84.747 44.5045
17.431967 84.800 44.2555
17.558286 84.855 43.9892
17.685521 84.913 43.6990
17.813677 84.973 43.3820
17.942762 85.033 43.0353
18.072783 85.092 42.6581
18.203746 85.149 42.2538
18.335658 85.203 41.8280
18.468526 85.252 41.3862
18.602356 85.295 40.9381
18.737156 85.333 40.4946
18.872934 85.366 40.0637
19.009695 85.394 39.6557
19.147447 85.420 39.2882
19.286197 85.444 38.9546
19.425953 85.468 38.6565
19.566721 85.494 38.3934
19.708510 85.522 38.1593
19.851326 85.555 37.9462
19.995177 85.592 37.7462
20.140070 85.634 37.5546
20.286013 85.680 37.3559
20.433014 85.730 37.1435
20.581080 85.781 36.9118
20.730219 85.833 36.6596
20.880439 85.883 36.3891
21.031747 85.931 36.1032
21.184152 85.977 35.8049
21.337661 86.019 35.5066
21.492282 86.059 35.2140
21.648024 86.098 34.9325
21.804895 86.136 34.6645
21.962902 86.174 34.4085
22.122054 86.213 34.1438
22.282360 86.255 33.8759
22.443827 86.298 33.6019
22.606464 86.343 33.3151
22.770280 86.388 33.0089
22.935283 86.433 32.6805
23.101481 86.475 32.3105
23.268884 86.514 31.9097
23.437500 86.547 31.4994
23.607338 86.575 31.0892
23.778406 86.597 30.6902
23.950714 86.614 30.3132
24.124271 86.629 29.9425
24.299086 86.642 29.5962
24.475167 86.655 29.2827
24.652524 86.671 28.9971
24.831166 86.690 28.7318
25.011103 86.714 28.4744
25.192344 86.741 28.1946
25.374898 86.772 27.9048
25.558775 86.805 27.5996
25.743984 86.838 27.2766
25.930536 86.871 26.9366
26.118439 86.904 26.5769
26.307704 86.934 26.2045
26.498341 86.963 25.8282
26.690359 86.991 25.4511
26.883768 87.017 25.0748
27.078579 87.043 24.7004
27.274801 87.068 24.3276
27.472446 87.092 23.9553
27.671522 87.115 23.5847
27.872042 87.136 23.2197
28.074014 87.155 22.8683
28.277450 87.173 22.5389
28.482360 87.191 22.2312
28.688755 87.210 21.9471
28.896645 87.231 21.6838
29.106042 87.257 21.4356
29.316957 87.288 21.1905
29.529400 87.323 20.9323
29.743382 87.362 20.6485
29.958915 87.402 20.3314
30.176009 87.441 19.9780
30.394677 87.477 19.5957
30.614929 87.508 19.1966
30.836778 87.533 18.7948
31.060234 87.554 18.4000
31.285309 87.573 18.0155
31.512015 87.590 17.6504
31.740364 87.609 17.2994
31.970368 87.629 16.9525
32.202039 87.651 16.5843
32.435388 87.673 16.1998
32.670428 87.693 15.8002
32.907171 87.710 15.3900
33.145630 87.722 14.9682
33.385817 87.731 14.5497
33.627745 87.737 14.1504
33.871425 87.742 13.7746
34.116871 87.748 13.4143
34.364096 87.756 13.0629
34.613113 87.766 12.7192
34.863934 87.778 12.3771
35.116572 87.792 12.0299
35.371041 87.806 11.6770
35.627354 87.821 11.3233
35.885525 87.838 10.9682
36.145566 87.857 10.6081
36.407492 87.878 10.2366
36.671316 87.900 9.8474
36.937051 87.923 9.4364
37.204712 87.943 9.0080
37.474313 87.961 8.5679
37.745867 87.975 8.1263
38.019389 87.985 7.6949
38.294893 87.994 7.2835
38.572394 88.002 6.8912
38.851905 88.010 6.5142
39.133442 88.020 6.1452
39.417019 88.031 5.7789
39.702651 88.041 5.4151
39.990353 88.051 5.0555
40.280140 88.061 4.6973
40.572026 88.071 4.3449
40.866028 88.082 3.9939
41.162160 88.093 3.6325
41.460438 88.104 3.2561
41.760877 88.113 2.8687
42.063494 88.117 2.4752
42.368303 88.118 2.0822
42.675322 88.116 1.7080
42.984565 88.113 1.3572
43.296048 88.112 1.0187
43.609789 88.114 0.6856
43.925804 88.118 0.3421
44.244108 88.124 -0.0285
44.564719 88.130 -0.4284
44.887654 88.133 -0.8531
45.212928 88.132 -1.2945
45.540560 88.127 -1.7404
45.870565 88.119 -2.1793
46.202962 88.109 -2.6041
46.537768 88.098 -3.0124
46.875000 88.088 -3.4065
47.214676 88.080 -3.7929
47.556813 88.072 -4.1767
47.901429 88.066 -4.5590
48.248542 88.059 -4.9355
48.598171 88.052 -5.2963
48.950334 88.046 -5.6340
49.305048 88.045 -5.9547
49.662333 88.049 -6.2718
50.022206 88.060 -6.6095
50.384688 88.073 -6.9914
50.749796 88.084 -7.4170
51.117550 88.088 -7.8698
51.487969 88.085 -8.3208
51.861072 88.076 -8.7416
52.236879 88.065 -9.1245
52.615409 88.056 -9.4789
52.996681 88.050 -9.8244
53.380717 88.045 -10.1802
53.767536 88.040 -10.5453
54.157158 88.032 -10.9120
54.549603 88.022 -11.2712
54.944892 88.013 -11.6193
55.343045 88.005 -11.9657
55.744084 87.998 -12.3170
56.148028 87.990 -12.6772
56.554900 87.982 -13.0429
56.964720 87.972 -13.4061
57.377510 87.962 -13.7672
57.793291 87.952 -14.1273
58.212085 87.942 -14.4916
58.633914 87.931 -14.8609
59.058799 87.919 -15.2295
59.486764 87.905 -15.5907
59.917829 87.891 -15.9420
60.352019 87.877 -16.2909
60.789354 87.865 -16.6431
61.229859 87.853 -17.0044
61.673556 87.840 -17.3745
62.120468 87.826 -17.7494
62.570618 87.812 -18.1277
63.024031 87.798 -18.5099
63.480729 87.784 -18.8988
63.940736 87.769 -19.2911
64.404077 87.753 -19.6817
64.870776 87.736 -20.0602
65.340856 87.721 -20.4269
65.814343 87.709 -20.7870
66.291261 87.698 -21.1529
66.771635 87.688 -21.5317
67.255489 87.677 -21.9205
67.742850 87.662 -22.3070
68.233743 87.645 -22.6777
68.728193 87.626 -23.0288
69.226226 87.608 -23.3678
69.727867 87.591 -23.7065
70.233144 87.571 -24.0504
70.742083 87.550 -24.3936
71.254709 87.527 -24.7255
71.771050 87.505 -25.0442
72.291132 87.485 -25.3630
72.814984 87.469 -25.7011
73.342631 87.452 -26.0681
73.874102 87.433 -26.4532
74.409424 87.412 -26.8396
74.948626 87.390 -27.2179
75.491734 87.368 -27.5920
76.038779 87.347 -27.9638
76.589787 87.324 -28.3321
77.144788 87.302 -28.6919
77.703811 87.280 -29.0453
78.266885 87.258 -29.3973
78.834039 87.236 -29.7506
79.405303 87.214 -30.1074
79.980706 87.193 -30.4737
80.560280 87.171 -30.8535
81.144053 87.146 -31.2412
81.732056 87.120 -31.6237
82.324320 87.094 -31.9932
82.920876 87.069 -32.3548
83.521755 87.047 -32.7201
84.126988 87.024 -33.0921
84.736607 87.000 -33.4635
85.350643 86.975 -33.8219
85.969129 86.949 -34.1602
86.592097 86.923 -34.4805
87.219579 86.899 -34.7907
87.851608 86.877 -35.1038
88.488217 86.854 -35.4310
89.129439 86.831 -35.7724
89.775308 86.804 -36.1205
90.425856 86.776 -36.4665
91.081119 86.747 -36.8049
91.741131 86.719 -37.1348
92.405925 86.692 -37.4616
93.075536 86.666 -37.7930
93.750000 86.640 -38.1286
94.429351 86.612 -38.4590
95.113625 86.585 -38.7791
95.802858 86.559 -39.0974
96.497085 86.532 -39.4247
97.196342 86.504 -39.7617
97.900667 86.474 -40.1028
98.610096 86.443 -40.4446
99.324665 86.411 -40.7846
100.044413 86.380 -41.1220
100.769376 86.350 -41.4639
101.499592 86.321 -41.8208
102.235100 86.290 -42.1853
102.975938 86.255 -42.5270
103.722144 86.221 -42.8290
104.473757 86.191 -43.1085
105.230817 86.165 -43.3904
105.993363 86.140 -43.6818
106.761435 86.116 -43.9897
107.535072 86.091 -44.3245
108.314315 86.062 -44.6771
109.099206 86.030 -45.0228
109.889783 85.996 -45.3467
110.686090 85.963 -45.6503
111.488167 85.932 -45.9437
112.296056 85.905 -46.2428
113.109800 85.879 -46.5601
113.929440 85.851 -46.8987
114.755020 85.821 -47.2503
115.586582 85.787 -47.6010
116.424170 85.751 -47.9396
117.267827 85.714 -48.2651
118.117598 85.678 -48.5778
118.973527 85.643 -48.8764
119.835658 85.611 -49.1674
120.704037 85.584 -49.4651
121.578708 85.558 -49.7807
122.459718 85.532 -50.1124
123.347111 85.506 -50.4493
124.240935 85.480 -50.7878
125.141236 85.454 -51.1344
126.048061 85.427 -51.5032
126.961458 85.394 -51.8891
127.881473 85.355 -52.2431
128.808154 85.315 -52.5370
129.741551 85.279 -52.8103
130.681712 85.244 -53.0915
131.628686 85.207 -53.3707
132.582521 85.169 -53.6350
133.543269 85.131 -53.8886
134.510979 85.096 -54.1453
135.485701 85.061 -54.4196
136.467486 85.027 -54.7136
137.456386 84.991 -55.0183
138.452451 84.956 -55.3405
139.455735 84.918 -55.6748
140.466288 84.879 -55.9848
141.484165 84.843 -56.2607
142.509418 84.813 -56.5305
143.542100 84.786 -56.8234
144.582265 84.757 -57.1355
145.629968 84.721 -57.4151
146.685262 84.684 -57.6293
147.748204 84.648 -57.7986
148.818849 84.616 -57.9559
149.897251 84.587 -58.1313
150.983469 84.560 -58.3433
152.077557 84.535 -58.5967
153.179574 84.512 -58.8881
154.289576 84.491 -59.2042
155.407622 84.473 -59.5397
156.533770 84.456 -59.8870
157.668078 84.439 -60.2340
158.810606 84.422 -60.5805
159.961413 84.401 -60.9281
161.120559 84.377 -61.2641
162.288105 84.352 -61.5977
163.464112 84.325 -61.9444
164.648640 84.298 -62.2968
165.841752 84.270 -62.6528
167.043510 84.240 -63.0227
168.253976 84.206 -63.3845
169.473213 84.169 -63.7011
170.701286 84.136 -63.9832
171.938258 84.106 -64.2755
173.184194 84.076 -64.5965
174.439158 84.043 -64.9325
175.703216 84.007 -65.2709
176.976434 83.971 -65.6044
178.258878 83.937 -65.9314
179.550615 83.906 -66.2553
180.851713 83.879 -66.5906
182.162239 83.852 -66.9319
183.482262 83.823 -67.2601
184.811850 83.792 -67.5639
186.151073 83.759 -67.8492
187.500000 83.725 -68.1327
188.858702 83.691 -68.4192
190.227250 83.658 -68.7080
191.605715 83.628 -68.9939
192.994169 83.602 -69.2813
194.392685 83.577 -69.5893
195.801334 83.552 -69.9165
197.220191 83.523 -70.2528
198.649330 83.492 -70.5890
200.088825 83.459 -70.9088
201.538751 83.428 -71.2073
202.999184 83.398 -71.4910
204.470200 83.370 -71.7705
205.951875 83.344 -72.0595
207.444287 83.319 -72.3830
208.947514 83.291 -72.7363
210.461634 83.263 -73.0837
211.986726 83.235 -73.4071
213.522869 83.207 -73.7142
215.070144 83.177 -74.0212
216.628631 83.145 -74.3358
218.198411 83.111 -74.6626
219.779567 83.080 -75.0004
221.372180 83.055 -75.3321
222.976334 83.035 -75.6433
224.592112 83.017 -75.9248
226.219600 82.999 -76.1883
227.858880 82.978 -76.4608
229.510039 82.954 -76.7681
231.173164 82.927 -77.1114
232.848340 82.900 -77.4641
234.535655 82.872 -77.7932
236.235197 82.847 -78.0894
237.947054 82.825 -78.3817
239.671317 82.803 -78.6968
241.408074 82.781 -79.0371
243.157416 82.759 -79.3909
244.919435 82.737 -79.7370
246.694223 82.718 -80.0578
248.481871 82.700 -80.3657
250.282473 82.681 -80.6671
252.096123 82.659 -80.9606
253.922915 82.636 -81.2560
255.762945 82.615 -81.5843
257.616309 82.596 -81.9496
259.483103 82.578 -82.3196
261.363424 82.560 -82.6709
263.257372 82.541 -83.0065
265.165043 82.521 -83.3453
267.086538 82.502 -83.6996
269.021957 82.484 -84.0711
270.971401 82.469 -84.4429
272.934972 82.456 -84.7988
274.912771 82.442 -85.1458
276.904902 82.427 -85.4988
278.911469 82.410 -85.8610
280.932577 82.393 -86.2282
282.968330 82.379 -86.5918
285.018835 82.368 -86.9513
287.084199 82.357 -87.3121
289.164530 82.346 -87.6823
291.259935 82.333 -88.0579
293.370525 82.319 -88.4375
295.496408 82.306 -88.8215
297.637697 82.294 -89.2140
299.794503 82.283 -89.6130
301.966937 82.274 -90.0157
304.155114 82.265 -90.4132
306.359147 82.255 -90.7956
308.579152 82.242 -91.1570
310.815244 82.229 -91.5103
313.067539 82.216 -91.8828
315.336156 82.206 -92.2906
317.621211 82.200 -92.7271
319.922826 82.196 -93.1714
322.241118 82.193 -93.6059
324.576210 82.189 -94.0251
326.928223 82.185 -94.4414
329.297280 82.182 -94.8631
331.683504 82.178 -95.2946
334.087019 82.174 -95.7301
336.507952 82.169 -96.1618
338.946427 82.164 -96.5905
341.402572 82.160 -97.0222
343.876516 82.155 -97.4633
346.368387 82.152 -97.9218
348.878315 82.150 -98.3956
351.406431 82.148 -98.8754
353.952867 82.148 -99.3516
356.517756 82.148 -99.8165
359.101230 82.150 -100.2761
361.703426 82.151 -100.7418
364.324478 82.152 -101.2197
366.964523 82.152 -101.7000
369.623699 82.152 -102.1750
372.302145 82.152 -102.6510
375.000000 82.153 -103.1417
377.717405 82.155 -103.6500
380.454501 82.159 -104.1667
383.211431 82.164 -104.6854
385.988339 82.169 -105.2055
388.785369 82.174 -105.7339
391.602668 82.179 -106.2715
394.440383 82.183 -106.8140
397.298660 82.189 -107.3543
400.177650 82.195 -107.8949
403.077502 82.201 -108.4388
405.998368 82.207 -108.9898
408.940400 82.213 -109.5468
411.903750 82.220 -110.1071
414.888575 82.227 -110.6708
417.895028 82.234 -111.2404
420.923268 82.241 -111.8205
423.973452 82.249 -112.4125
427.045738 82.256 -113.0188
430.140287 82.264 -113.6318
433.257261 82.272 -114.2445
436.396822 82.280 -114.8570
439.559133 82.290 -115.4729
442.744360 82.299 -116.0916
445.952668 82.308 -116.7100
449.184225 82.317 -117.3326
452.439199 82.325 -117.9684
455.717760 82.334 -118.6208
459.020079 82.344 -119.2846
462.346327 82.354 -119.9556
465.696680 82.364 -120.6290
469.071310 82.374 -121.3064
472.470394 82.383 -121.9897
475.894109 82.392 -122.6799
479.342634 82.400 -123.3756
482.816148 82.408 -124.0734
486.314833 82.417 -124.7733
489.838871 82.426 -125.4817
493.388445 82.436 -126.1967
496.963741 82.447 -126.9140
500.564945 82.458 -127.6325
504.192245 82.468 -128.3539
507.845830 82.477 -129.0797
511.525890 82.486 -129.8173
515.232618 82.494 -130.5732
518.966206 82.501 -131.3392
522.726849 82.509 -132.1064
526.514743 82.517 -132.8698
530.330086 82.525 -133.6294
534.173076 82.531 -134.3940
538.043915 82.538 -135.1675
541.942803 82.544 -135.9508
545.869944 82.550 -136.7411
549.825542 82.555 -137.5405
553.809805 82.559 -138.3452
557.822939 82.563 -139.1514
561.865154 82.566 -139.9557
565.936660 82.568 -140.7621
570.037671 82.569 -141.5714
574.168399 82.571 -142.3808
578.329060 82.573 -143.1896
582.519870 82.575 -143.9985
586.741049 82.578 -144.8094
590.992817 82.580 -145.6176
595.275394 82.580 -146.4207
599.589005 82.579 -147.2289
603.933874 82.576 -148.0482
608.310228 82.573 -148.8754
612.718295 82.570 -149.7040
617.158304 82.567 -150.5296
621.630488 82.563 -151.3534
626.135079 82.557 -152.1759
630.672311 82.551 -152.9944
635.242423 82.545 -153.8087
639.845651 82.539 -154.6223
644.482237 82.533 -155.4383
649.152421 82.526 -156.2575
653.856447 82.518 -157.0777
658.594560 82.510 -157.8987
663.367008 82.501 -158.7177
668.174039 82.492 -159.5278
673.015903 82.483 -160.3304
677.892854 82.472 -161.1277
682.805145 82.461 -161.9249
687.753032 82.450 -162.7171
692.736774 82.437 -163.5022
697.756631 82.424 -164.2830
702.812863 82.411 -165.0618
707.905735 82.398 -165.8380
713.035511 82.385 -166.6077
718.202461 82.371 -167.3731
723.406852 82.358 -168.1316
728.648956 82.344 -168.8835
733.929047 82.330 -169.6257
739.247399 82.316 -170.3625
744.604290 82.302 -171.0960
750.000000 82.288 -171.8271
755.434809 82.274 -172.5507
760.909001 82.260 -173.2647
766.422861 82.246 -173.9712
771.976677 82.233 -174.6697
777.570739 82.220 -175.3616
783.205337 82.207 -176.0439
788.880766 82.195 -176.7179
794.597321 82.184 -177.3845
800.355301 82.173 -178.0457
806.155005 82.164 -178.7003
811.996736 82.155 -179.3488
817.880799 82.147 -179.9931
823.807501 82.141 179.3683
829.777150 82.135 178.7402
835.790057 82.129 178.1262
841.846536 82.125 177.5228
847.946903 82.122 176.9242
854.091476 82.120 176.3273
860.280575 82.119 175.7321
866.514523 82.120 175.1409
872.793644 82.123 174.5580
879.118267 82.126 173.9828
885.488720 82.129 173.4140
891.905336 82.134 172.8521
898.368450 82.140 172.2962
904.878398 82.149 171.7433
911.435520 82.158 171.1931
918.040157 82.169 170.6447
924.692655 82.181 170.0991
931.393359 82.195 169.5555
938.142619 82.211 169.0151
944.940787 82.228 168.4782
951.788218 82.247 167.9441
958.685268 82.267 167.4126
965.632296 82.290 166.8819
972.629666 82.313 166.3495
979.677741 82.338 165.8144
986.776890 82.365 165.2784
993.927482 82.393 164.7436
1001.129891 82.422 164.2089
1008.384491 82.452 163.6745
1015.691660 82.484 163.1379
1023.051781 82.517 162.5950
1030.465236 82.552 162.0461
1037.932411 82.589 161.4901
1045.453698 82.627 160.9283
1053.029486 82.667 160.3636
1060.660172 82.708 159.7964
1068.346153 82.750 159.2234
1076.087829 82.792 158.6454
1083.885605 82.835 158.0609
1091.739887 82.879 157.4710
1099.651084 82.923 156.8763
1107.619609 82.968 156.2765
1115.645878 83.013 155.6719
1123.730308 83.060 155.0651
1131.873321 83.107 154.4526
1140.075341 83.154 153.8328
1148.336797 83.202 153.2064
1156.658119 83.250 152.5751
1165.039741 83.297 151.9397
1173.482099 83.343 151.3021
1181.985634 83.390 150.6625
1190.550789 83.436 150.0191
1199.178011 83.483 149.3718
1207.867749 83.529 148.7208
1216.620457 83.575 148.0670
1225.436590 83.620 147.4124
1234.316609 83.665 146.7597
1243.260976 83.709 146.1092
1252.270157 83.753 145.4623
1261.344623 83.797 144.8163
1270.484846 83.842 144.1696
1279.691303 83.886 143.5235
1288.964474 83.931 142.8790
1298.304842 83.976 142.2389
1307.712894 84.020 141.6041
1317.189120 84.064 140.9722
1326.734016 84.108 140.3394
1336.348077 84.154 139.7056
1346.031806 84.200 139.0737
1355.785708 84.246 138.4461
1365.610290 84.291 137.8248
1375.506065 84.337 137.2130
1385.473549 84.382 136.6092
1395.513261 84.428 136.0079
1405.625726 84.475 135.4080
1415.811469 84.522 134.8114
1426.071023 84.571 134.2197
1436.404921 84.621 133.6322
1446.813703 84.672 133.0500
1457.297912 84.723 132.4724
1467.858093 84.775 131.9009
1478.494798 84.827 131.3335
1489.208581 84.881 130.7667
1500.000000 84.935 130.2011
1510.869618 84.991 129.6383
1521.818002 85.048 129.0804
1532.845723 85.107 128.5233
1543.953355 85.168 127.9639
1555.141477 85.230 127.4061
1566.410674 85.294 126.8495
1577.761531 85.361 126.2938
1589.194642 85.429 125.7363
1600.710601 85.499 125.1782
1612.310010 85.571 124.6181
1623.993473 85.644 124.0564
1635.761599 85.720 123.4914
1647.615002 85.798 122.9218
1659.554299 85.878 122.3462
1671.580114 85.960 121.7636
1683.693072 86.044 121.1735
1695.893807 86.130 120.5759
1708.182952 86.219 119.9684
1720.561150 86.310 119.3468
1733.029045 86.403 118.7071
1745.587288 86.499 118.0504
1758.236533 86.597 117.3763
1770.977440 86.698 116.6848
1783.810673 86.800 115.9745
1796.736900 86.904 115.2420
1809.756796 87.009 114.4861
1822.871040 87.114 113.7090
1836.080315 87.221 112.9053
1849.385310 87.329 112.0696
1862.786718 87.439 111.2021
1876.285239 87.550 110.3055
1889.881575 87.660 109.3791
1903.576436 87.770 108.4216
1917.370535 87.879 107.4301
1931.264593 87.987 106.4059
1945.259332 88.093 105.3465
1959.355483 88.197 104.2454
1973.553781 88.300 103.1000
1987.854965 88.400 101.9128
2002.259781 88.496 100.6868
2016.768981 88.588 99.4258
2031.383320 88.675 98.1295
2046.103561 88.757 96.8006
2060.930471 88.833 95.4372
2075.864823 88.903 94.0357
2090.907395 88.965 92.6006
2106.058972 89.018 91.1359
2121.320344 89.062 89.6511
2136.692305 89.098 88.1511
2152.175658 89.124 86.6390
2167.771210 89.141 85.1150
2183.479774 89.149 83.5854
2199.302169 89.147 82.0562
2215.239219 89.135 80.5342
2231.291755 89.113 79.0293
2247.460615 89.082 77.5488
2263.746641 89.041 76.0948
2280.150683 88.993 74.6710
2296.673595 88.938 73.2798
2313.316238 88.877 71.9223
2330.079481 88.809 70.5978
2346.964198 88.736 69.2998
2363.971268 88.656 68.0213
2381.101578 88.569 66.7590
2398.356022 88.475 65.5186
2415.735498 88.372 64.3047
2433.240913 88.261 63.1257
2450.873180 88.141 61.9932
2468.633217 88.012 60.9207
2486.521951 87.874 59.9190
2504.540314 87.729 58.9966
2522.689246 87.579 58.1599
2540.969692 87.424 57.4155
2559.382606 87.268 56.7642
2577.928947 87.111 56.2084
2596.609683 86.956 55.7487
2615.425787 86.804 55.3849
2634.378241 86.658 55.1101
2653.468031 86.519 54.9160
2672.696154 86.387 54.7921
2692.063613 86.264 54.7309
2711.571415 86.152 54.7204
2731.220579 86.049 54.7495
2751.012130 85.956 54.8065
2770.947098 85.873 54.8828
2791.026522 85.800 54.9717
2811.251451 85.736 55.0673
2831.622938 85.680 55.1660
2852.142045 85.632 55.2611
2872.809842 85.590 55.3510
2893.627406 85.555 55.4349
2914.595823 85.525 55.5115
2935.716186 85.501 55.5814
2956.989596 85.482 55.6476
2978.417161 85.467 55.7127
3000.000000 85.456 55.7804
3021.739237 85.450 55.8522
3043.636005 85.448 55.9327
3065.691446 85.452 56.0209
3087.906710 85.462 56.1171
3110.282955 85.477 56.2201
3132.821347 85.500 56.3247
3155.523062 85.530 56.4321
3178.389283 85.567 56.5372
3201.421202 85.612 56.6409
3224.620020 85.665 56.7412
3247.986946 85.727 56.8346
3271.523198 85.797 56.9173
3295.230004 85.878 56.9847
3319.108599 85.967 57.0300
3343.160228 86.067 57.0482
3367.386145 86.177 57.0348
3391.787613 86.297 56.9827
3416.365904 86.428 56.8873
3441.122300 86.569 56.7390
3466.058091 86.721 56.5261
3491.174576 86.882 56.2369
3516.473066 87.054 55.8602
3541.954880 87.235 55.3880
3567.621345 87.425 54.8088
3593.473800 87.621 54.1136
3619.513592 87.823 53.2893
3645.742080 88.027 52.3222
3672.160630 88.232 51.2014
3698.770620 88.433 49.9190
3725.573436 88.630 48.4750
3752.570477 88.817 46.8747
3779.763150 88.992 45.1225
3807.152872 89.149 43.2306
3834.741071 89.285 41.2164
3862.529185 89.399 39.1009
3890.518664 89.487 36.9108
3918.710966 89.550 34.6744
3947.107561 89.588 32.4129
3975.709929 89.601 30.1499
4004.519563 89.592 27.9094
4033.537962 89.561 25.7159
4062.766641 89.512 23.5844
4092.207123 89.447 21.5239
4121.860942 89.369 19.5409
4151.729646 89.282 17.6401
4181.814790 89.188 15.8185
4212.117944 89.089 14.0688
4242.640687 88.988 12.3865
4273.384610 88.888 10.7645
4304.351317 88.791 9.1896
4335.542421 88.699 7.6417
4366.959549 88.614 6.0947
4398.604338 88.535 4.5227
4430.478438 88.460 2.9012
4462.583511 88.388 1.2043
4494.921231 88.315 -0.5908
4527.493283 88.239 -2.5085
4560.301365 88.153 -4.5685
4593.347189 88.052 -6.7802
4626.632476 87.927 -9.1415
4660.158962 87.768 -11.6384
4693.928395 87.565 -14.2325
4727.942535 87.307 -16.8527
4762.203156 86.988 -19.3917
4796.712043 86.605 -21.7158
4831.470996 86.161 -23.6736
4866.481826 85.672 -25.1206
4901.746360 85.160 -25.9459
4937.266434 84.657 -26.1103
4973.043902 84.193 -25.6606
5009.080628 83.794 -24.7303
5045.378492 83.476 -23.5071
5081.939384 83.240 -22.1900
5118.765212 83.078 -20.9414
5155.857894 82.976 -19.8713
5193.219366 82.918 -19.0296
5230.851574 82.886 -18.4284
5268.756481 82.870 -18.0521
5306.936062 82.858 -17.8684
5345.392309 82.845 -17.8353
5384.127225 82.829 -17.9122
5423.142830 82.809 -18.0668
5462.441159 82.787 -18.2866
5502.024259 82.762 -18.5754
5541.894195 82.730 -18.9478
5582.053045 82.687 -19.4058
5622.502902 82.623 -19.9321
5663.245876 82.529 -20.4540
5704.284090 82.398 -20.8031
5745.619684 82.246 -20.7290
5787.254813 82.125 -20.1029
5829.191647 82.088 -19.1846
5871.432373 82.140 -18.4409
5913.979192 82.238 -18.1029
5956.834323 82.346 -18.1152
6000.000000 82.448 -18.3429
6043.478473 82.545 -18.6992
6087.272010 82.639 -19.1474
6131.382892 82.734 -19.6803
6175.813420 82.831 -20.3048
6220.565910 82.929 -21.0317
6265.642695 83.028 -21.8712
6311.046124 83.126 -22.8244
6356.778566 83.222 -23.8926
6402.842404 83.314 -25.0806
6449.240040 83.398 -26.3965
6495.973891 83.470 -27.8524
6543.046396 83.527 -29.4453
6590.460007 83.564 -31.1569
6638.217197 83.576 -32.9684
6686.320456 83.558 -34.8546
6734.772290 83.510 -36.7788
6783.575226 83.428 -38.6959
6832.731809 83.311 -40.5667
6882.244600 83.162 -42.3474
6932.116181 82.983 -43.9993
6982.349153 82.778 -45.4883
7032.946133 82.551 -46.7867
7083.909760 82.308 -47.8716
7135.242690 82.053 -48.7272
7186.947600 81.795 -49.3487
7239.027185 81.538 -49.7443
7291.484160 81.290 -49.9282
7344.321260 81.055 -49.9210
7397.541239 80.837 -49.7518
7451.146872 80.638 -49.4569
7505.140954 80.460 -49.0792
7559.526299 80.301 -48.6592
7614.305743 80.157 -48.2221
7669.482141 80.023 -47.7791
7725.058371 79.893 -47.3275
7781.037328 79.764 -46.8553
7837.421932 79.635 -46.3380
7894.215122 79.505 -45.7468
7951.419859 79.375 -45.0557
8009.039125 79.248 -44.2440
8067.075924 79.127 -43.2988
8125.533282 79.016 -42.2203
8184.414245 78.918 -41.0092
8243.721885 78.839 -39.6729
8303.459292 78.779 -38.2235
8363.629581 78.744 -36.6743
8424.235888 78.733 -35.0381
8485.281374 78.749 -33.3309
8546.769221 78.795 -31.5719
8608.702634 78.874 -29.7916
8671.084842 78.986 -28.0165
8733.919097 79.133 -26.2712
8797.208675 79.316 -24.5842
8860.956876 79.534 -22.9884
8925.167022 79.786 -21.5239
8989.842461 80.070 -20.2362
9054.986566 80.382 -19.1715
9120.602731 80.716 -18.3701
9186.694378 81.067 -17.8446
9253.264952 81.429 -17.5998
9320.317925 81.799 -17.6594
9387.856790 82.165 -18.0691
9455.885071 82.510 -18.8163
9524.406312 82.824 -19.8025
9593.424086 83.113 -20.9268
9662.941992 83.384 -22.1465
9732.963653 83.648 -23.4802
9803.492719 83.912 -24.9934
9874.532869 84.177 -26.7662
9946.087805 84.438 -28.8906
10018.161257 84.679 -31.4496
10090.756983 84.877 -34.5005
10163.878768 85.004 -38.0453
10237.530423 85.028 -42.0126
10311.715789 84.926 -46.2380
10386.438732 84.683 -50.4801
10461.703149 84.298 -54.4645
10537.512962 83.782 -57.9434
10613.872125 83.159 -60.7278
10690.784618 82.457 -62.7042
10768.254450 81.707 -63.8269
10846.285661 80.940 -64.1104
10924.882318 80.180 -63.6127
11004.048518 79.446 -62.4182
11083.788390 78.753 -60.6133
11164.106090 78.108 -58.2859
11245.005805 77.517 -55.5146
11326.491752 76.983 -52.3695
11408.568180 76.507 -48.9150
11491.239368 76.092 -45.2044
11574.509626 75.736 -41.2864
11658.383294 75.442 -37.1984
11742.864745 75.210 -32.9764
11827.958384 75.042 -28.6716
11913.668646 74.937 -24.3382
12000.000000 74.893 -20.0242
12086.956947 74.910 -15.7709
12174.544019 74.986 -11.6257
12262.765784 75.119 -7.6403
12351.626840 75.307 -3.8561
12441.131819 75.544 -0.3153
12531.285389 75.825 2.9344
12622.092249 76.145 5.8444
12713.557132 76.498 8.3677
12805.684808 76.873 10.4647
12898.480079 77.261 12.1051
12991.947783 77.649 13.2648
13086.092792 78.023 13.9368
13180.920015 78.368 14.1312
13276.434395 78.668 13.8817
13372.640911 78.911 13.2487
13469.544580 79.081 12.3134
13567.150452 79.170 11.1840
13665.463617 79.173 10.0062
13764.489200 79.092 8.9355
13864.232362 78.932 8.1073
13964.698305 78.708 7.6348
14065.892266 78.437 7.6030
14167.819519 78.137 8.0519
14270.485380 77.828 8.9681
14373.895200 77.526 10.3215
14478.054370 77.246 12.0676
14582.968320 77.000 14.1241
14688.642520 76.794 16.3810
14795.082478 76.624 18.7203
14902.293745 76.481 21.0642
15010.281908 76.353 23.3995
15119.052599 76.229 25.7659
15228.611486 76.103 28.2408
15338.964283 75.976 30.9440
15450.116741 75.860 34.0065
15562.074656 75.777 37.5259
15674.843864 75.758 41.5138
15788.430244 75.831 45.8866
15902.839718 76.022 50.5014
16018.078250 76.350 55.2038
16134.151848 76.832 59.8463
16251.066563 77.493 64.2668
16368.828491 78.360 68.2032
16487.443769 79.447 71.2205
16606.918584 80.732 72.7159
16727.259161 82.137 72.0754
16848.471777 83.542 68.9057
16970.562748 84.818 63.1524
17093.538442 85.847 55.1169
17217.405268 86.552 45.4196
17342.169684 86.909 34.8386
17467.838194 86.945 24.0250
17594.417350 86.716 13.3408
17721.913751 86.272 2.8804
17850.334044 85.630 -7.3698
17979.684923 84.772 -17.3060
18109.973131 83.667 -26.6248
18241.205462 82.307 -34.8927
18373.388756 80.712 -41.6879
18506.529905 78.941 -46.7228
18640.635849 77.070 -49.8971
18775.713581 75.182 -51.3123
18911.770141 73.345 -51.2296
19048.812624 71.608 -50.0032
19186.848172 70.000 -48.0135
19325.883983 68.529 -45.6332
19465.927305 67.186 -43.2005
19606.985439 65.961 -40.9989
19749.065738 64.869 -39.2217
19892.175609 63.999 -37.9688
20036.322514 63.516 -37.3035
