* Measurement data measured by REW V5.31.3
* Source: Microphone (JadeAudio JA11), MICROPHONE (Master Volume), R, volume: 0.250
* Format: 512k Log Swept Sine, 1 sweep at -14.9 dBFS with no timing reference
* Dated: Jul 12, 2025 5:56:55 PM
* REW Settings:
*  C-weighting compensation: Off
*  Target level: 75.0 dB
* Note: 
* Measurement: L 64 Audio U12t (Deep)
* Smoothing: 1/24 octave
* Frequency Step: 96 ppo
* Start Frequency: 0.36621094 Hz
*
* Freq(Hz) SPL(dB) Phase(degrees)
0.366211 58.076 -7.6254
0.368865 58.103 -7.7033
0.371538 58.142 -7.8144
0.374230 58.187 -7.9404
0.376942 58.233 -8.0731
0.379673 58.281 -8.2093
0.382424 58.329 -8.3482
0.385196 58.377 -8.4894
0.387987 58.425 -8.6328
0.390798 58.474 -8.7784
0.393630 58.524 -8.9261
0.396483 58.573 -9.0759
0.399356 58.623 -9.2278
0.402250 58.674 -9.3818
0.405165 58.725 -9.5379
0.408101 58.776 -9.6959
0.411058 58.827 -9.8559
0.414037 58.879 -10.0178
0.417037 58.931 -10.1816
0.420059 58.984 -10.3473
0.423103 59.037 -10.5149
0.426169 59.090 -10.6842
0.429257 59.144 -10.8554
0.432368 59.198 -11.0282
0.435501 59.253 -11.2027
0.438656 59.308 -11.3789
0.441835 59.363 -11.5568
0.445037 59.419 -11.7362
0.448262 59.475 -11.9171
0.451510 59.531 -12.0996
0.454782 59.588 -12.2835
0.458077 59.646 -12.4689
0.461397 59.704 -12.6557
0.464740 59.762 -12.8438
0.468108 59.820 -13.0333
0.471500 59.879 -13.2241
0.474917 59.939 -13.4161
0.478358 59.999 -13.6094
0.481825 60.059 -13.8038
0.485316 60.120 -13.9994
0.488833 60.181 -14.1962
0.492375 60.243 -14.3940
0.495943 60.305 -14.5929
0.499537 60.368 -14.7929
0.503157 60.431 -14.9938
0.506803 60.494 -15.1958
0.510475 60.558 -15.3987
0.514175 60.622 -15.6026
0.517900 60.687 -15.8073
0.521653 60.753 -16.0130
0.525434 60.818 -16.2195
0.529241 60.885 -16.4269
0.533076 60.951 -16.6351
0.536939 61.019 -16.8442
0.540830 61.086 -17.0540
0.544749 61.155 -17.2647
0.548696 61.223 -17.4762
0.552673 61.293 -17.6885
0.556677 61.362 -17.9015
0.560711 61.433 -18.1153
0.564774 61.503 -18.3299
0.568867 61.575 -18.5079
0.572989 61.646 -18.6703
0.577141 61.719 -18.8331
0.581324 61.792 -18.9963
0.585536 61.865 -19.1599
0.589779 61.939 -19.3239
0.594053 62.013 -19.4884
0.598358 62.088 -19.6533
0.602694 62.164 -19.8187
0.607061 62.240 -19.9847
0.611460 62.316 -20.1511
0.615891 62.393 -20.3180
0.620354 62.471 -20.4856
0.624849 62.549 -20.6537
0.629377 62.628 -20.8225
0.633938 62.708 -20.9919
0.638532 62.788 -21.1621
0.643159 62.868 -21.3330
0.647819 62.949 -21.5048
0.652514 63.031 -21.6774
0.657242 63.113 -21.8509
0.662005 63.196 -22.0254
0.666802 63.280 -22.2009
0.671634 63.364 -22.3775
0.676501 63.449 -22.5553
0.681403 63.534 -22.7343
0.686341 63.620 -22.9146
0.691314 63.707 -23.0964
0.696324 63.794 -23.2796
0.701370 63.882 -23.4644
0.706452 63.970 -23.6509
0.711571 64.059 -23.8391
0.716728 64.149 -24.0293
0.721921 64.238 -24.2215
0.727153 64.326 -24.4161
0.732422 64.411 -24.6135
0.737729 64.490 -24.8145
0.743075 64.564 -25.0197
0.748460 64.637 -25.2293
0.753883 64.710 -25.4433
0.759346 64.782 -25.6615
0.764849 64.854 -25.8836
0.770391 64.926 -26.0472
0.775974 64.998 -26.1974
0.781597 65.070 -26.3503
0.787261 65.141 -26.5055
0.792966 65.212 -26.6629
0.798712 65.284 -26.8223
0.804500 65.355 -26.9833
0.810329 65.426 -27.1458
0.816201 65.496 -27.3094
0.822116 65.567 -27.4739
0.828073 65.637 -27.6392
0.834074 65.707 -27.8049
0.840118 65.777 -27.9709
0.846206 65.847 -28.1369
0.852338 65.916 -28.3026
0.858514 65.985 -28.4678
0.864735 66.054 -28.6324
0.871001 66.122 -28.7961
0.877313 66.190 -28.9587
0.883670 66.258 -29.1199
0.890074 66.326 -29.2797
0.896524 66.393 -29.4377
0.903020 66.460 -29.5937
0.909564 66.526 -29.7477
0.916155 66.592 -29.8993
0.922794 66.658 -30.0485
0.929481 66.723 -30.1950
0.936216 66.788 -30.3386
0.943000 66.853 -30.4793
0.949834 66.917 -30.6167
0.956717 66.980 -30.7509
0.963649 67.043 -30.8815
0.970632 67.106 -30.9665
0.977666 67.168 -31.0259
0.984750 67.229 -31.0809
0.991886 67.290 -31.1314
0.999074 67.350 -31.1772
1.006314 67.410 -31.2181
1.013606 67.469 -31.2542
1.020951 67.527 -31.2851
1.028349 67.585 -31.3109
1.035801 67.642 -31.3313
1.043307 67.699 -31.3463
1.050867 67.755 -31.3557
1.058482 67.810 -31.3595
1.066152 67.864 -31.3575
1.073878 67.918 -31.3496
1.081660 67.970 -31.3361
1.089498 68.022 -31.3174
1.097393 68.074 -31.2951
1.105345 68.124 -31.2720
1.113355 68.173 -31.2514
1.121423 68.222 -31.2350
1.129549 68.269 -31.2231
1.137734 68.316 -31.2157
1.145979 68.361 -31.2123
1.154283 68.406 -31.2124
1.162647 68.449 -31.2156
1.171072 68.491 -31.1762
1.179558 68.533 -31.1086
1.188106 68.573 -31.0417
1.196715 68.612 -30.9750
1.205387 68.649 -30.9079
1.214122 68.686 -30.8398
1.222920 68.721 -30.7701
1.231782 68.755 -30.6980
1.240708 68.787 -30.6228
1.249699 68.819 -30.5439
1.258754 68.848 -30.4606
1.267876 68.877 -30.3720
1.277063 68.904 -30.2774
1.286318 68.929 -30.1760
1.295639 68.953 -30.0670
1.305027 68.976 -29.9495
1.314484 68.997 -29.8226
1.324009 69.016 -29.6855
1.333604 69.034 -29.5372
1.343268 69.050 -29.3767
1.353002 69.064 -29.2031
1.362806 69.076 -29.0152
1.372681 69.087 -28.8061
1.382628 69.096 -28.5775
1.392647 69.102 -28.3314
1.402739 69.107 -28.0666
1.412904 69.110 -27.7819
1.423142 69.111 -27.4759
1.433455 69.110 -27.1477
1.443843 69.107 -26.7963
1.454305 69.101 -26.4218
1.464844 69.093 -26.0261
1.475459 69.080 -25.6143
1.486150 69.063 -25.1913
1.496920 69.040 -24.7595
1.507767 69.013 -24.3193
1.518693 68.980 -23.8703
1.529698 68.943 -23.4116
1.540783 68.901 -22.9422
1.551948 68.855 -22.4610
1.563194 68.805 -21.9670
1.574521 68.751 -21.4518
1.585931 68.694 -20.9188
1.597423 68.634 -20.3690
1.608999 68.571 -19.8012
1.620658 68.506 -19.2139
1.632402 68.439 -18.6055
1.644232 68.371 -17.9746
1.656146 68.301 -17.3194
1.668147 68.231 -16.6384
1.680235 68.161 -15.9299
1.692411 68.091 -15.1920
1.704675 68.022 -14.4229
1.717028 67.954 -13.6209
1.729470 67.887 -12.7841
1.742003 67.824 -11.9105
1.754626 67.763 -10.9983
1.767341 67.706 -10.0437
1.780147 67.653 -9.0288
1.793047 67.605 -7.9699
1.806040 67.563 -6.8657
1.819128 67.526 -5.7151
1.832310 67.494 -4.5181
1.845587 67.465 -3.2759
1.858961 67.439 -1.9895
1.872432 67.414 -0.6596
1.886001 67.390 0.7133
1.899667 67.367 2.1289
1.913433 67.346 3.5866
1.927299 67.326 5.0855
1.941265 67.309 6.6245
1.955332 67.293 8.2021
1.969501 67.281 9.8167
1.983773 67.271 11.4666
1.998148 67.264 13.1482
2.012627 67.260 14.8585
2.027212 67.261 16.5939
2.041902 67.266 18.3506
2.056698 67.275 20.1241
2.071602 67.289 21.9098
2.086614 67.309 23.7028
2.101734 67.334 25.4978
2.116964 67.366 27.2895
2.132304 67.404 29.0724
2.147756 67.450 30.8415
2.163320 67.503 32.5922
2.178996 67.564 34.2946
2.194786 67.635 35.9719
2.210690 67.716 37.6373
2.226710 67.808 39.2995
2.242845 67.912 40.9608
2.259098 68.027 42.6184
2.275468 68.152 44.2672
2.291957 68.288 45.9018
2.308566 68.432 47.5169
2.325295 68.584 49.1073
2.342145 68.744 50.6685
2.359117 68.910 52.1964
2.376212 69.082 53.6591
2.393431 69.258 55.0621
2.410775 69.438 56.4218
2.428244 69.619 57.7357
2.445840 69.802 59.0016
2.463564 69.985 60.2181
2.481416 70.167 61.3836
2.499397 70.346 62.4972
2.517509 70.521 63.5585
2.535752 70.692 64.5686
2.554127 70.858 65.5313
2.572635 71.021 66.4330
2.591277 71.182 67.2678
2.610055 71.343 68.0829
2.628968 71.505 68.8811
2.648019 71.667 69.6625
2.667208 71.831 70.4264
2.686535 71.994 71.1720
2.706003 72.158 71.8983
2.725612 72.322 72.6045
2.745363 72.484 73.2897
2.765257 72.646 73.9535
2.785295 72.807 74.5268
2.805478 72.965 75.0741
2.825808 73.122 75.5974
2.846285 73.276 76.0961
2.866910 73.426 76.5695
2.887685 73.574 77.0174
2.908611 73.717 77.4399
2.929688 73.856 77.8388
2.950917 73.992 78.2178
2.972301 74.124 78.5608
2.993839 74.252 78.8420
3.015534 74.378 79.1124
3.037386 74.499 79.3731
3.059396 74.618 79.6255
3.081565 74.734 79.8702
3.103896 74.847 80.1081
3.126388 74.957 80.3396
3.149043 75.064 80.5651
3.171862 75.169 80.7648
3.194847 75.271 80.9001
3.217998 75.370 81.0291
3.241317 75.468 81.1517
3.264805 75.563 81.2671
3.288463 75.656 81.3744
3.312293 75.745 81.4720
3.336295 75.832 81.5590
3.360471 75.915 81.6358
3.384822 75.995 81.6503
3.409350 76.071 81.6423
3.434056 76.144 81.6300
3.458940 76.214 81.6156
3.484005 76.281 81.6009
3.509252 76.345 81.5877
3.534681 76.407 81.5774
3.560295 76.466 81.5714
3.586094 76.523 81.5140
3.612081 76.578 81.4458
3.638255 76.631 81.3824
3.664620 76.682 81.3216
3.691175 76.731 81.2587
3.717923 76.776 81.1908
3.744864 76.819 81.1176
3.772001 76.858 81.0270
3.799335 76.894 80.8863
3.826866 76.928 80.7469
3.854597 76.959 80.6115
3.882529 76.987 80.4827
3.910664 77.014 80.3630
3.939002 77.038 80.2548
3.967546 77.061 80.1563
3.996296 77.082 80.0103
4.025255 77.101 79.8767
4.054423 77.119 79.7512
4.083804 77.134 79.6291
4.113396 77.146 79.5087
4.143204 77.155 79.3909
4.173227 77.162 79.2644
4.203468 77.167 79.1023
4.233928 77.170 78.9495
4.264609 77.172 78.8087
4.295512 77.172 78.6823
4.326639 77.172 78.5730
4.357992 77.170 78.4823
4.389572 77.168 78.3703
4.421380 77.165 78.2606
4.453419 77.160 78.1632
4.485691 77.153 78.0762
4.518196 77.145 77.9995
4.550936 77.135 77.9340
4.583914 77.124 77.8548
4.617131 77.113 77.7673
4.650589 77.102 77.6947
4.684289 77.091 77.6386
4.718233 77.081 77.6006
4.752424 77.072 77.5817
4.786862 77.063 77.5543
4.821549 77.054 77.5266
4.856488 77.045 77.5153
4.891680 77.037 77.5192
4.927127 77.029 77.5372
4.962831 77.021 77.5684
4.998794 77.015 77.5739
5.035017 77.010 77.5873
5.071503 77.007 77.6119
5.108253 77.006 77.6480
5.145270 77.007 77.6969
5.182555 77.010 77.7436
5.220110 77.014 77.7834
5.257937 77.021 77.8360
5.296038 77.029 77.8988
5.334415 77.039 77.9690
5.373071 77.051 78.0375
5.412006 77.065 78.0786
5.451224 77.082 78.1198
5.490725 77.101 78.1610
5.530514 77.122 78.2042
5.570590 77.147 78.2481
5.610957 77.174 78.2680
5.651616 77.203 78.2901
5.692570 77.235 78.3116
5.733821 77.269 78.3298
5.775370 77.304 78.3351
5.817221 77.341 78.3083
5.859375 77.380 78.2723
5.901834 77.420 78.2283
5.944602 77.462 78.1782
5.987679 77.507 78.1091
6.031068 77.553 78.0207
6.074771 77.600 77.9253
6.118792 77.648 77.8221
6.163131 77.697 77.7098
6.207792 77.746 77.5640
6.252776 77.795 77.4060
6.298086 77.845 77.2375
6.343725 77.896 77.0598
6.389694 77.947 76.8627
6.435996 77.998 76.6482
6.482634 78.049 76.4279
6.529610 78.101 76.2027
6.576926 78.151 75.9680
6.624585 78.201 75.7122
6.672590 78.251 75.4496
6.720942 78.301 75.1806
6.769645 78.350 74.9057
6.818700 78.399 74.6123
6.868111 78.448 74.3187
6.917881 78.496 74.0266
6.968010 78.543 73.7356
7.018504 78.590 73.4295
7.069362 78.637 73.1228
7.120590 78.683 72.8162
7.172189 78.729 72.5098
7.224161 78.774 72.1949
7.276511 78.820 71.8853
7.329239 78.866 71.5820
7.382350 78.912 71.2806
7.435845 78.957 70.9755
7.489729 79.003 70.6747
7.544002 79.049 70.3787
7.598669 79.096 70.0823
7.653732 79.143 69.7877
7.709194 79.191 69.4995
7.765058 79.240 69.2176
7.821327 79.290 68.9330
7.878004 79.340 68.6532
7.935091 79.391 68.3774
7.992592 79.444 68.1019
8.050510 79.498 67.8259
8.108847 79.553 67.5530
8.167607 79.609 67.2831
8.226793 79.667 67.0104
8.286408 79.725 66.7392
8.346454 79.785 66.4684
8.406936 79.845 66.1943
8.467856 79.907 65.9183
8.529218 79.970 65.6416
8.591024 80.033 65.3631
8.653278 80.098 65.0819
8.715983 80.163 64.7995
8.779143 80.228 64.5152
8.842760 80.294 64.2279
8.906839 80.360 63.9387
8.971381 80.426 63.6482
9.036392 80.493 63.3570
9.101873 80.559 63.0659
9.167829 80.626 62.7752
9.234263 80.693 62.4851
9.301178 80.759 62.1952
9.368578 80.825 61.9066
9.436467 80.891 61.6222
9.504847 80.957 61.3415
9.573723 81.022 61.0648
9.643099 81.087 60.7927
9.712976 81.152 60.5247
9.783361 81.216 60.2622
9.854255 81.281 60.0080
9.925663 81.345 59.7602
9.997588 81.409 59.5186
10.070035 81.474 59.2914
10.143007 81.538 59.0707
10.216507 81.602 58.8564
10.290540 81.666 58.6487
10.365109 81.730 58.4474
10.440219 81.795 58.2522
10.515873 81.859 58.0625
10.592076 81.923 57.8777
10.668830 81.988 57.6975
10.746141 82.052 57.5220
10.824012 82.117 57.3506
10.902447 82.181 57.1825
10.981451 82.246 57.0171
11.061027 82.310 56.8552
11.141180 82.374 56.6960
11.221913 82.438 56.5389
11.303232 82.502 56.3835
11.385140 82.566 56.2294
11.467641 82.629 56.0767
11.550741 82.692 55.9254
11.634442 82.755 55.7757
11.718750 82.816 55.6277
11.803669 82.877 55.4814
11.889203 82.938 55.3370
11.975357 82.997 55.1949
12.062136 83.054 55.0397
12.149543 83.110 54.8811
12.237583 83.165 54.7256
12.326262 83.218 54.5736
12.415583 83.271 54.4260
12.505552 83.323 54.2830
12.596172 83.374 54.1449
12.687449 83.424 54.0120
12.779387 83.474 53.8849
12.871992 83.522 53.7642
12.965268 83.570 53.6499
13.059220 83.616 53.5088
13.153852 83.662 53.3546
13.249170 83.708 53.2071
13.345179 83.753 53.0660
13.441884 83.797 52.9310
13.539289 83.842 52.8014
13.637401 83.888 52.6769
13.736223 83.934 52.5570
13.835761 83.980 52.4399
13.936021 84.027 52.3244
14.037007 84.075 52.1847
14.138725 84.123 52.0011
14.241180 84.173 51.8138
14.344377 84.222 51.6209
14.448323 84.273 51.4216
14.553021 84.323 51.2143
14.658478 84.374 50.9972
14.764700 84.424 50.7695
14.871691 84.474 50.5312
14.979457 84.524 50.2826
15.088005 84.573 49.9722
15.197339 84.620 49.6401
15.307465 84.666 49.3011
15.418389 84.710 48.9577
15.530117 84.751 48.6118
15.642655 84.789 48.2668
15.756008 84.825 47.9274
15.870182 84.859 47.5962
15.985184 84.891 47.2760
16.101019 84.923 46.9311
16.217694 84.954 46.5972
16.335214 84.986 46.2807
16.453586 85.018 45.9818
16.572815 85.051 45.7002
16.692909 85.085 45.4341
16.813872 85.123 45.1795
16.935713 85.163 44.9326
17.058436 85.207 44.6799
17.182048 85.255 44.4143
17.306556 85.306 44.1411
17.431967 85.360 43.8571
17.558286 85.415 43.5580
17.685521 85.471 43.2411
17.813677 85.527 42.9061
17.942762 85.582 42.5541
18.072783 85.636 42.1870
18.203746 85.689 41.8087
18.335658 85.739 41.4249
18.468526 85.785 41.0403
18.602356 85.829 40.6609
18.737156 85.869 40.2934
18.872934 85.907 39.9417
19.009695 85.944 39.6101
19.147447 85.980 39.3102
19.286197 86.018 39.0313
19.425953 86.056 38.7705
19.566721 86.098 38.5245
19.708510 86.141 38.2868
19.851326 86.188 38.0501
19.995177 86.237 37.8084
20.140070 86.288 37.5613
20.286013 86.340 37.2973
20.433014 86.392 37.0139
20.581080 86.443 36.7101
20.730219 86.491 36.3876
20.880439 86.536 36.0513
21.031747 86.576 35.7055
21.184152 86.611 35.3542
21.337661 86.642 35.0108
21.492282 86.668 34.6816
21.648024 86.691 34.3738
21.804895 86.712 34.0916
21.962902 86.732 33.8368
22.122054 86.751 33.5919
22.282360 86.772 33.3652
22.443827 86.795 33.1565
22.606464 86.822 32.9591
22.770280 86.852 32.7646
22.935283 86.886 32.5657
23.101481 86.922 32.3356
23.268884 86.959 32.0759
23.437500 86.998 31.7967
23.607338 87.037 31.4967
23.778406 87.075 31.1774
23.950714 87.111 30.8418
24.124271 87.144 30.4714
24.299086 87.176 30.0847
24.475167 87.205 29.6956
24.652524 87.231 29.3091
24.831166 87.256 28.9292
25.011103 87.279 28.5577
25.192344 87.302 28.1756
25.374898 87.325 27.8055
25.558775 87.349 27.4469
25.743984 87.373 27.0978
25.930536 87.399 26.7557
26.118439 87.427 26.4109
26.307704 87.457 26.0632
26.498341 87.488 25.7137
26.690359 87.520 25.3608
26.883768 87.553 25.0038
27.078579 87.585 24.6441
27.274801 87.618 24.2831
27.472446 87.651 23.9210
27.671522 87.683 23.5589
27.872042 87.716 23.1965
28.074014 87.749 22.8356
28.277450 87.783 22.4756
28.482360 87.816 22.1085
28.688755 87.850 21.7310
28.896645 87.882 21.3420
29.106042 87.911 20.9451
29.316957 87.937 20.5448
29.529400 87.958 20.1459
29.743382 87.976 19.7580
29.958915 87.989 19.3900
30.176009 88.001 19.0471
30.394677 88.012 18.7325
30.614929 88.026 18.4429
30.836778 88.042 18.1679
31.060234 88.063 17.8913
31.285309 88.088 17.5923
31.512015 88.114 17.2673
31.740364 88.140 16.9105
31.970368 88.163 16.5250
32.202039 88.181 16.1053
32.435388 88.193 15.6805
32.670428 88.200 15.2694
32.907171 88.204 14.8848
33.145630 88.206 14.5225
33.385817 88.210 14.1839
33.627745 88.218 13.8670
33.871425 88.230 13.5576
34.116871 88.246 13.2364
34.364096 88.265 12.8932
34.613113 88.285 12.5314
34.863934 88.304 12.1534
35.116572 88.322 11.7612
35.371041 88.339 11.3601
35.627354 88.355 10.9576
35.885525 88.370 10.5544
36.145566 88.384 10.1495
36.407492 88.396 9.7430
36.671316 88.407 9.3379
36.937051 88.415 8.9401
37.204712 88.421 8.5599
37.474313 88.426 8.2003
37.745867 88.431 7.8604
38.019389 88.439 7.5337
38.294893 88.449 7.2104
38.572394 88.461 6.8765
38.851905 88.474 6.5243
39.133442 88.486 6.1527
39.417019 88.494 5.7684
39.702651 88.500 5.3817
39.990353 88.504 4.9986
40.280140 88.507 4.6124
40.572026 88.511 4.2190
40.866028 88.515 3.8075
41.162160 88.515 3.3695
41.460438 88.509 2.9159
41.760877 88.495 2.4764
42.063494 88.474 2.0845
42.368303 88.450 1.7653
42.675322 88.430 1.5348
42.984565 88.424 1.3713
43.296048 88.436 1.2190
43.609789 88.466 1.0216
43.925804 88.507 0.7275
44.244108 88.549 0.3136
44.564719 88.583 -0.1980
44.887654 88.603 -0.7587
45.212928 88.608 -1.3157
45.540560 88.604 -1.8271
45.870565 88.596 -2.2772
46.202962 88.590 -2.6761
46.537768 88.586 -3.0477
46.875000 88.585 -3.4117
47.214676 88.583 -3.7731
47.556813 88.578 -4.1218
47.901429 88.574 -4.4461
48.248542 88.571 -4.7473
48.598171 88.573 -5.0408
48.950334 88.579 -5.3502
49.305048 88.588 -5.6960
49.662333 88.594 -6.0757
50.022206 88.595 -6.4737
50.384688 88.592 -6.8737
50.749796 88.587 -7.2611
51.117550 88.583 -7.6408
51.487969 88.580 -8.0274
51.861072 88.578 -8.4300
52.236879 88.573 -8.8481
52.615409 88.564 -9.2660
52.996681 88.553 -9.6648
53.380717 88.541 -10.0404
53.767536 88.532 -10.3971
54.157158 88.527 -10.7532
54.549603 88.524 -11.1233
54.944892 88.519 -11.5059
55.343045 88.511 -11.8903
55.744084 88.502 -12.2590
56.148028 88.493 -12.6081
56.554900 88.486 -12.9501
56.964720 88.482 -13.3034
57.377510 88.478 -13.6840
57.793291 88.470 -14.0843
58.212085 88.456 -14.4839
58.633914 88.439 -14.8616
59.058799 88.422 -15.2100
59.486764 88.407 -15.5412
59.917829 88.396 -15.8761
60.352019 88.387 -16.2320
60.789354 88.377 -16.6074
61.229859 88.366 -16.9930
61.673556 88.352 -17.3788
62.120468 88.338 -17.7607
62.570618 88.324 -18.1395
63.024031 88.310 -18.5149
63.480729 88.296 -18.8857
63.940736 88.281 -19.2493
64.404077 88.268 -19.6095
64.870776 88.254 -19.9674
65.340856 88.241 -20.3266
65.814343 88.227 -20.6841
66.291261 88.213 -21.0404
66.771635 88.200 -21.3990
67.255489 88.186 -21.7654
67.742850 88.170 -22.1392
68.233743 88.153 -22.5115
68.728193 88.134 -22.8745
69.226226 88.115 -23.2304
69.727867 88.098 -23.5910
70.233144 88.080 -23.9652
70.742083 88.061 -24.3475
71.254709 88.038 -24.7221
71.771050 88.015 -25.0778
72.291132 87.993 -25.4173
72.814984 87.973 -25.7524
73.342631 87.956 -26.0933
73.874102 87.939 -26.4419
74.409424 87.922 -26.7982
74.948626 87.905 -27.1611
75.491734 87.887 -27.5304
76.038779 87.868 -27.9006
76.589787 87.847 -28.2688
77.144788 87.825 -28.6290
77.703811 87.802 -28.9780
78.266885 87.779 -29.3160
78.834039 87.757 -29.6489
79.405303 87.737 -29.9847
79.980706 87.716 -30.3255
80.560280 87.694 -30.6666
81.144053 87.673 -31.0068
81.732056 87.653 -31.3553
82.324320 87.632 -31.7208
82.920876 87.609 -32.0982
83.521755 87.582 -32.4735
84.126988 87.555 -32.8380
84.736607 87.527 -33.1958
85.350643 87.499 -33.5485
85.969129 87.470 -33.8905
86.592097 87.443 -34.2191
87.219579 87.420 -34.5423
87.851608 87.399 -34.8765
88.488217 87.378 -35.2304
89.129439 87.357 -35.5975
89.775308 87.333 -35.9687
90.425856 87.307 -36.3396
91.081119 87.278 -36.7025
91.741131 87.246 -37.0420
92.405925 87.214 -37.3472
93.075536 87.186 -37.6311
93.750000 87.161 -37.9200
94.429351 87.136 -38.2267
95.113625 87.111 -38.5426
95.802858 87.085 -38.8604
96.497085 87.060 -39.1866
97.196342 87.035 -39.5295
97.900667 87.007 -39.8863
98.610096 86.977 -40.2437
99.324665 86.946 -40.5909
100.044413 86.916 -40.9277
100.769376 86.887 -41.2578
101.499592 86.859 -41.5849
102.235100 86.833 -41.9170
102.975938 86.807 -42.2598
103.722144 86.779 -42.6051
104.473757 86.749 -42.9407
105.230817 86.717 -43.2694
105.993363 86.684 -43.5947
106.761435 86.650 -43.9082
107.535072 86.615 -44.2090
108.314315 86.581 -44.5097
109.099206 86.547 -44.8142
109.889783 86.513 -45.1168
110.686090 86.479 -45.4226
111.488167 86.446 -45.7375
112.296056 86.411 -46.0494
113.109800 86.377 -46.3414
113.929440 86.346 -46.6208
114.755020 86.320 -46.9111
115.586582 86.295 -47.2248
116.424170 86.270 -47.5503
117.267827 86.244 -47.8719
118.117598 86.218 -48.1875
118.973527 86.192 -48.5033
119.835658 86.165 -48.8208
120.704037 86.134 -49.1322
121.578708 86.102 -49.4358
122.459718 86.069 -49.7495
123.347111 86.032 -50.0874
124.240935 85.990 -50.4402
125.141236 85.944 -50.7936
126.048061 85.898 -51.1355
126.961458 85.855 -51.4406
127.881473 85.824 -51.7180
128.808154 85.806 -52.0330
129.741551 85.791 -52.4095
130.681712 85.774 -52.8021
131.628686 85.752 -53.1827
132.582521 85.723 -53.5374
133.543269 85.689 -53.8475
134.510979 85.650 -54.1049
135.485701 85.612 -54.3290
136.467486 85.577 -54.5598
137.456386 85.542 -54.8163
138.452451 85.509 -55.0943
139.455735 85.478 -55.3900
140.466288 85.451 -55.7036
141.484165 85.427 -56.0444
142.509418 85.402 -56.4121
143.542100 85.372 -56.7751
144.582265 85.338 -57.0905
145.629968 85.303 -57.3573
146.685262 85.268 -57.6062
147.748204 85.233 -57.8498
148.818849 85.196 -58.1017
149.897251 85.158 -58.3712
150.983469 85.119 -58.6478
152.077557 85.082 -58.9234
153.179574 85.050 -59.2094
154.289576 85.023 -59.5109
155.407622 84.997 -59.8176
156.533770 84.973 -60.1253
157.668078 84.947 -60.4400
158.810606 84.916 -60.7381
159.961413 84.881 -60.9869
161.120559 84.850 -61.2026
162.288105 84.824 -61.4412
163.464112 84.802 -61.7388
164.648640 84.778 -62.0888
165.841752 84.754 -62.4695
167.043510 84.730 -62.8651
168.253976 84.705 -63.2620
169.473213 84.680 -63.6305
170.701286 84.658 -63.9602
171.938258 84.638 -64.2651
173.184194 84.618 -64.5829
174.439158 84.592 -64.9222
175.703216 84.557 -65.2597
176.976434 84.518 -65.5653
178.258878 84.481 -65.8610
179.550615 84.450 -66.1668
180.851713 84.422 -66.5037
182.162239 84.394 -66.8440
183.482262 84.363 -67.1735
184.811850 84.331 -67.4675
186.151073 84.297 -67.7548
187.500000 84.261 -68.0447
188.858702 84.225 -68.3514
190.227250 84.189 -68.6837
191.605715 84.154 -69.0152
192.994169 84.122 -69.3534
194.392685 84.093 -69.6691
195.801334 84.067 -69.9841
197.220191 84.038 -70.3180
198.649330 84.009 -70.6072
200.088825 83.981 -70.9093
201.538751 83.951 -71.2060
202.999184 83.926 -71.4569
204.470200 83.903 -71.7811
205.951875 83.876 -72.0882
207.444287 83.855 -72.3535
208.947514 83.831 -72.7376
210.461634 83.795 -73.0730
211.986726 83.767 -73.2859
213.522869 83.746 -73.6164
215.070144 83.714 -73.9997
216.628631 83.677 -74.2464
218.198411 83.651 -74.4631
219.779567 83.630 -74.7886
221.372180 83.601 -75.1778
222.976334 83.565 -75.5346
224.592112 83.531 -75.7943
226.219600 83.513 -75.9917
227.858880 83.513 -76.2618
229.510039 83.513 -76.7218
231.173164 83.490 -77.3125
232.848340 83.436 -77.8320
234.535655 83.366 -78.1132
236.235197 83.309 -78.1337
237.947054 83.289 -78.0381
239.671317 83.311 -78.0492
241.408074 83.357 -78.3075
243.157416 83.402 -78.8039
244.919435 83.428 -79.4264
246.694223 83.429 -80.0446
248.481871 83.409 -80.5812
250.282473 83.374 -81.0292
252.096123 83.332 -81.3815
253.922915 83.289 -81.6570
255.762945 83.249 -81.8913
257.616309 83.208 -82.1428
259.483103 83.164 -82.4227
261.363424 83.118 -82.7653
263.257372 83.077 -83.1743
265.165043 83.050 -83.6365
267.086538 83.036 -84.0804
269.021957 83.031 -84.4592
270.971401 83.023 -84.7840
272.934972 83.009 -85.0814
274.912771 82.991 -85.4206
276.904902 82.974 -85.7995
278.911469 82.959 -86.1669
280.932577 82.945 -86.5323
282.968330 82.928 -86.8955
285.018835 82.912 -87.2618
287.084199 82.899 -87.6725
289.164530 82.884 -88.1076
291.259935 82.869 -88.4995
293.370525 82.857 -88.8611
295.496408 82.848 -89.2524
297.637697 82.836 -89.6781
299.794503 82.821 -90.0866
301.966937 82.807 -90.4483
304.155114 82.799 -90.7903
306.359147 82.797 -91.1572
308.579152 82.798 -91.5785
310.815244 82.798 -92.0581
313.067539 82.794 -92.5833
315.336156 82.783 -93.1231
317.621211 82.767 -93.6412
319.922826 82.747 -94.1208
322.241118 82.727 -94.5691
324.576210 82.710 -95.0056
326.928223 82.700 -95.4515
329.297280 82.698 -95.9068
331.683504 82.705 -96.3534
334.087019 82.720 -96.7602
336.507952 82.736 -97.1034
338.946427 82.744 -97.3835
341.402572 82.738 -97.6354
343.876516 82.718 -97.9377
346.368387 82.694 -98.3702
348.878315 82.681 -98.9254
351.406431 82.683 -99.4940
353.952867 82.692 -99.9858
356.517756 82.696 -100.4319
359.101230 82.693 -100.9165
361.703426 82.689 -101.4429
364.324478 82.688 -101.9545
366.964523 82.690 -102.4372
369.623699 82.694 -102.9270
372.302145 82.699 -103.4262
375.000000 82.703 -103.9143
377.717405 82.705 -104.4045
380.454501 82.705 -104.9239
383.211431 82.707 -105.4735
385.988339 82.712 -106.0239
388.785369 82.719 -106.5569
391.602668 82.723 -107.0791
394.440383 82.727 -107.6094
397.298660 82.731 -108.1516
400.177650 82.737 -108.7025
403.077502 82.744 -109.2558
405.998368 82.750 -109.8095
408.940400 82.755 -110.3698
411.903750 82.760 -110.9466
414.888575 82.765 -111.5364
417.895028 82.771 -112.1250
420.923268 82.779 -112.7121
423.973452 82.788 -113.3056
427.045738 82.798 -113.9089
430.140287 82.806 -114.5174
433.257261 82.815 -115.1294
436.396822 82.823 -115.7496
439.559133 82.833 -116.3827
442.744360 82.843 -117.0266
445.952668 82.854 -117.6758
449.184225 82.864 -118.3271
452.439199 82.874 -118.9804
455.717760 82.885 -119.6363
459.020079 82.895 -120.2940
462.346327 82.906 -120.9586
465.696680 82.916 -121.6331
469.071310 82.927 -122.3187
472.470394 82.938 -123.0128
475.894109 82.950 -123.7108
479.342634 82.963 -124.4066
482.816148 82.976 -125.0966
486.314833 82.989 -125.7850
489.838871 83.001 -126.4835
493.388445 83.012 -127.1973
496.963741 83.023 -127.9272
500.564945 83.032 -128.6703
504.192245 83.042 -129.4188
507.845830 83.051 -130.1685
511.525890 83.060 -130.9175
515.232618 83.070 -131.6640
518.966206 83.079 -132.4054
522.726849 83.087 -133.1479
526.514743 83.096 -133.9014
530.330086 83.104 -134.6687
534.173076 83.111 -135.4465
538.043915 83.118 -136.2294
541.942803 83.124 -137.0154
545.869944 83.129 -137.8028
549.825542 83.134 -138.5955
553.809805 83.139 -139.3864
557.822939 83.142 -140.1767
561.865154 83.146 -140.9723
565.936660 83.149 -141.7732
570.037671 83.151 -142.5749
574.168399 83.153 -143.3790
578.329060 83.154 -144.1834
582.519870 83.155 -144.9879
586.741049 83.156 -145.7990
590.992817 83.157 -146.6183
595.275394 83.158 -147.4398
599.589005 83.158 -148.2560
603.933874 83.158 -149.0650
608.310228 83.156 -149.8734
612.718295 83.153 -150.6835
617.158304 83.148 -151.4896
621.630488 83.141 -152.2899
626.135079 83.135 -153.0913
630.672311 83.129 -153.9020
635.242423 83.126 -154.7238
639.845651 83.124 -155.5462
644.482237 83.120 -156.3576
649.152421 83.115 -157.1590
653.856447 83.109 -157.9622
658.594560 83.103 -158.7780
663.367008 83.098 -159.6039
668.174039 83.092 -160.4256
673.015903 83.085 -161.2288
677.892854 83.075 -162.0067
682.805145 83.062 -162.7764
687.753032 83.050 -163.5479
692.736774 83.038 -164.3181
697.756631 83.026 -165.0827
702.812863 83.015 -165.8454
707.905735 83.003 -166.6084
713.035511 82.992 -167.3647
718.202461 82.980 -168.1150
723.406852 82.968 -168.8549
728.648956 82.956 -169.5826
733.929047 82.942 -170.3014
739.247399 82.927 -171.0195
744.604290 82.913 -171.7456
750.000000 82.900 -172.4743
755.434809 82.888 -173.1903
760.909001 82.877 -173.8885
766.422861 82.865 -174.5769
771.976677 82.854 -175.2587
777.570739 82.844 -175.9354
783.205337 82.834 -176.6026
788.880766 82.824 -177.2597
794.597321 82.814 -177.9075
800.355301 82.805 -178.5481
806.155005 82.796 -179.1849
811.996736 82.789 -179.8194
817.880799 82.783 179.5559
823.807501 82.778 178.9439
829.777150 82.774 178.3421
835.790057 82.771 177.7486
841.846536 82.768 177.1602
847.946903 82.766 176.5725
854.091476 82.765 175.9851
860.280575 82.765 175.4034
866.514523 82.766 174.8313
872.793644 82.767 174.2693
879.118267 82.770 173.7144
885.488720 82.775 173.1668
891.905336 82.781 172.6255
898.368450 82.789 172.0873
904.878398 82.799 171.5486
911.435520 82.812 171.0090
918.040157 82.825 170.4720
924.692655 82.840 169.9450
931.393359 82.856 169.4264
938.142619 82.873 168.9122
944.940787 82.892 168.3999
951.788218 82.913 167.8865
958.685268 82.936 167.3709
965.632296 82.961 166.8546
972.629666 82.988 166.3409
979.677741 83.016 165.8309
986.776890 83.046 165.3238
993.927482 83.077 164.8173
1001.129891 83.111 164.3059
1008.384491 83.146 163.7869
1015.691660 83.183 163.2611
1023.051781 83.221 162.7322
1030.465236 83.260 162.2048
1037.932411 83.301 161.6763
1045.453698 83.343 161.1418
1053.029486 83.387 160.5992
1060.660172 83.432 160.0488
1068.346153 83.478 159.4908
1076.087829 83.525 158.9288
1083.885605 83.572 158.3621
1091.739887 83.621 157.7911
1099.651084 83.670 157.2144
1107.619609 83.720 156.6306
1115.645878 83.771 156.0383
1123.730308 83.823 155.4391
1131.873321 83.876 154.8330
1140.075341 83.929 154.2219
1148.336797 83.982 153.6061
1156.658119 84.035 152.9866
1165.039741 84.088 152.3628
1173.482099 84.141 151.7361
1181.985634 84.193 151.1070
1190.550789 84.246 150.4738
1199.178011 84.297 149.8369
1207.867749 84.349 149.1966
1216.620457 84.401 148.5532
1225.436590 84.453 147.9082
1234.316609 84.504 147.2639
1243.260976 84.556 146.6180
1252.270157 84.608 145.9709
1261.344623 84.661 145.3221
1270.484846 84.713 144.6735
1279.691303 84.765 144.0281
1288.964474 84.816 143.3864
1298.304842 84.867 142.7464
1307.712894 84.919 142.1077
1317.189120 84.970 141.4690
1326.734016 85.023 140.8295
1336.348077 85.076 140.1926
1346.031806 85.129 139.5612
1355.785708 85.182 138.9353
1365.610290 85.235 138.3124
1375.506065 85.288 137.6911
1385.473549 85.342 137.0724
1395.513261 85.398 136.4573
1405.625726 85.454 135.8458
1415.811469 85.511 135.2367
1426.071023 85.568 134.6319
1436.404921 85.627 134.0316
1446.813703 85.686 133.4346
1457.297912 85.746 132.8381
1467.858093 85.807 132.2442
1478.494798 85.869 131.6539
1489.208581 85.933 131.0661
1500.000000 85.999 130.4792
1510.869618 86.066 129.8908
1521.818002 86.135 129.3029
1532.845723 86.207 128.7140
1543.953355 86.280 128.1226
1555.141477 86.355 127.5317
1566.410674 86.431 126.9402
1577.761531 86.508 126.3488
1589.194642 86.587 125.7528
1600.710601 86.668 125.1491
1612.310010 86.752 124.5364
1623.993473 86.838 123.9189
1635.761599 86.926 123.2950
1647.615002 87.017 122.6614
1659.554299 87.109 122.0175
1671.580114 87.204 121.3645
1683.693072 87.300 120.7006
1695.893807 87.399 120.0208
1708.182952 87.500 119.3222
1720.561150 87.604 118.6060
1733.029045 87.710 117.8710
1745.587288 87.818 117.1149
1758.236533 87.927 116.3348
1770.977440 88.039 115.5321
1783.810673 88.152 114.7057
1796.736900 88.267 113.8504
1809.756796 88.383 112.9631
1822.871040 88.500 112.0458
1836.080315 88.618 111.0950
1849.385310 88.736 110.1072
1862.786718 88.853 109.0798
1876.285239 88.971 108.0124
1889.881575 89.088 106.9034
1903.576436 89.203 105.7520
1917.370535 89.317 104.5551
1931.264593 89.428 103.3140
1945.259332 89.536 102.0291
1959.355483 89.641 100.6989
1973.553781 89.741 99.3225
1987.854965 89.836 97.9007
2002.259781 89.925 96.4356
2016.768981 90.007 94.9318
2031.383320 90.082 93.3893
2046.103561 90.148 91.8106
2060.930471 90.204 90.1997
2075.864823 90.250 88.5605
2090.907395 90.286 86.9008
2106.058972 90.312 85.2219
2121.320344 90.326 83.5306
2136.692305 90.329 81.8315
2152.175658 90.321 80.1318
2167.771210 90.300 78.4348
2183.479774 90.267 76.7505
2199.302169 90.223 75.0874
2215.239219 90.166 73.4500
2231.291755 90.098 71.8429
2247.460615 90.020 70.2748
2263.746641 89.931 68.7518
2280.150683 89.833 67.2784
2296.673595 89.727 65.8551
2313.316238 89.616 64.4796
2330.079481 89.499 63.1499
2346.964198 89.377 61.8635
2363.971268 89.250 60.6207
2381.101578 89.117 59.4202
2398.356022 88.978 58.2651
2415.735498 88.831 57.1589
2433.240913 88.676 56.1053
2450.873180 88.515 55.1081
2468.633217 88.346 54.1746
2486.521951 88.172 53.3135
2504.540314 87.992 52.5326
2522.689246 87.807 51.8381
2540.969692 87.620 51.2395
2559.382606 87.430 50.7418
2577.928947 87.240 50.3490
2596.609683 87.052 50.0606
2615.425787 86.868 49.8763
2634.378241 86.689 49.7934
2653.468031 86.518 49.8066
2672.696154 86.356 49.9047
2692.063613 86.206 50.0769
2711.571415 86.067 50.3102
2731.220579 85.941 50.5946
2751.012130 85.827 50.9163
2770.947098 85.726 51.2619
2791.026522 85.638 51.6222
2811.251451 85.561 51.9900
2831.622938 85.494 52.3592
2852.142045 85.437 52.7213
2872.809842 85.388 53.0745
2893.627406 85.347 53.4196
2914.595823 85.312 53.7575
2935.716186 85.285 54.0880
2956.989596 85.264 54.4129
2978.417161 85.249 54.7359
3000.000000 85.239 55.0618
3021.739237 85.236 55.3906
3043.636005 85.238 55.7237
3065.691446 85.246 56.0597
3087.906710 85.261 56.4013
3110.282955 85.283 56.7498
3132.821347 85.312 57.1022
3155.523062 85.349 57.4608
3178.389283 85.393 57.8228
3201.421202 85.446 58.1890
3224.620020 85.507 58.5552
3247.986946 85.577 58.9167
3271.523198 85.659 59.2703
3295.230004 85.751 59.6126
3319.108599 85.855 59.9391
3343.160228 85.969 60.2454
3367.386145 86.095 60.5276
3391.787613 86.234 60.7797
3416.365904 86.384 60.9964
3441.122300 86.548 61.1691
3466.058091 86.725 61.2916
3491.174576 86.915 61.3568
3516.473066 87.120 61.3528
3541.954880 87.340 61.2688
3567.621345 87.575 61.0880
3593.473800 87.824 60.7950
3619.513592 88.088 60.3669
3645.742080 88.364 59.7794
3672.160630 88.652 59.0119
3698.770620 88.946 58.0438
3725.573436 89.243 56.8565
3752.570477 89.539 55.4391
3779.763150 89.827 53.7863
3807.152872 90.101 51.9039
3834.741071 90.356 49.8043
3862.529185 90.586 47.5050
3890.518664 90.788 45.0316
3918.710966 90.959 42.4193
3947.107561 91.096 39.7036
3975.709929 91.200 36.9214
4004.519563 91.269 34.1059
4033.537962 91.306 31.2893
4062.766641 91.313 28.4990
4092.207123 91.293 25.7550
4121.860942 91.251 23.0682
4151.729646 91.189 20.4443
4181.814790 91.112 17.8859
4212.117944 91.021 15.3895
4242.640687 90.919 12.9471
4273.384610 90.806 10.5503
4304.351317 90.684 8.1906
4335.542421 90.550 5.8610
4366.959549 90.406 3.5530
4398.604338 90.250 1.2626
4430.478438 90.082 -1.0105
4462.583511 89.901 -3.2665
4494.921231 89.706 -5.5055
4527.493283 89.496 -7.7303
4560.301365 89.271 -9.9401
4593.347189 89.028 -12.1335
4626.632476 88.765 -14.3080
4660.158962 88.478 -16.4551
4693.928395 88.163 -18.5527
4727.942535 87.815 -20.5629
4762.203156 87.431 -22.4283
4796.712043 87.011 -24.0751
4831.470996 86.557 -25.4146
4866.481826 86.079 -26.3568
4901.746360 85.590 -26.8277
4937.266434 85.111 -26.7970
4973.043902 84.662 -26.2888
5009.080628 84.263 -25.3880
5045.378492 83.929 -24.2212
5081.939384 83.664 -22.9364
5118.765212 83.463 -21.6655
5155.857894 83.318 -20.5070
5193.219366 83.216 -19.5134
5230.851574 83.143 -18.7100
5268.756481 83.089 -18.0973
5306.936062 83.045 -17.6571
5345.392309 83.006 -17.3629
5384.127225 82.967 -17.1871
5423.142830 82.925 -17.1038
5462.441159 82.881 -17.0953
5502.024259 82.831 -17.1440
5541.894195 82.777 -17.2366
5582.053045 82.717 -17.3605
5622.502902 82.652 -17.5133
5663.245876 82.579 -17.6949
5704.284090 82.493 -17.8954
5745.619684 82.386 -18.0557
5787.254813 82.258 -18.0426
5829.191647 82.126 -17.6987
5871.432373 82.028 -17.0078
5913.979192 81.990 -16.1912
5956.834323 82.005 -15.5076
6000.000000 82.049 -15.0463
6043.478473 82.105 -14.7668
6087.272010 82.166 -14.6039
6131.382892 82.233 -14.5237
6175.813420 82.308 -14.5194
6220.565910 82.391 -14.5927
6265.642695 82.483 -14.7514
6311.046124 82.582 -15.0063
6356.778566 82.689 -15.3700
6402.842404 82.801 -15.8546
6449.240040 82.918 -16.4712
6495.973891 83.036 -17.2344
6543.046396 83.152 -18.1547
6590.460007 83.263 -19.2393
6638.217197 83.363 -20.4933
6686.320456 83.448 -21.9131
6734.772290 83.511 -23.4868
6783.575226 83.546 -25.1831
6832.731809 83.550 -26.9620
6882.244600 83.520 -28.7836
6932.116181 83.457 -30.6182
6982.349153 83.357 -32.4320
7032.946133 83.222 -34.1828
7083.909760 83.052 -35.8224
7135.242690 82.849 -37.3024
7186.947600 82.617 -38.5756
7239.027185 82.362 -39.5995
7291.484160 82.092 -40.3372
7344.321260 81.819 -40.7679
7397.541239 81.555 -40.9001
7451.146872 81.312 -40.7864
7505.140954 81.097 -40.5140
7559.526299 80.909 -40.1672
7614.305743 80.741 -39.7950
7669.482141 80.588 -39.4166
7725.058371 80.443 -39.0336
7781.037328 80.304 -38.6439
7837.421932 80.167 -38.2407
7894.215122 80.029 -37.8116
7951.419859 79.889 -37.3361
8009.039125 79.745 -36.7880
8067.075924 79.599 -36.1385
8125.533282 79.452 -35.3668
8184.414245 79.307 -34.4535
8243.721885 79.169 -33.3887
8303.459292 79.040 -32.1698
8363.629581 78.926 -30.7971
8424.235888 78.828 -29.2733
8485.281374 78.752 -27.6104
8546.769221 78.701 -25.8224
8608.702634 78.679 -23.9270
8671.084842 78.687 -21.9390
8733.919097 78.729 -19.8748
8797.208675 78.806 -17.7532
8860.956876 78.921 -15.5927
8925.167022 79.078 -13.4122
8989.842461 79.284 -11.2397
9054.986566 79.546 -9.1382
9120.602731 79.864 -7.2335
9186.694378 80.227 -5.6489
9253.264952 80.620 -4.4230
9320.317925 81.031 -3.5416
9387.856790 81.456 -3.0104
9455.885071 81.885 -2.8469
9524.406312 82.308 -3.0517
9593.424086 82.716 -3.5950
9662.941992 83.100 -4.4224
9732.963653 83.459 -5.4670
9803.492719 83.795 -6.6750
9874.532869 84.117 -8.0178
9946.087805 84.434 -9.5176
10018.161257 84.750 -11.2355
10090.756983 85.065 -13.2660
10163.878768 85.370 -15.7097
10237.530423 85.645 -18.6461
10311.715789 85.865 -22.1100
10386.438732 86.003 -26.0770
10461.703149 86.030 -30.4454
10537.512962 85.921 -35.0364
10613.872125 85.661 -39.6057
10690.784618 85.250 -43.8815
10768.254450 84.702 -47.6051
10846.285661 84.042 -50.5731
10924.882318 83.302 -52.6600
11004.048518 82.518 -53.8267
11083.788390 81.720 -54.0995
11164.106090 80.934 -53.5507
11245.005805 80.179 -52.2700
11326.491752 79.469 -50.3550
11408.568180 78.810 -47.8971
11491.239368 78.209 -44.9664
11574.509626 77.667 -41.6230
11658.383294 77.191 -37.9174
11742.864745 76.785 -33.9063
11827.958384 76.454 -29.6754
11913.668646 76.199 -25.3198
12000.000000 76.014 -20.9135
12086.956947 75.895 -16.4862
12174.544019 75.838 -12.0466
12262.765784 75.843 -7.6111
12351.626840 75.913 -3.2081
12441.131819 76.052 1.1171
12531.285389 76.260 5.3041
12622.092249 76.539 9.2843
12713.557132 76.888 12.9832
12805.684808 77.301 16.3155
12898.480079 77.774 19.1919
12991.947783 78.295 21.5164
13086.092792 78.852 23.1955
13180.920015 79.426 24.1437
13276.434395 79.992 24.3000
13372.640911 80.522 23.6473
13469.544580 80.986 22.2262
13567.150452 81.353 20.1466
13665.463617 81.600 17.5883
13764.489200 81.712 14.7834
13864.232362 81.683 11.9880
13964.698305 81.520 9.4603
14065.892266 81.241 7.4487
14167.819519 80.879 6.1550
14270.485380 80.477 5.6566
14373.895200 80.075 5.8945
14478.054370 79.700 6.7456
14582.968320 79.370 8.0787
14688.642520 79.096 9.7673
14795.082478 78.886 11.6873
14902.293745 78.746 13.7029
15010.281908 78.679 15.6399
15119.052599 78.674 17.3071
15228.611486 78.708 18.5495
15338.964283 78.753 19.2800
15450.116741 78.771 19.4907
15562.074656 78.726 19.2842
15674.843864 78.586 18.8912
15788.430244 78.335 18.6682
15902.839718 77.981 19.0548
16018.078250 77.569 20.4899
16134.151848 77.179 23.2794
16251.066563 76.920 27.4565
16368.828491 76.911 32.6692
16487.443769 77.243 38.1596
16606.918584 77.940 42.8533
16727.259161 78.934 45.6209
16848.471777 80.074 45.6520
16970.562748 81.182 42.6894
17093.538442 82.091 37.0259
17217.405268 82.685 29.3656
17342.169684 82.906 20.6316
17467.838194 82.762 11.7402
17594.417350 82.308 3.3901
17721.913751 81.624 -4.0359
17850.334044 80.793 -10.4633
17979.684923 79.877 -16.0283
18109.973131 78.911 -20.9591
18241.205462 77.902 -25.4526
18373.388756 76.838 -29.5983
18506.529905 75.701 -33.3734
18640.635849 74.481 -36.6696
18775.713581 73.182 -39.3635
18911.770141 71.816 -41.3693
19048.812624 70.406 -42.6693
19186.848172 68.973 -43.3182
19325.883983 67.538 -43.4390
19465.927305 66.112 -43.1921
19606.985439 64.710 -42.7456
19749.065738 63.379 -42.2383
19892.175609 62.261 -41.7764
20036.322514 61.615 -41.4707
