* Exported with UsyTrace, available at https://usyless.uk/trace
* Freq(Hz)	SPL(dB)
20.000000	3.682008
20.290907	3.682008
20.586045	3.677250
20.885476	3.667359
21.189262	3.657323
21.497467	3.647141
21.810155	3.641863
22.127391	3.647157
22.449241	3.652528
22.775773	3.657977
23.107054	3.663505
23.443154	3.669114
23.784142	3.674804
24.130091	3.680577
24.481071	3.680550
24.837156	3.678592
25.198421	3.676606
25.564940	3.674590
25.936791	3.672545
26.314050	3.670471
26.696797	3.668366
27.085111	3.666231
27.479073	3.664065
27.878765	3.661867
28.284271	3.659637
28.695675	3.657375
29.113064	3.655080
29.536523	3.652752
29.966142	3.650389
30.402009	3.647993
30.844217	3.645561
31.292856	3.643094
31.748021	3.640591
32.209807	3.641523
32.678309	3.643175
33.153626	3.644850
33.635857	3.646550
34.125101	3.648275
34.621462	3.650025
35.125043	3.651800
35.635949	3.653601
36.154286	3.655428
36.680162	3.657282
37.213687	3.659162
37.754973	3.661070
38.304131	3.663006
38.861278	3.664970
39.426528	3.666963
40.000000	3.668984
40.581813	3.671035
41.172089	3.673116
41.770951	3.675227
42.378524	3.677369
42.994934	3.679542
43.620309	3.681746
44.254781	3.686419
44.898482	3.691487
45.551545	3.696630
46.214108	3.701847
46.886308	3.707140
47.568285	3.712510
48.260181	3.717958
48.962142	3.723485
49.674312	3.730071
50.396842	3.736822
51.129881	3.743671
51.873582	3.750619
52.628101	3.757669
53.393594	3.764821
54.170222	3.771183
54.958146	3.777514
55.757531	3.783937
56.568542	3.790454
57.391351	3.797065
58.226127	3.803772
59.073046	3.810307
59.932283	3.816599
60.804018	3.822982
61.688433	3.829458
62.585712	3.836028
63.496042	3.842693
64.419613	3.849430
65.356618	3.854195
66.307252	3.859029
67.271713	3.863933
68.250203	3.868908
69.242925	3.873956
70.250086	3.879077
71.271897	3.884273
72.308571	3.889544
73.360323	3.893734
74.427374	3.897451
75.509945	3.901223
76.608262	3.905049
77.722555	3.908931
78.853056	3.912869
80.000000	3.916865
81.163627	3.920919
82.344179	3.925031
83.541903	3.929204
84.757048	3.932649
85.989867	3.928099
87.240619	3.923483
88.509563	3.918800
89.796964	3.914049
91.103091	3.909228
92.428216	3.904338
93.772615	3.899376
95.136569	3.894343
96.520362	3.888275
97.924283	3.880579
99.348625	3.872770
100.793684	3.864848
102.259762	3.856810
103.747164	3.848019
105.256202	3.832393
106.787188	3.816539
108.340444	3.799564
109.916292	3.781190
111.515061	3.762651
113.137085	3.744349
114.782702	3.725781
116.452255	3.707488
118.146092	3.688993
119.864566	3.670608
121.608036	3.652184
123.376866	3.633708
125.171424	3.615357
126.992084	3.597180
128.839227	3.583545
130.713236	3.569712
132.614504	3.555800
134.543426	3.543718
136.500406	3.531461
138.485850	3.519025
140.500173	3.510584
142.543795	3.504274
144.617142	3.497872
146.720647	3.491377
148.854748	3.484788
151.019890	3.478102
153.216525	3.471363
155.445111	3.464682
157.706112	3.457903
160.000000	3.451026
162.327254	3.444049
164.688358	3.436971
167.083805	3.431343
169.514095	3.433707
171.979734	3.436106
174.481237	3.438540
177.019125	3.441009
179.593928	3.443514
182.206182	3.446055
184.856431	3.448633
187.545230	3.451249
190.273138	3.453903
193.040725	3.456596
195.848567	3.459327
198.697250	3.462099
201.587368	3.464910
204.519524	3.467763
207.494329	3.470657
210.512403	3.472222
213.574377	3.470031
216.680888	3.467808
219.832584	3.465552
223.030122	3.463264
226.274170	3.460942
229.565404	3.458587
232.904509	3.456197
236.292183	3.453773
239.729132	3.451313
243.216073	3.448818
246.753732	3.446286
250.342848	3.443717
253.984168	3.441112
257.678453	3.438468
261.426473	3.435785
265.229008	3.433064
269.086853	3.428404
273.000811	3.417532
276.971700	3.406502
281.000346	3.395312
285.087590	3.382080
289.234284	3.366371
293.441294	3.350434
297.709496	3.334753
302.039780	3.318965
306.433050	3.302632
310.890221	3.284334
315.412224	3.265769
320.000000	3.244193
324.654507	3.221942
329.376716	3.199970
334.167610	3.177744
339.028190	3.155743
343.959469	3.132400
348.962474	3.104780
354.038251	3.077179
359.187855	3.047816
364.412363	3.011339
369.712863	2.983784
375.090460	2.951243
380.546277	2.914382
386.081450	2.879911
391.697134	2.852270
397.394500	2.817769
403.174736	2.780924
409.039048	2.744069
414.988657	2.700922
421.024807	2.656418
427.148753	2.619561
433.361775	2.576923
439.665167	2.531911
446.060244	2.487285
452.548340	2.431973
459.130807	2.393427
465.809019	2.342313
472.584367	2.287081
479.458265	2.231801
486.432146	2.176474
493.507464	2.100306
500.685695	2.045015
507.968337	1.989766
515.356906	1.913554
522.852945	1.837328
530.458016	1.764913
538.173706	1.696206
546.001623	1.627469
553.943399	1.553454
562.000691	1.456344
570.175180	1.380111
578.468569	1.310768
586.882588	1.206817
595.418991	1.131470
604.079560	1.054422
612.866100	0.957289
621.780442	0.883480
630.824447	0.804906
640.000000	0.707761
649.309014	0.635489
658.753431	0.555388
668.335221	0.479199
678.056380	0.402996
687.918938	0.326777
697.924949	0.250544
708.076501	0.181344
718.375711	0.112625
728.824726	0.042867
739.425726	-0.012371
750.180921	-0.067644
761.092554	-0.122965
772.162900	-0.160633
783.394268	-0.211462
794.789000	-0.248312
806.349472	-0.267951
818.078095	-0.286454
829.977315	-0.300783
842.049613	-0.312969
854.297507	-0.325333
866.723550	-0.336958
879.330334	-0.345969
892.120489	-0.355112
905.096680	-0.364388
918.261614	-0.373798
931.618037	-0.369626
945.168733	-0.359703
958.916529	-0.349635
972.864291	-0.339421
987.014928	-0.340067
1001.371391	-0.349968
1015.936673	-0.360012
1030.713812	-0.370202
1045.705890	-0.380694
1060.916032	-0.391589
1076.347412	-0.402642
1092.003245	-0.413856
1107.886798	-0.424870
1124.001383	-0.435799
1140.350359	-0.446886
1156.937137	-0.458135
1173.765175	-0.471315
1190.837983	-0.485094
1208.159120	-0.499073
1225.732199	-0.514339
1243.560885	-0.530123
1261.648894	-0.545784
1280.000000	-0.559429
1298.618029	-0.573273
1317.506863	-0.587755
1336.670442	-0.606042
1356.112761	-0.624594
1375.837875	-0.646016
1395.849898	-0.668253
1416.153002	-0.686726
1436.751422	-0.705235
1457.649452	-0.721816
1478.851452	-0.737576
1500.361842	-0.753355
1522.185107	-0.761624
1544.325799	-0.770013
1566.788535	-0.778524
1589.577999	-0.787159
1612.698944	-0.795568
1636.156190	-0.801139
1659.954630	-0.806791
1684.099226	-0.812525
1708.595013	-0.818342
1733.447100	-0.824244
1758.660669	-0.830232
1784.240977	-0.836307
1810.193360	-0.843343
1836.523229	-0.850562
1863.236074	-0.857885
1890.337467	-0.865316
1917.833058	-0.872854
1945.728583	-0.883893
1974.029857	-0.905938
2002.742782	-0.939639
2031.873347	-0.994936
2061.427625	-1.050234
2091.411780	-1.105479
2121.832065	-1.160771
2152.694823	-1.201175
2184.006490	-1.238016
2215.773596	-1.284765
2248.002765	-1.325678
2280.700718	-1.353000
2313.874274	-1.375174
2347.530351	-1.390957
2381.675966	-1.404724
2416.318240	-1.418691
2451.464399	-1.411332
2487.121769	-1.395562
2523.297789	-1.378048
2560.000000	-1.341192
2597.236057	-1.304370
2635.013726	-1.252679
2673.340883	-1.197441
2712.225522	-1.152006
2751.675750	-1.107804
2791.699796	-1.064351
2832.306004	-1.038172
2873.502844	-1.022451
2915.298905	-1.006502
2957.702904	-1.015827
3000.723683	-1.029615
3044.370214	-1.043603
3088.651599	-1.054988
3133.577071	-1.065953
3179.155999	-1.077078
3225.397888	-1.087659
3272.312380	-1.082892
3319.909260	-1.078056
3368.198452	-1.073150
3417.190027	-1.068172
3466.894200	-1.063122
3517.321337	-1.057998
3568.481954	-1.052800
3620.386720	-1.047526
3673.046457	-1.050504
3726.472148	-1.056820
3780.674934	-1.063228
3835.666117	-1.069730
3891.457165	-1.076326
3948.059713	-1.083018
4005.485564	-1.098282
4063.746693	-1.135160
4122.855250	-1.172300
4182.823560	-1.227533
4243.664130	-1.273568
4305.389646	-1.310431
4368.012981	-1.351534
4431.547192	-1.398076
4496.005531	-1.434941
4561.401437	-1.471816
4627.748549	-1.507723
4695.060701	-1.529713
4763.351932	-1.549992
4832.636481	-1.560854
4902.928797	-1.571873
4974.243539	-1.583054
5046.595577	-1.585756
5120.000000	-1.574860
5194.472115	-1.563806
5270.027452	-1.552591
5346.681766	-1.531502
5424.451043	-1.502936
5503.351500	-1.466071
5583.399591	-1.429250
5664.612008	-1.411433
5747.005687	-1.397653
5830.597810	-1.383672
5915.405808	-1.393111
6001.447367	-1.408897
6088.740429	-1.427860
6177.303198	-1.464906
6267.154142	-1.534076
6358.311998	-1.602795
6450.795775	-1.713374
6544.624761	-1.790593
6639.818520	-1.866777
6736.396904	-1.902364
6834.380053	-1.917493
6933.788400	-1.879481
7034.642675	-1.807382
7136.963909	-1.696832
7240.773439	-1.586254
7346.092914	-1.445139
7452.944296	-1.323311
7561.349867	-1.212726
7671.332234	-1.115987
7782.914330	-1.069810
7896.119426	-1.032947
8010.971128	-0.999344
8127.493386	-0.977305
8245.710500	-0.971367
8365.647121	-0.999036
8487.328260	-1.034169
8610.779292	-1.104490
8736.025961	-1.159779
8863.094385	-1.235968
8992.011061	-1.312173
9122.802874	-1.388391
9255.497097	-1.464625
9390.121402	-1.533509
9526.703863	-1.602230
9665.272962	-1.754648
9805.857594	-1.931210
9948.487077	-2.203413
10093.191154	-2.571221
10240.000000	-3.034531
10388.944230	-3.551742
10540.054903	-4.140176
10693.363532	-4.752853
10848.902086	-5.329509
11006.703001	-5.810387
11166.799182	-6.138859
11329.224017	-6.318090
11494.011375	-6.325457
11661.195620	-6.156499
11830.811616	-5.744049
12002.894734	-5.188354
12177.480858	-4.498057
12354.606395	-3.688276
12534.308283	-2.783066
12716.623996	-1.787897
12901.591551	-0.792911
13089.249521	0.142407
13279.637040	1.024191
13472.793808	1.696715
13668.760107	2.151064
13867.576801	2.468066
14069.285350	2.620810
14273.927818	2.680140
14481.546879	2.702143
14692.185828	2.725521
14905.888592	2.753143
15122.699734	2.800190
15342.664467	2.907596
15565.828661	3.018171
15792.238852	3.128724
16021.942256	3.163273
16254.986772	3.150457
16491.420999	3.037362
16731.294241	2.745464
16974.656520	2.261754
17221.558584	1.682698
17472.051922	1.019317
17726.188769	0.314035
17984.022122	-0.349206
18245.605748	-0.962402
18510.994194	-1.438114
18780.242805	-1.860015
19053.407727	-2.139228
19330.545924	-2.291621
19611.715189	-2.401783
19896.974155	-2.510460
20186.382308	-2.510460