* Measurement data measured by REW V5.31.3
* Source: Microphone (JadeAudio JA11), MICROPHONE (Master Volume), R, volume: 0.250
* Format: 512k Log Swept Sine, 1 sweep at -14.9 dBFS with no timing reference
* Dated: Jun 27, 2025 5:40:46 PM
* REW Settings:
*  C-weighting compensation: Off
*  Target level: 75.0 dB
* Note: 
* Measurement: R 7A Supernova
* Smoothing: 1/24 octave
* Frequency Step: 96 ppo
* Start Frequency: 0.36621094 Hz
*
* Freq(Hz) SPL(dB) Phase(degrees)
0.366211 68.716 -95.2192
0.368865 68.738 -95.4432
0.371538 68.770 -95.7692
0.374230 68.806 -96.1442
0.376942 68.844 -96.5444
0.379673 68.883 -96.9612
0.382424 68.922 -97.3917
0.385196 68.961 -97.8354
0.387987 69.000 -98.2921
0.390798 69.040 -98.7618
0.393630 69.080 -99.2448
0.396483 69.121 -99.7411
0.399356 69.161 -100.2508
0.402250 69.202 -100.7740
0.405165 69.244 -101.3108
0.408101 69.285 -101.8613
0.411058 69.327 -102.4255
0.414037 69.369 -103.0035
0.417037 69.412 -103.5953
0.420059 69.455 -104.2009
0.423103 69.498 -104.8203
0.426169 69.541 -105.4536
0.429257 69.585 -106.1006
0.432368 69.629 -106.7614
0.435501 69.673 -107.4359
0.438656 69.718 -108.1239
0.441835 69.763 -108.8254
0.445037 69.808 -109.5402
0.448262 69.854 -110.2682
0.451510 69.900 -111.0092
0.454782 69.946 -111.7630
0.458077 69.993 -112.5294
0.461397 70.040 -113.3081
0.464740 70.087 -114.0989
0.468108 70.135 -114.9015
0.471500 70.183 -115.7155
0.474917 70.231 -116.5406
0.478358 70.280 -117.3765
0.481825 70.329 -118.2228
0.485316 70.379 -119.0790
0.488833 70.428 -119.9447
0.492375 70.479 -120.8195
0.495943 70.529 -121.7030
0.499537 70.580 -122.5946
0.503157 70.631 -123.4939
0.506803 70.683 -124.4003
0.510475 70.735 -125.3133
0.514175 70.787 -126.2324
0.517900 70.840 -127.1571
0.521653 70.893 -128.0868
0.525434 70.947 -129.0209
0.529241 71.001 -129.9590
0.533076 71.055 -130.9004
0.536939 71.110 -131.8446
0.540830 71.165 -132.7911
0.544749 71.220 -133.7393
0.548696 71.276 -134.6888
0.552673 71.332 -135.6389
0.556677 71.389 -136.5892
0.560711 71.446 -137.5393
0.564774 71.504 -138.4885
0.568867 71.562 -139.3991
0.572989 71.620 -140.2917
0.577141 71.679 -141.1819
0.581324 71.738 -142.0691
0.585536 71.798 -142.9532
0.589779 71.858 -143.8336
0.594053 71.918 -144.7102
0.598358 71.979 -145.5826
0.602694 72.041 -146.4505
0.607061 72.103 -147.3138
0.611460 72.165 -148.1720
0.615891 72.228 -149.0252
0.620354 72.291 -149.8730
0.624849 72.355 -150.7154
0.629377 72.419 -151.5522
0.633938 72.483 -152.3833
0.638532 72.548 -153.2088
0.643159 72.614 -154.0284
0.647819 72.680 -154.8422
0.652514 72.746 -155.6502
0.657242 72.813 -156.4524
0.662005 72.881 -157.2488
0.666802 72.949 -158.0396
0.671634 73.017 -158.8247
0.676501 73.086 -159.6042
0.681403 73.155 -160.3784
0.686341 73.225 -161.1472
0.691314 73.296 -161.9110
0.696324 73.367 -162.6697
0.701370 73.438 -163.4235
0.706452 73.510 -164.1728
0.711571 73.583 -164.9176
0.716728 73.656 -165.6581
0.721921 73.731 -166.3945
0.727153 73.807 -167.1268
0.732422 73.889 -167.8546
0.737729 73.977 -168.5772
0.743075 74.071 -169.2934
0.748460 74.168 -170.0025
0.753883 74.268 -170.7038
0.759346 74.370 -171.3971
0.764849 74.474 -172.0821
0.770391 74.581 -172.6962
0.775974 74.690 -173.2846
0.781597 74.801 -173.8634
0.787261 74.914 -174.4326
0.792966 75.029 -174.9920
0.798712 75.147 -175.5416
0.804500 75.266 -176.0813
0.810329 75.387 -176.6110
0.816201 75.511 -177.1309
0.822116 75.636 -177.6408
0.828073 75.763 -178.1410
0.834074 75.892 -178.6314
0.840118 76.023 -179.1122
0.846206 76.156 -179.5835
0.852338 76.290 179.9546
0.858514 76.426 179.5019
0.864735 76.564 179.0583
0.871001 76.703 178.6236
0.877313 76.844 178.1976
0.883670 76.986 177.7801
0.890074 77.129 177.3708
0.896524 77.274 176.9697
0.903020 77.420 176.5764
0.909564 77.567 176.1907
0.916155 77.715 175.8123
0.922794 77.865 175.4411
0.929481 78.015 175.0768
0.936216 78.166 174.7190
0.943000 78.317 174.3676
0.949834 78.469 174.0223
0.956717 78.622 173.6828
0.963649 78.775 173.3489
0.970632 78.929 173.0622
0.977666 79.082 172.8024
0.984750 79.235 172.5477
0.991886 79.389 172.2979
0.999074 79.542 172.0527
1.006314 79.695 171.8120
1.013606 79.847 171.5752
1.020951 79.998 171.3423
1.028349 80.149 171.1129
1.035801 80.298 170.8867
1.043307 80.447 170.6635
1.050867 80.594 170.4429
1.058482 80.739 170.2248
1.066152 80.883 170.0087
1.073878 81.025 169.7944
1.081660 81.164 169.5817
1.089498 81.302 169.3704
1.097393 81.437 169.1605
1.105345 81.571 168.9525
1.113355 81.704 168.7469
1.121423 81.836 168.5441
1.129549 81.967 168.3445
1.137734 82.098 168.1481
1.145979 82.228 167.9551
1.154283 82.358 167.7657
1.162647 82.487 167.5799
1.171072 82.615 167.4427
1.179558 82.743 167.3395
1.188106 82.869 167.2408
1.196715 82.996 167.1465
1.205387 83.121 167.0568
1.214122 83.246 166.9716
1.222920 83.370 166.8911
1.231782 83.493 166.8153
1.240708 83.616 166.7442
1.249699 83.737 166.6779
1.258754 83.858 166.6163
1.267876 83.978 166.5596
1.277063 84.097 166.5076
1.286318 84.216 166.4605
1.295639 84.333 166.4182
1.305027 84.450 166.3807
1.314484 84.565 166.3481
1.324009 84.680 166.3203
1.333604 84.794 166.2972
1.343268 84.906 166.2789
1.353002 85.018 166.2654
1.362806 85.129 166.2565
1.372681 85.239 166.2585
1.382628 85.348 166.2680
1.392647 85.455 166.2822
1.402739 85.562 166.3010
1.412904 85.667 166.3243
1.423142 85.772 166.3522
1.433455 85.875 166.3845
1.443843 85.977 166.4213
1.454305 86.078 166.4624
1.464844 86.178 166.5081
1.475459 86.275 166.5587
1.486150 86.370 166.6144
1.496920 86.462 166.6753
1.507767 86.552 166.7414
1.518693 86.639 166.8126
1.529698 86.724 166.8889
1.540783 86.806 166.9700
1.551948 86.886 167.0560
1.563194 86.964 167.1466
1.574521 87.040 167.2490
1.585931 87.113 167.3581
1.597423 87.185 167.4716
1.608999 87.254 167.5892
1.620658 87.322 167.7109
1.632402 87.388 167.8366
1.644232 87.453 167.9660
1.656146 87.517 168.0990
1.668147 87.579 168.2354
1.680235 87.640 168.3752
1.692411 87.700 168.5180
1.704675 87.759 168.6638
1.717028 87.818 168.8124
1.729470 87.876 168.9636
1.742003 87.934 169.1173
1.754626 87.992 169.2732
1.767341 88.050 169.4332
1.780147 88.108 169.6133
1.793047 88.167 169.7951
1.806040 88.227 169.9787
1.819128 88.287 170.1638
1.832310 88.348 170.3506
1.845587 88.409 170.5392
1.858961 88.470 170.7299
1.872432 88.529 170.9232
1.886001 88.588 171.1193
1.899667 88.646 171.3183
1.913433 88.703 171.5206
1.927299 88.760 171.7262
1.941265 88.815 171.9353
1.955332 88.869 172.1482
1.969501 88.923 172.3652
1.983773 88.975 172.5869
1.998148 89.027 172.8128
2.012627 89.077 173.0428
2.027212 89.127 173.2772
2.041902 89.176 173.5159
2.056698 89.225 173.7591
2.071602 89.272 174.0067
2.086614 89.319 174.2588
2.101734 89.365 174.5154
2.116964 89.410 174.7766
2.132304 89.454 175.0423
2.147756 89.498 175.3126
2.163320 89.541 175.5872
2.178996 89.583 175.8388
2.194786 89.625 176.0885
2.210690 89.665 176.3416
2.226710 89.705 176.5977
2.242845 89.743 176.8568
2.259098 89.780 177.1189
2.275468 89.816 177.3843
2.291957 89.850 177.6533
2.308566 89.883 177.9260
2.325295 89.915 178.2028
2.342145 89.946 178.4838
2.359117 89.976 178.7693
2.376212 90.005 179.0311
2.393431 90.032 179.2785
2.410775 90.059 179.5305
2.428244 90.084 179.7872
2.445840 90.109 -179.9511
2.463564 90.133 -179.6844
2.481416 90.156 -179.4126
2.499397 90.178 -179.1355
2.517509 90.199 -178.8532
2.535752 90.220 -178.5657
2.554127 90.239 -178.2732
2.572635 90.258 -177.9985
2.591277 90.276 -177.7603
2.610055 90.292 -177.5192
2.628968 90.307 -177.2754
2.648019 90.321 -177.0285
2.667208 90.333 -176.7783
2.686535 90.344 -176.5246
2.706003 90.354 -176.2668
2.725612 90.362 -176.0049
2.745363 90.370 -175.7384
2.765257 90.376 -175.4672
2.785295 90.382 -175.2590
2.805478 90.386 -175.0486
2.825808 90.390 -174.8333
2.846285 90.393 -174.6127
2.866910 90.395 -174.3867
2.887685 90.397 -174.1553
2.908611 90.398 -173.9185
2.929688 90.398 -173.6767
2.950917 90.398 -173.4309
2.972301 90.396 -173.2025
2.993839 90.394 -173.0206
3.015534 90.390 -172.8361
3.037386 90.385 -172.6487
3.059396 90.379 -172.4581
3.081565 90.372 -172.2638
3.103896 90.364 -172.0654
3.126388 90.355 -171.8624
3.149043 90.345 -171.6545
3.171862 90.334 -171.4615
3.194847 90.323 -171.3215
3.217998 90.311 -171.1761
3.241317 90.299 -171.0249
3.264805 90.286 -170.8678
3.288463 90.273 -170.7051
3.312293 90.260 -170.5376
3.336295 90.245 -170.3663
3.360471 90.230 -170.1918
3.384822 90.213 -170.0683
3.409350 90.196 -169.9577
3.434056 90.178 -169.8438
3.458940 90.159 -169.7262
3.484005 90.140 -169.6046
3.509252 90.120 -169.4784
3.534681 90.099 -169.3473
3.560295 90.078 -169.2109
3.586094 90.057 -169.1257
3.612081 90.035 -169.0513
3.638255 90.013 -168.9714
3.664620 89.991 -168.8865
3.691175 89.969 -168.7975
3.717923 89.946 -168.7053
3.744864 89.922 -168.6101
3.772001 89.898 -168.5255
3.799335 89.874 -168.4868
3.826866 89.849 -168.4446
3.854597 89.824 -168.3985
3.882529 89.798 -168.3482
3.910664 89.772 -168.2932
3.939002 89.746 -168.2331
3.967546 89.720 -168.1710
3.996296 89.694 -168.1649
4.025255 89.667 -168.1539
4.054423 89.641 -168.1385
4.083804 89.614 -168.1197
4.113396 89.587 -168.0977
4.143204 89.559 -168.0725
4.173227 89.532 -168.0573
4.203468 89.504 -168.0809
4.233928 89.476 -168.1008
4.264609 89.448 -168.1166
4.295512 89.420 -168.1280
4.326639 89.391 -168.1348
4.357992 89.363 -168.1366
4.389572 89.335 -168.1738
4.421380 89.307 -168.2207
4.453419 89.279 -168.2645
4.485691 89.251 -168.3055
4.518196 89.222 -168.3435
4.550936 89.194 -168.3783
4.583914 89.165 -168.4356
4.617131 89.137 -168.5112
4.650589 89.109 -168.5830
4.684289 89.081 -168.6506
4.718233 89.053 -168.7138
4.752424 89.026 -168.7726
4.786862 88.999 -168.8551
4.821549 88.972 -168.9526
4.856488 88.945 -169.0474
4.891680 88.919 -169.1395
4.927127 88.892 -169.2285
4.962831 88.866 -169.3143
4.998794 88.840 -169.4344
5.035017 88.815 -169.5545
5.071503 88.789 -169.6707
5.108253 88.764 -169.7829
5.145270 88.739 -169.8913
5.182555 88.714 -170.0135
5.220110 88.689 -170.1543
5.257937 88.665 -170.2925
5.296038 88.641 -170.4279
5.334415 88.617 -170.5602
5.373071 88.593 -170.6956
5.412006 88.570 -170.8566
5.451224 88.546 -171.0139
5.490725 88.524 -171.1674
5.530514 88.501 -171.3176
5.570590 88.479 -171.4686
5.610957 88.457 -171.6451
5.651616 88.436 -171.8189
5.692570 88.415 -171.9897
5.733821 88.394 -172.1573
5.775370 88.374 -172.3283
5.817221 88.354 -172.5193
5.859375 88.334 -172.7067
5.901834 88.315 -172.8909
5.944602 88.296 -173.0723
5.987679 88.278 -173.2644
6.031068 88.260 -173.4671
6.074771 88.243 -173.6669
6.118792 88.225 -173.8635
6.163131 88.209 -174.0567
6.207792 88.193 -174.2699
6.252776 88.177 -174.4814
6.298086 88.162 -174.6900
6.343725 88.147 -174.8959
6.389694 88.132 -175.1104
6.435996 88.119 -175.3326
6.482634 88.105 -175.5518
6.529610 88.093 -175.7680
6.576926 88.081 -175.9855
6.624585 88.069 -176.2151
6.672590 88.058 -176.4421
6.720942 88.048 -176.6665
6.769645 88.038 -176.8896
6.818700 88.029 -177.1262
6.868111 88.020 -177.3601
6.917881 88.012 -177.5910
6.968010 88.005 -177.8197
7.018504 87.998 -178.0612
7.069362 87.992 -178.3003
7.120590 87.986 -178.5370
7.172189 87.981 -178.7727
7.224161 87.977 -179.0181
7.276511 87.973 -179.2606
7.329239 87.970 -179.5004
7.382350 87.967 -179.7413
7.435845 87.965 -179.9882
7.489729 87.963 179.7673
7.544002 87.962 179.5254
7.598669 87.961 179.2804
7.653732 87.961 179.0344
7.709194 87.962 178.7912
7.765058 87.963 178.5507
7.821327 87.964 178.3046
7.878004 87.966 178.0609
7.935091 87.969 177.8201
7.992592 87.972 177.5793
8.050510 87.976 177.3383
8.108847 87.980 177.1004
8.167607 87.985 176.8651
8.226793 87.990 176.6273
8.286408 87.996 176.3925
8.346454 88.002 176.1608
8.406936 88.009 175.9298
8.467856 88.016 175.7008
8.529218 88.024 175.4749
8.591024 88.032 175.2509
8.653278 88.040 175.0279
8.715983 88.049 174.8082
8.779143 88.059 174.5917
8.842760 88.068 174.3776
8.906839 88.078 174.1667
8.971381 88.089 173.9591
9.036392 88.100 173.7545
9.101873 88.112 173.5534
9.167829 88.123 173.3557
9.234263 88.136 173.1620
9.301178 88.148 172.9717
9.368578 88.162 172.7848
9.436467 88.175 172.6030
9.504847 88.188 172.4245
9.573723 88.202 172.2497
9.643099 88.216 172.0794
9.712976 88.230 171.9125
9.783361 88.244 171.7497
9.854255 88.259 171.5925
9.925663 88.274 171.4387
9.997588 88.289 171.2882
10.070035 88.304 171.1494
10.143007 88.319 171.0142
10.216507 88.335 170.8822
10.290540 88.350 170.7535
10.365109 88.364 170.6280
10.440219 88.379 170.5056
10.515873 88.393 170.3864
10.592076 88.407 170.2703
10.668830 88.421 170.1572
10.746141 88.434 170.0471
10.824012 88.447 169.9400
10.902447 88.459 169.8359
10.981451 88.471 169.7349
11.061027 88.483 169.6378
11.141180 88.493 169.5441
11.221913 88.504 169.4534
11.303232 88.513 169.3660
11.385140 88.523 169.2819
11.467641 88.532 169.2010
11.550741 88.540 169.1235
11.634442 88.548 169.0496
11.718750 88.555 168.9796
11.803669 88.561 168.9134
11.889203 88.567 168.8511
11.975357 88.571 168.7930
12.062136 88.575 168.7232
12.149543 88.577 168.6514
12.237583 88.578 168.5839
12.326262 88.578 168.5208
12.415583 88.578 168.4620
12.505552 88.577 168.4078
12.596172 88.576 168.3580
12.687449 88.574 168.3126
12.779387 88.572 168.2713
12.871992 88.570 168.2341
12.965268 88.566 168.2008
13.059220 88.562 168.1380
13.153852 88.558 168.0587
13.249170 88.552 167.9821
13.345179 88.547 167.9081
13.441884 88.540 167.8365
13.539289 88.534 167.7669
13.637401 88.527 167.6992
13.736223 88.520 167.6332
13.835761 88.512 167.5690
13.936021 88.505 167.5062
14.037007 88.496 167.4202
14.138725 88.488 167.2927
14.241180 88.478 167.1664
14.344377 88.469 167.0414
14.448323 88.458 166.9178
14.553021 88.448 166.7960
14.658478 88.436 166.6760
14.764700 88.425 166.5581
14.871691 88.413 166.4425
14.979457 88.402 166.3294
15.088005 88.391 166.1674
15.197339 88.380 165.9955
15.307465 88.369 165.8259
15.418389 88.358 165.6585
15.530117 88.347 165.4933
15.642655 88.337 165.3302
15.756008 88.326 165.1689
15.870182 88.316 165.0092
15.985184 88.307 164.8511
16.101019 88.298 164.6548
16.217694 88.290 164.4535
16.335214 88.284 164.2527
16.453586 88.277 164.0524
16.572815 88.271 163.8525
16.692909 88.265 163.6530
16.813872 88.259 163.4540
16.935713 88.253 163.2558
17.058436 88.249 163.0487
17.182048 88.245 162.8320
17.306556 88.241 162.6166
17.431967 88.238 162.4027
17.558286 88.234 162.1908
17.685521 88.231 161.9810
17.813677 88.228 161.7733
17.942762 88.225 161.5680
18.072783 88.224 161.3654
18.203746 88.223 161.1652
18.335658 88.223 160.9671
18.468526 88.222 160.7710
18.602356 88.222 160.5765
18.737156 88.223 160.3835
18.872934 88.223 160.1918
19.009695 88.223 160.0020
19.147447 88.224 159.8232
19.286197 88.225 159.6456
19.425953 88.225 159.4693
19.566721 88.226 159.2945
19.708510 88.226 159.1213
19.851326 88.226 158.9502
19.995177 88.225 158.7812
20.140070 88.224 158.6211
20.286013 88.222 158.4637
20.433014 88.220 158.3088
20.581080 88.217 158.1564
20.730219 88.214 158.0062
20.880439 88.210 157.8580
21.031747 88.206 157.7104
21.184152 88.201 157.5598
21.337661 88.195 157.4105
21.492282 88.189 157.2626
21.648024 88.181 157.1162
21.804895 88.174 156.9717
21.962902 88.165 156.8293
22.122054 88.155 156.6721
22.282360 88.144 156.5125
22.443827 88.132 156.3561
22.606464 88.120 156.2030
22.770280 88.108 156.0532
22.935283 88.095 155.9066
23.101481 88.082 155.7426
23.268884 88.069 155.5679
23.437500 88.056 155.3946
23.607338 88.042 155.2223
23.778406 88.029 155.0505
23.950714 88.015 154.8793
24.124271 88.002 154.6859
24.299086 87.989 154.4841
24.475167 87.975 154.2829
24.652524 87.962 154.0826
24.831166 87.949 153.8831
25.011103 87.937 153.6827
25.192344 87.925 153.4600
25.374898 87.914 153.2363
25.558775 87.903 153.0107
25.743984 87.893 152.7823
25.930536 87.883 152.5507
26.118439 87.873 152.3092
26.307704 87.864 152.0612
26.498341 87.854 151.8118
26.690359 87.843 151.5626
26.883768 87.832 151.3156
27.078579 87.820 151.0734
27.274801 87.808 150.8380
27.472446 87.796 150.6089
27.671522 87.784 150.3862
27.872042 87.772 150.1691
28.074014 87.762 149.9594
28.277450 87.751 149.7577
28.482360 87.742 149.5576
28.688755 87.733 149.3578
28.896645 87.724 149.1578
29.106042 87.714 148.9600
29.316957 87.704 148.7646
29.529400 87.694 148.5694
29.743382 87.684 148.3747
29.958915 87.673 148.1805
30.176009 87.662 147.9846
30.394677 87.650 147.7878
30.614929 87.637 147.5906
30.836778 87.624 147.3929
31.060234 87.611 147.1925
31.285309 87.596 146.9858
31.512015 87.580 146.7818
31.740364 87.564 146.5815
31.970368 87.547 146.3854
32.202039 87.530 146.1774
32.435388 87.514 145.9689
32.670428 87.498 145.7596
32.907171 87.483 145.5474
33.145630 87.467 145.3195
33.385817 87.452 145.0797
33.627745 87.435 144.8366
33.871425 87.418 144.5930
34.116871 87.399 144.3458
34.364096 87.380 144.0971
34.613113 87.362 143.8548
34.863934 87.343 143.6181
35.116572 87.326 143.3813
35.371041 87.310 143.1404
35.627354 87.294 142.8969
35.885525 87.279 142.6496
36.145566 87.263 142.3989
36.407492 87.247 142.1476
36.671316 87.229 141.8990
36.937051 87.211 141.6557
37.204712 87.194 141.4219
37.474313 87.176 141.1948
37.745867 87.159 140.9716
38.019389 87.143 140.7498
38.294893 87.127 140.5298
38.572394 87.111 140.3086
38.851905 87.094 140.0864
39.133442 87.078 139.8630
39.417019 87.061 139.6383
39.702651 87.043 139.4129
39.990353 87.026 139.1856
40.280140 87.007 138.9509
40.572026 86.988 138.7139
40.866028 86.968 138.4769
41.162160 86.947 138.2380
41.460438 86.925 138.0007
41.760877 86.902 137.7700
42.063494 86.880 137.5430
42.368303 86.859 137.3110
42.675322 86.838 137.0778
42.984565 86.818 136.8406
43.296048 86.798 136.5925
43.609789 86.778 136.3407
43.925804 86.757 136.0880
44.244108 86.735 135.8331
44.564719 86.714 135.5798
44.887654 86.692 135.3286
45.212928 86.672 135.0763
45.540560 86.651 134.8221
45.870565 86.631 134.5660
46.202962 86.610 134.3087
46.537768 86.589 134.0517
46.875000 86.568 133.7967
47.214676 86.547 133.5435
47.556813 86.526 133.2919
47.901429 86.505 133.0411
48.248542 86.484 132.7887
48.598171 86.463 132.5346
48.950334 86.441 132.2801
49.305048 86.419 132.0239
49.662333 86.397 131.7707
50.022206 86.374 131.5215
50.384688 86.352 131.2718
50.749796 86.330 131.0230
51.117550 86.308 130.7720
51.487969 86.286 130.5168
51.861072 86.264 130.2596
52.236879 86.241 130.0000
52.615409 86.218 129.7397
52.996681 86.195 129.4803
53.380717 86.171 129.2184
53.767536 86.147 128.9577
54.157158 86.122 128.6979
54.549603 86.097 128.4399
54.944892 86.073 128.1854
55.343045 86.049 127.9306
55.744084 86.025 127.6746
56.148028 86.002 127.4141
56.554900 85.979 127.1473
56.964720 85.955 126.8774
57.377510 85.930 126.6047
57.793291 85.905 126.3341
58.212085 85.880 126.0657
58.633914 85.856 125.7978
59.058799 85.831 125.5285
59.486764 85.807 125.2567
59.917829 85.782 124.9829
60.352019 85.757 124.7064
60.789354 85.731 124.4310
61.229859 85.705 124.1575
61.673556 85.679 123.8859
62.120468 85.653 123.6158
62.570618 85.627 123.3464
63.024031 85.601 123.0782
63.480729 85.576 122.8105
63.940736 85.551 122.5439
64.404077 85.526 122.2745
64.870776 85.501 122.0022
65.340856 85.477 121.7239
65.814343 85.452 121.4428
66.291261 85.426 121.1611
66.771635 85.400 120.8812
67.255489 85.374 120.6026
67.742850 85.348 120.3236
68.233743 85.322 120.0443
68.728193 85.296 119.7644
69.226226 85.270 119.4847
69.727867 85.244 119.2056
70.233144 85.218 118.9263
70.742083 85.193 118.6450
71.254709 85.168 118.3583
71.771050 85.143 118.0639
72.291132 85.118 117.7635
72.814984 85.091 117.4626
73.342631 85.063 117.1654
73.874102 85.035 116.8751
74.409424 85.007 116.5892
74.948626 84.980 116.3054
75.491734 84.954 116.0199
76.038779 84.927 115.7326
76.589787 84.901 115.4413
77.144788 84.875 115.1483
77.703811 84.848 114.8554
78.266885 84.821 114.5639
78.834039 84.793 114.2736
79.405303 84.766 113.9828
79.980706 84.739 113.6890
80.560280 84.712 113.3913
81.144053 84.685 113.0920
81.732056 84.657 112.7945
82.324320 84.628 112.5005
82.920876 84.601 112.2082
83.521755 84.573 111.9140
84.126988 84.546 111.6178
84.736607 84.519 111.3203
85.350643 84.491 111.0231
85.969129 84.463 110.7254
86.592097 84.436 110.4249
87.219579 84.408 110.1223
87.851608 84.380 109.8187
88.488217 84.352 109.5143
89.129439 84.324 109.2090
89.775308 84.296 108.9025
90.425856 84.268 108.5953
91.081119 84.240 108.2877
91.741131 84.212 107.9780
92.405925 84.184 107.6663
93.075536 84.156 107.3549
93.750000 84.127 107.0468
94.429351 84.099 106.7405
95.113625 84.071 106.4325
95.802858 84.043 106.1204
96.497085 84.014 105.8072
97.196342 83.984 105.4980
97.900667 83.956 105.1920
98.610096 83.927 104.8825
99.324665 83.899 104.5676
100.044413 83.871 104.2503
100.769376 83.842 103.9328
101.499592 83.813 103.6147
102.235100 83.785 103.2946
102.975938 83.757 102.9730
103.722144 83.729 102.6510
104.473757 83.700 102.3327
105.230817 83.673 102.0183
105.993363 83.646 101.7022
106.761435 83.619 101.3801
107.535072 83.590 101.0568
108.314315 83.562 100.7408
109.099206 83.533 100.4319
109.889783 83.505 100.1223
110.686090 83.477 99.8053
111.488167 83.449 99.4843
112.296056 83.420 99.1650
113.109800 83.391 98.8474
113.929440 83.363 98.5269
114.755020 83.335 98.2029
115.586582 83.307 97.8782
116.424170 83.280 97.5558
117.267827 83.252 97.2343
118.117598 83.225 96.9113
118.973527 83.198 96.5873
119.835658 83.170 96.2606
120.704037 83.142 95.9315
121.578708 83.114 95.6050
122.459718 83.085 95.2821
123.347111 83.057 94.9618
124.240935 83.029 94.6427
125.141236 83.002 94.3218
126.048061 82.974 93.9997
126.961458 82.947 93.6778
127.881473 82.921 93.3521
128.808154 82.894 93.0205
129.741551 82.866 92.6848
130.681712 82.838 92.3516
131.628686 82.809 92.0223
132.582521 82.781 91.6946
133.543269 82.753 91.3654
134.510979 82.725 91.0349
135.485701 82.696 90.7042
136.467486 82.668 90.3740
137.456386 82.639 90.0448
138.452451 82.611 89.7169
139.455735 82.583 89.3917
140.466288 82.556 89.0701
141.484165 82.530 88.7507
142.509418 82.504 88.4324
143.542100 82.477 88.1138
144.582265 82.449 87.7912
145.629968 82.418 87.4666
146.685262 82.385 87.1456
147.748204 82.352 86.8295
148.818849 82.319 86.5133
149.897251 82.287 86.1965
150.983469 82.255 85.8783
152.077557 82.225 85.5555
153.179574 82.195 85.2280
154.289576 82.163 84.8965
155.407622 82.129 84.5645
156.533770 82.092 84.2537
157.668078 82.055 83.9823
158.810606 82.021 83.7311
159.961413 81.989 83.4874
161.120559 81.958 83.2711
162.288105 81.932 83.1127
163.464112 81.915 83.0098
164.648640 81.913 82.9344
165.841752 81.928 82.8356
167.043510 81.955 82.6459
168.253976 81.983 82.2969
169.473213 81.998 81.8430
170.701286 82.000 81.3610
171.938258 81.990 80.8920
173.184194 81.974 80.4193
174.439158 81.952 79.9487
175.703216 81.926 79.4728
176.976434 81.897 79.0067
178.258878 81.868 78.5464
179.550615 81.838 78.0971
180.851713 81.807 77.6846
182.162239 81.778 77.2924
183.482262 81.749 76.9304
184.811850 81.720 76.5845
186.151073 81.691 76.2438
187.500000 81.663 75.9194
188.858702 81.638 75.5843
190.227250 81.613 75.2467
191.605715 81.589 74.9211
192.994169 81.566 74.5882
194.392685 81.540 74.2600
195.801334 81.514 73.9502
197.220191 81.488 73.6306
198.649330 81.461 73.3037
200.088825 81.436 72.9918
201.538751 81.413 72.6655
202.999184 81.390 72.3184
204.470200 81.366 71.9994
205.951875 81.345 71.7082
207.444287 81.327 71.3863
208.947514 81.305 71.0333
210.461634 81.279 70.7139
211.986726 81.258 70.4353
213.522869 81.242 70.1240
215.070144 81.224 69.7507
216.628631 81.197 69.3819
218.198411 81.166 69.0906
219.779567 81.142 68.8590
221.372180 81.127 68.6054
222.976334 81.113 68.2831
224.592112 81.096 67.9547
226.219600 81.078 67.6704
227.858880 81.062 67.3672
229.510039 81.045 67.0330
231.173164 81.026 66.7010
232.848340 81.010 66.3868
234.535655 80.996 66.0883
236.235197 80.982 65.7792
237.947054 80.963 65.4336
239.671317 80.936 65.0626
241.408074 80.904 64.7149
243.157416 80.873 64.4254
244.919435 80.845 64.1894
246.694223 80.821 63.9957
248.481871 80.800 63.8083
250.282473 80.783 63.5833
252.096123 80.767 63.2801
253.922915 80.750 62.8983
255.762945 80.733 62.5094
257.616309 80.720 62.1755
259.483103 80.716 61.8892
261.363424 80.714 61.6463
263.257372 80.705 61.4376
265.165043 80.689 61.2180
267.086538 80.666 60.9518
269.021957 80.643 60.6422
270.971401 80.624 60.3190
272.934972 80.607 60.0099
274.912771 80.589 59.7187
276.904902 80.569 59.4304
278.911469 80.549 59.1374
280.932577 80.530 58.8516
282.968330 80.512 58.5874
285.018835 80.493 58.3421
287.084199 80.474 58.1024
289.164530 80.455 57.8532
291.259935 80.437 57.5984
293.370525 80.420 57.3418
295.496408 80.403 57.0861
297.637697 80.386 56.8314
299.794503 80.369 56.5766
301.966937 80.351 56.3221
304.155114 80.332 56.0677
306.359147 80.312 55.8156
308.579152 80.293 55.5613
310.815244 80.274 55.3050
313.067539 80.255 55.0519
315.336156 80.236 54.8038
317.621211 80.218 54.5634
319.922826 80.200 54.3275
322.241118 80.183 54.0893
324.576210 80.166 53.8479
326.928223 80.149 53.6021
329.297280 80.131 53.3611
331.683504 80.114 53.1277
334.087019 80.096 52.9009
336.507952 80.077 52.6757
338.946427 80.058 52.4538
341.402572 80.039 52.2373
343.876516 80.020 52.0248
346.368387 80.001 51.8074
348.878315 79.983 51.5771
351.406431 79.964 51.3478
353.952867 79.947 51.1241
356.517756 79.930 50.9067
359.101230 79.914 50.7016
361.703426 79.900 50.5053
364.324478 79.885 50.2982
366.964523 79.867 50.1001
369.623699 79.850 49.9341
372.302145 79.838 49.7570
375.000000 79.825 49.5169
377.717405 79.805 49.2614
380.454501 79.778 49.0544
383.211431 79.751 48.9170
385.988339 79.729 48.8394
388.785369 79.717 48.8039
391.602668 79.719 48.7709
394.440383 79.730 48.6508
397.298660 79.737 48.4428
400.177650 79.736 48.2189
403.077502 79.733 48.0224
405.998368 79.732 47.8549
408.940400 79.732 47.6792
411.903750 79.726 47.4553
414.888575 79.704 47.2228
417.895028 79.665 47.0834
420.923268 79.624 47.0093
423.973452 79.591 46.8544
427.045738 79.570 46.5522
430.140287 79.561 46.1991
433.257261 79.556 45.9255
436.396822 79.545 45.7683
439.559133 79.524 45.6601
442.744360 79.498 45.5154
445.952668 79.477 45.3213
449.184225 79.466 45.1478
452.439199 79.457 45.0357
455.717760 79.446 44.9335
459.020079 79.433 44.8038
462.346327 79.420 44.6624
465.696680 79.408 44.5258
469.071310 79.397 44.3904
472.470394 79.384 44.2490
475.894109 79.372 44.1087
479.342634 79.361 43.9838
482.816148 79.350 43.8683
486.314833 79.339 43.7545
489.838871 79.328 43.6417
493.388445 79.318 43.5320
496.963741 79.308 43.4283
500.564945 79.298 43.3301
504.192245 79.288 43.2332
507.845830 79.278 43.1330
511.525890 79.269 43.0275
515.232618 79.260 42.9215
518.966206 79.253 42.8238
522.726849 79.246 42.7354
526.514743 79.238 42.6538
530.330086 79.230 42.5746
534.173076 79.222 42.4964
538.043915 79.214 42.4226
541.942803 79.206 42.3522
545.869944 79.197 42.2852
549.825542 79.189 42.2174
553.809805 79.180 42.1522
557.822939 79.173 42.0901
561.865154 79.166 42.0306
565.936660 79.160 41.9732
570.037671 79.154 41.9189
574.168399 79.148 41.8669
578.329060 79.142 41.8171
582.519870 79.137 41.7721
586.741049 79.132 41.7316
590.992817 79.127 41.6947
595.275394 79.122 41.6623
599.589005 79.118 41.6323
603.933874 79.114 41.6049
608.310228 79.110 41.5793
612.718295 79.107 41.5548
617.158304 79.105 41.5341
621.630488 79.103 41.5173
626.135079 79.101 41.5036
630.672311 79.100 41.4927
635.242423 79.099 41.4845
639.845651 79.098 41.4811
644.482237 79.097 41.4821
649.152421 79.097 41.4851
653.856447 79.096 41.4908
658.594560 79.097 41.5002
663.367008 79.097 41.5153
668.174039 79.097 41.5356
673.015903 79.097 41.5573
677.892854 79.099 41.5821
682.805145 79.100 41.6065
687.753032 79.103 41.6337
692.736774 79.105 41.6646
697.756631 79.108 41.6980
702.812863 79.111 41.7339
707.905735 79.115 41.7710
713.035511 79.118 41.8117
718.202461 79.122 41.8545
723.406852 79.125 41.9020
728.648956 79.129 41.9535
733.929047 79.133 42.0114
739.247399 79.137 42.0731
744.604290 79.141 42.1400
750.000000 79.145 42.2115
755.434809 79.149 42.2896
760.909001 79.153 42.3753
766.422861 79.157 42.4670
771.976677 79.161 42.5669
777.570739 79.166 42.6746
783.205337 79.171 42.7930
788.880766 79.177 42.9236
794.597321 79.184 43.0680
800.355301 79.191 43.2235
806.155005 79.201 43.3895
811.996736 79.212 43.5638
817.880799 79.225 43.7450
823.807501 79.241 43.9325
829.777150 79.258 44.1243
835.790057 79.277 44.3208
841.846536 79.299 44.5208
847.946903 79.323 44.7192
854.091476 79.349 44.9173
860.280575 79.377 45.1213
866.514523 79.407 45.3303
872.793644 79.438 45.5373
879.118267 79.471 45.7376
885.488720 79.506 45.9326
891.905336 79.543 46.1231
898.368450 79.582 46.3097
904.878398 79.623 46.4927
911.435520 79.665 46.6697
918.040157 79.708 46.8376
924.692655 79.752 47.0013
931.393359 79.798 47.1653
938.142619 79.845 47.3289
944.940787 79.894 47.4881
951.788218 79.944 47.6373
958.685268 79.995 47.7756
965.632296 80.049 47.9059
972.629666 80.104 48.0294
979.677741 80.160 48.1462
986.776890 80.219 48.2584
993.927482 80.278 48.3648
1001.129891 80.338 48.4604
1008.384491 80.398 48.5432
1015.691660 80.458 48.6132
1023.051781 80.519 48.6696
1030.465236 80.580 48.7154
1037.932411 80.643 48.7509
1045.453698 80.706 48.7766
1053.029486 80.770 48.7928
1060.660172 80.834 48.8009
1068.346153 80.898 48.7989
1076.087829 80.962 48.7862
1083.885605 81.027 48.7601
1091.739887 81.091 48.7227
1099.651084 81.156 48.6761
1107.619609 81.220 48.6208
1115.645878 81.283 48.5555
1123.730308 81.346 48.4813
1131.873321 81.408 48.3972
1140.075341 81.470 48.3044
1148.336797 81.532 48.2026
1156.658119 81.594 48.0932
1165.039741 81.654 47.9751
1173.482099 81.714 47.8490
1181.985634 81.773 47.7158
1190.550789 81.831 47.5762
1199.178011 81.889 47.4317
1207.867749 81.945 47.2827
1216.620457 82.000 47.1294
1225.436590 82.055 46.9716
1234.316609 82.109 46.8098
1243.260976 82.161 46.6438
1252.270157 82.214 46.4761
1261.344623 82.265 46.3054
1270.484846 82.315 46.1317
1279.691303 82.364 45.9573
1288.964474 82.413 45.7822
1298.304842 82.460 45.6060
1307.712894 82.507 45.4309
1317.189120 82.552 45.2574
1326.734016 82.597 45.0842
1336.348077 82.641 44.9114
1346.031806 82.685 44.7383
1355.785708 82.728 44.5653
1365.610290 82.771 44.3939
1375.506065 82.813 44.2263
1385.473549 82.855 44.0620
1395.513261 82.897 43.8986
1405.625726 82.937 43.7379
1415.811469 82.978 43.5820
1426.071023 83.018 43.4320
1436.404921 83.058 43.2877
1446.813703 83.099 43.1493
1457.297912 83.140 43.0143
1467.858093 83.182 42.8833
1478.494798 83.225 42.7543
1489.208581 83.269 42.6242
1500.000000 83.314 42.4896
1510.869618 83.361 42.3459
1521.818002 83.408 42.1932
1532.845723 83.454 42.0304
1543.953355 83.501 41.8579
1555.141477 83.546 41.6797
1566.410674 83.590 41.4969
1577.761531 83.633 41.3145
1589.194642 83.675 41.1339
1600.710601 83.716 40.9568
1612.310010 83.757 40.7829
1623.993473 83.797 40.6150
1635.761599 83.839 40.4518
1647.615002 83.881 40.2929
1659.554299 83.923 40.1373
1671.580114 83.967 39.9837
1683.693072 84.011 39.8307
1695.893807 84.057 39.6770
1708.182952 84.104 39.5193
1720.561150 84.153 39.3527
1733.029045 84.203 39.1733
1745.587288 84.254 38.9800
1758.236533 84.304 38.7712
1770.977440 84.354 38.5498
1783.810673 84.404 38.3191
1796.736900 84.452 38.0806
1809.756796 84.499 37.8354
1822.871040 84.544 37.5869
1836.080315 84.589 37.3360
1849.385310 84.634 37.0844
1862.786718 84.678 36.8306
1876.285239 84.722 36.5718
1889.881575 84.765 36.3077
1903.576436 84.808 36.0402
1917.370535 84.850 35.7679
1931.264593 84.892 35.4915
1945.259332 84.934 35.2107
1959.355483 84.976 34.9246
1973.553781 85.017 34.6335
1987.854965 85.058 34.3381
2002.259781 85.099 34.0378
2016.768981 85.138 33.7321
2031.383320 85.176 33.4178
2046.103561 85.214 33.0970
2060.930471 85.251 32.7707
2075.864823 85.288 32.4385
2090.907395 85.323 32.1028
2106.058972 85.358 31.7617
2121.320344 85.391 31.4176
2136.692305 85.424 31.0690
2152.175658 85.455 30.7170
2167.771210 85.484 30.3595
2183.479774 85.513 29.9984
2199.302169 85.539 29.6341
2215.239219 85.565 29.2654
2231.291755 85.589 28.8921
2247.460615 85.612 28.5180
2263.746641 85.633 28.1426
2280.150683 85.652 27.7667
2296.673595 85.670 27.3912
2313.316238 85.686 27.0157
2330.079481 85.700 26.6412
2346.964198 85.712 26.2682
2363.971268 85.722 25.9012
2381.101578 85.731 25.5404
2398.356022 85.738 25.1881
2415.735498 85.743 24.8451
2433.240913 85.747 24.5128
2450.873180 85.750 24.1913
2468.633217 85.753 23.8809
2486.521951 85.755 23.5818
2504.540314 85.756 23.2944
2522.689246 85.758 23.0174
2540.969692 85.759 22.7526
2559.382606 85.759 22.4996
2577.928947 85.759 22.2627
2596.609683 85.760 22.0475
2615.425787 85.763 21.8583
2634.378241 85.768 21.6931
2653.468031 85.778 21.5486
2672.696154 85.795 21.4166
2692.063613 85.818 21.2864
2711.571415 85.850 21.1406
2731.220579 85.889 20.9602
2751.012130 85.935 20.7249
2770.947098 85.983 20.4203
2791.026522 86.031 20.0399
2811.251451 86.074 19.5872
2831.622938 86.110 19.0764
2852.142045 86.137 18.5253
2872.809842 86.155 17.9579
2893.627406 86.163 17.3932
2914.595823 86.165 16.8440
2935.716186 86.160 16.3177
2956.989596 86.151 15.8168
2978.417161 86.139 15.3401
3000.000000 86.126 14.8849
3021.739237 86.111 14.4418
3043.636005 86.096 14.0052
3065.691446 86.079 13.5690
3087.906710 86.061 13.1329
3110.282955 86.040 12.6995
3132.821347 86.016 12.2704
3155.523062 85.989 11.8549
3178.389283 85.958 11.4576
3201.421202 85.925 11.0866
3224.620020 85.889 10.7450
3247.986946 85.852 10.4359
3271.523198 85.815 10.1613
3295.230004 85.779 9.9194
3319.108599 85.746 9.7056
3343.160228 85.716 9.5138
3367.386145 85.689 9.3375
3391.787613 85.665 9.1684
3416.365904 85.646 9.0005
3441.122300 85.629 8.8243
3466.058091 85.615 8.6339
3491.174576 85.603 8.4285
3516.473066 85.593 8.2090
3541.954880 85.582 7.9794
3567.621345 85.571 7.7399
3593.473800 85.559 7.4951
3619.513592 85.547 7.2454
3645.742080 85.535 6.9893
3672.160630 85.522 6.7291
3698.770620 85.509 6.4644
3725.573436 85.497 6.1923
3752.570477 85.484 5.9127
3779.763150 85.472 5.6233
3807.152872 85.458 5.3237
3834.741071 85.443 5.0123
3862.529185 85.427 4.6874
3890.518664 85.408 4.3516
3918.710966 85.386 4.0101
3947.107561 85.362 3.6657
3975.709929 85.334 3.3221
4004.519563 85.302 2.9809
4033.537962 85.267 2.6453
4062.766641 85.228 2.3198
4092.207123 85.187 2.0108
4121.860942 85.143 1.7207
4151.729646 85.097 1.4491
4181.814790 85.050 1.1975
4212.117944 85.002 0.9675
4242.640687 84.953 0.7599
4273.384610 84.905 0.5747
4304.351317 84.857 0.4092
4335.542421 84.810 0.2610
4366.959549 84.763 0.1287
4398.604338 84.717 0.0139
4430.478438 84.673 -0.0836
4462.583511 84.630 -0.1690
4494.921231 84.588 -0.2458
4527.493283 84.549 -0.3174
4560.301365 84.511 -0.3845
4593.347189 84.474 -0.4477
4626.632476 84.438 -0.5067
4660.158962 84.402 -0.5614
4693.928395 84.366 -0.6105
4727.942535 84.330 -0.6508
4762.203156 84.295 -0.6763
4796.712043 84.261 -0.6857
4831.470996 84.229 -0.6796
4866.481826 84.199 -0.6599
4901.746360 84.172 -0.6276
4937.266434 84.148 -0.5898
4973.043902 84.126 -0.5502
5009.080628 84.107 -0.5112
5045.378492 84.091 -0.4711
5081.939384 84.076 -0.4318
5118.765212 84.063 -0.3915
5155.857894 84.052 -0.3495
5193.219366 84.043 -0.3041
5230.851574 84.036 -0.2588
5268.756481 84.031 -0.2139
5306.936062 84.028 -0.1663
5345.392309 84.027 -0.1146
5384.127225 84.030 -0.0605
5423.142830 84.035 -0.0052
5462.441159 84.042 0.0470
5502.024259 84.051 0.0988
5541.894195 84.063 0.1531
5582.053045 84.077 0.2164
5622.502902 84.094 0.2903
5663.245876 84.117 0.3770
5704.284090 84.148 0.4698
5745.619684 84.188 0.5519
5787.254813 84.236 0.6024
5829.191647 84.290 0.6085
5871.432373 84.348 0.5677
5913.979192 84.409 0.4829
5956.834323 84.471 0.3624
6000.000000 84.535 0.2153
6043.478473 84.601 0.0406
6087.272010 84.669 -0.1661
6131.382892 84.739 -0.4119
6175.813420 84.812 -0.6982
6220.565910 84.888 -1.0203
6265.642695 84.967 -1.3807
6311.046124 85.049 -1.7886
6356.778566 85.133 -2.2545
6402.842404 85.221 -2.7858
6449.240040 85.310 -3.3843
6495.973891 85.399 -4.0512
6543.046396 85.488 -4.7867
6590.460007 85.572 -5.5980
6638.217197 85.651 -6.4949
6686.320456 85.721 -7.4788
6734.772290 85.780 -8.5511
6783.575226 85.823 -9.7063
6832.731809 85.848 -10.9346
6882.244600 85.850 -12.2174
6932.116181 85.826 -13.5348
6982.349153 85.771 -14.8588
7032.946133 85.681 -16.1519
7083.909760 85.553 -17.3691
7135.242690 85.385 -18.4575
7186.947600 85.177 -19.3452
7239.027185 84.930 -19.9431
7291.484160 84.653 -20.1555
7344.321260 84.356 -19.8879
7397.541239 84.056 -19.0524
7451.146872 83.780 -17.5889
7505.140954 83.555 -15.4907
7559.526299 83.414 -12.8233
7614.305743 83.389 -9.7408
7669.482141 83.500 -6.4844
7725.058371 83.755 -3.3436
7781.037328 84.141 -0.6089
7837.421932 84.636 1.4841
7894.215122 85.206 2.7834
7951.419859 85.816 3.2164
8009.039125 86.434 2.7638
8067.075924 87.029 1.4486
8125.533282 87.577 -0.6678
8184.414245 88.053 -3.4799
8243.721885 88.439 -6.8562
8303.459292 88.720 -10.6497
8363.629581 88.887 -14.6995
8424.235888 88.937 -18.8334
8485.281374 88.874 -22.8839
8546.769221 88.708 -26.6995
8608.702634 88.455 -30.1607
8671.084842 88.131 -33.1843
8733.919097 87.754 -35.7305
8797.208675 87.341 -37.7917
8860.956876 86.908 -39.3778
8925.167022 86.467 -40.5151
8989.842461 86.028 -41.2461
9054.986566 85.597 -41.6138
9120.602731 85.180 -41.6568
9186.694378 84.779 -41.4047
9253.264952 84.400 -40.8893
9320.317925 84.045 -40.1418
9387.856790 83.718 -39.2028
9455.885071 83.420 -38.1168
9524.406312 83.152 -36.9265
9593.424086 82.912 -35.6708
9662.941992 82.696 -34.3801
9732.963653 82.501 -33.0690
9803.492719 82.323 -31.7451
9874.532869 82.161 -30.4088
9946.087805 82.014 -29.0708
10018.161257 81.879 -27.7340
10090.756983 81.756 -26.3973
10163.878768 81.645 -25.0575
10237.530423 81.544 -23.7126
10311.715789 81.453 -22.3622
10386.438732 81.371 -21.0118
10461.703149 81.299 -19.6661
10537.512962 81.235 -18.3287
10613.872125 81.181 -16.9999
10690.784618 81.137 -15.6787
10768.254450 81.105 -14.3619
10846.285661 81.084 -13.0551
10924.882318 81.077 -11.7714
11004.048518 81.083 -10.5335
11083.788390 81.103 -9.3569
11164.106090 81.136 -8.2570
11245.005805 81.182 -7.2518
11326.491752 81.239 -6.3698
11408.568180 81.302 -5.6429
11491.239368 81.370 -5.0881
11574.509626 81.435 -4.7200
11658.383294 81.490 -4.5476
11742.864745 81.530 -4.5595
11827.958384 81.547 -4.7249
11913.668646 81.539 -5.0020
12000.000000 81.508 -5.3654
12086.956947 81.452 -5.8060
12174.544019 81.367 -6.2946
12262.765784 81.243 -6.7897
12351.626840 81.081 -7.2367
12441.131819 80.882 -7.5807
12531.285389 80.652 -7.7717
12622.092249 80.396 -7.7731
12713.557132 80.121 -7.5668
12805.684808 79.832 -7.1426
12898.480079 79.538 -6.4910
12991.947783 79.245 -5.6219
13086.092792 78.960 -4.5607
13180.920015 78.688 -3.3380
13276.434395 78.433 -1.9886
13372.640911 78.197 -0.5526
13469.544580 77.981 0.9285
13567.150452 77.785 2.4186
13665.463617 77.610 3.8885
13764.489200 77.452 5.3043
13864.232362 77.310 6.6272
13964.698305 77.178 7.8304
14065.892266 77.051 8.9008
14167.819519 76.923 9.8417
14270.485380 76.789 10.6561
14373.895200 76.646 11.3331
14478.054370 76.489 11.8530
14582.968320 76.306 12.2021
14688.642520 76.082 12.3986
14795.082478 75.800 12.5419
14902.293745 75.452 12.8231
15010.281908 75.043 13.4692
15119.052599 74.595 14.6725
15228.611486 74.143 16.5081
15338.964283 73.723 18.9083
15450.116741 73.360 21.7081
15562.074656 73.063 24.7337
15674.843864 72.830 27.8509
15788.430244 72.655 30.9792
15902.839718 72.532 34.0751
16018.078250 72.461 37.1093
16134.151848 72.441 40.0470
16251.066563 72.470 42.8434
16368.828491 72.548 45.4405
16487.443769 72.670 47.7890
16606.918584 72.834 49.8589
16727.259161 73.034 51.6256
16848.471777 73.268 53.0602
16970.562748 73.534 54.1260
17093.538442 73.831 54.7774
17217.405268 74.159 54.9577
17342.169684 74.514 54.5803
17467.838194 74.888 53.5289
17594.417350 75.264 51.6763
17721.913751 75.614 48.9217
17850.334044 75.900 45.2154
17979.684923 76.077 40.5903
18109.973131 76.106 35.1933
18241.205462 75.957 29.2985
18373.388756 75.620 23.2487
18506.529905 75.104 17.3386
18640.635849 74.432 11.7494
18775.713581 73.630 6.5388
18911.770141 72.722 1.6899
19048.812624 71.720 -2.8398
19186.848172 70.621 -7.0731
19325.883983 69.412 -10.9691
19465.927305 68.080 -14.3874
19606.985439 66.633 -17.1234
19749.065738 65.136 -18.9718
19892.175609 63.792 -19.8384
20036.322514 62.976 -19.9623
