* Measurement data measured by REW V5.31.3
* Source: Microphone (JadeAudio JA11), MICROPHONE (Master Volume), R, volume: 0.250
* Format: 512k Log Swept Sine, 1 sweep at -14.9 dBFS with no timing reference
* Dated: Jun 27, 2025 5:35:54 PM
* REW Settings:
*  C-weighting compensation: Off
*  Target level: 75.0 dB
* Note: 
* Measurement: L 7A Supernova
* Smoothing: 1/24 octave
* Frequency Step: 96 ppo
* Start Frequency: 0.36621094 Hz
*
* Freq(Hz) SPL(dB) Phase(degrees)
0.366211 67.930 -97.0646
0.368865 67.954 -97.2827
0.371538 67.989 -97.5992
0.374230 68.028 -97.9622
0.376942 68.068 -98.3481
0.379673 68.110 -98.7484
0.382424 68.152 -99.1604
0.385196 68.194 -99.5834
0.387987 68.236 -100.0173
0.390798 68.279 -100.4619
0.393630 68.322 -100.9173
0.396483 68.366 -101.3836
0.399356 68.410 -101.8608
0.402250 68.454 -102.3489
0.405165 68.498 -102.8479
0.408101 68.543 -103.3579
0.411058 68.588 -103.8787
0.414037 68.634 -104.4105
0.417037 68.679 -104.9531
0.420059 68.725 -105.5065
0.423103 68.772 -106.0707
0.426169 68.819 -106.6456
0.429257 68.866 -107.2311
0.432368 68.913 -107.8271
0.435501 68.961 -108.4335
0.438656 69.009 -109.0502
0.441835 69.057 -109.6771
0.445037 69.106 -110.3139
0.448262 69.155 -110.9607
0.451510 69.205 -111.6170
0.454782 69.255 -112.2829
0.458077 69.305 -112.9580
0.461397 69.356 -113.6422
0.464740 69.407 -114.3353
0.468108 69.458 -115.0369
0.471500 69.510 -115.7468
0.474917 69.562 -116.4649
0.478358 69.614 -117.1907
0.481825 69.667 -117.9240
0.485316 69.720 -118.6644
0.488833 69.774 -119.4118
0.492375 69.828 -120.1658
0.495943 69.882 -120.9260
0.499537 69.937 -121.6921
0.503157 69.992 -122.4638
0.506803 70.048 -123.2407
0.510475 70.104 -124.0225
0.514175 70.160 -124.8088
0.517900 70.217 -125.5993
0.521653 70.274 -126.3936
0.525434 70.332 -127.1914
0.529241 70.390 -127.9924
0.533076 70.449 -128.7961
0.536939 70.508 -129.6022
0.540830 70.567 -130.4104
0.544749 70.627 -131.2204
0.548696 70.687 -132.0318
0.552673 70.747 -132.8443
0.556677 70.809 -133.6576
0.560711 70.870 -134.4714
0.564774 70.932 -135.2854
0.568867 70.994 -136.0620
0.572989 71.057 -136.8218
0.577141 71.121 -137.5806
0.581324 71.184 -138.3382
0.585536 71.249 -139.0943
0.589779 71.313 -139.8488
0.594053 71.378 -140.6014
0.598358 71.444 -141.3519
0.602694 71.510 -142.1002
0.607061 71.577 -142.8462
0.611460 71.644 -143.5896
0.615891 71.711 -144.3303
0.620354 71.779 -145.0683
0.624849 71.848 -145.8034
0.629377 71.917 -146.5356
0.633938 71.987 -147.2648
0.638532 72.057 -147.9909
0.643159 72.127 -148.7139
0.647819 72.198 -149.4339
0.652514 72.270 -150.1507
0.657242 72.342 -150.8644
0.662005 72.415 -151.5751
0.666802 72.488 -152.2827
0.671634 72.561 -152.9873
0.676501 72.636 -153.6890
0.681403 72.710 -154.3878
0.686341 72.786 -155.0838
0.691314 72.862 -155.7771
0.696324 72.938 -156.4678
0.701370 73.015 -157.1560
0.706452 73.092 -157.8419
0.711571 73.170 -158.5255
0.716728 73.249 -159.2070
0.721921 73.329 -159.8865
0.727153 73.411 -160.5638
0.732422 73.496 -161.2383
0.737729 73.587 -161.9090
0.743075 73.682 -162.5745
0.748460 73.779 -163.2340
0.753883 73.879 -163.8868
0.759346 73.981 -164.5328
0.764849 74.085 -165.1716
0.770391 74.190 -165.7407
0.775974 74.298 -166.2853
0.781597 74.407 -166.8217
0.787261 74.519 -167.3498
0.792966 74.631 -167.8694
0.798712 74.746 -168.3805
0.804500 74.863 -168.8830
0.810329 74.981 -169.3770
0.816201 75.101 -169.8624
0.822116 75.222 -170.3393
0.828073 75.346 -170.8078
0.834074 75.471 -171.2679
0.840118 75.597 -171.7197
0.846206 75.725 -172.1633
0.852338 75.854 -172.5988
0.858514 75.985 -173.0265
0.864735 76.117 -173.4463
0.871001 76.251 -173.8585
0.877313 76.386 -174.2633
0.883670 76.522 -174.6608
0.890074 76.660 -175.0513
0.896524 76.798 -175.4348
0.903020 76.938 -175.8118
0.909564 77.078 -176.1822
0.916155 77.220 -176.5464
0.922794 77.362 -176.9047
0.929481 77.506 -177.2572
0.936216 77.650 -177.6041
0.943000 77.794 -177.9457
0.949834 77.940 -178.2823
0.956717 78.085 -178.6141
0.963649 78.232 -178.9414
0.970632 78.378 -179.2223
0.977666 78.525 -179.4774
0.984750 78.671 -179.7283
0.991886 78.818 -179.9753
0.999074 78.964 179.7816
1.006314 79.111 179.5419
1.013606 79.257 179.3053
1.020951 79.402 179.0717
1.028349 79.547 178.8408
1.035801 79.691 178.6123
1.043307 79.834 178.3860
1.050867 79.976 178.1615
1.058482 80.117 177.9386
1.066152 80.257 177.7170
1.073878 80.395 177.4965
1.081660 80.531 177.2769
1.089498 80.666 177.0581
1.097393 80.799 176.8403
1.105345 80.931 176.6244
1.113355 81.062 176.4112
1.121423 81.193 176.2014
1.129549 81.324 175.9952
1.137734 81.454 175.7930
1.145979 81.583 175.5947
1.154283 81.713 175.4004
1.162647 81.841 175.2101
1.171072 81.970 175.0690
1.179558 82.098 174.9622
1.188106 82.226 174.8600
1.196715 82.353 174.7626
1.205387 82.479 174.6699
1.214122 82.606 174.5820
1.222920 82.731 174.4987
1.231782 82.856 174.4202
1.240708 82.981 174.3463
1.249699 83.104 174.2771
1.258754 83.227 174.2126
1.267876 83.350 174.1527
1.277063 83.472 174.0973
1.286318 83.593 174.0465
1.295639 83.713 174.0001
1.305027 83.833 173.9581
1.314484 83.952 173.9205
1.324009 84.069 173.8872
1.333604 84.187 173.8582
1.343268 84.303 173.8332
1.353002 84.418 173.8123
1.362806 84.532 173.7954
1.372681 84.646 173.7885
1.382628 84.758 173.7884
1.392647 84.869 173.7920
1.402739 84.980 173.7993
1.412904 85.089 173.8102
1.423142 85.197 173.8246
1.433455 85.304 173.8424
1.443843 85.409 173.8635
1.454305 85.514 173.8880
1.464844 85.616 173.9163
1.475459 85.717 173.9489
1.486150 85.815 173.9865
1.496920 85.911 174.0296
1.507767 86.005 174.0780
1.518693 86.096 174.1318
1.529698 86.185 174.1909
1.540783 86.271 174.2549
1.551948 86.355 174.3239
1.563194 86.437 174.3977
1.574521 86.517 174.4831
1.585931 86.595 174.5753
1.597423 86.671 174.6718
1.608999 86.745 174.7724
1.620658 86.818 174.8768
1.632402 86.889 174.9850
1.644232 86.959 175.0967
1.656146 87.027 175.2116
1.668147 87.094 175.3297
1.680235 87.160 175.4506
1.692411 87.226 175.5741
1.704675 87.290 175.7000
1.717028 87.354 175.8282
1.729470 87.417 175.9583
1.742003 87.480 176.0901
1.754626 87.544 176.2234
1.767341 87.607 176.3600
1.780147 87.670 176.5158
1.793047 87.734 176.6724
1.806040 87.799 176.8297
1.819128 87.865 176.9876
1.832310 87.930 177.1462
1.845587 87.996 177.3060
1.858961 88.062 177.4675
1.872432 88.127 177.6310
1.886001 88.191 177.7971
1.899667 88.254 177.9660
1.913433 88.316 178.1378
1.927299 88.377 178.3129
1.941265 88.438 178.4913
1.955332 88.497 178.6732
1.969501 88.556 178.8592
1.983773 88.614 179.0497
1.998148 88.670 179.2443
2.012627 88.726 179.4429
2.027212 88.781 179.6455
2.041902 88.836 179.8524
2.056698 88.889 -179.9366
2.071602 88.942 -179.7213
2.086614 88.994 -179.5018
2.101734 89.045 -179.2781
2.116964 89.095 -179.0502
2.132304 89.144 -178.8182
2.147756 89.193 -178.5822
2.163320 89.241 -178.3422
2.178996 89.288 -178.1259
2.194786 89.334 -177.9121
2.210690 89.379 -177.6957
2.226710 89.423 -177.4770
2.242845 89.466 -177.2561
2.259098 89.507 -177.0329
2.275468 89.548 -176.8068
2.291957 89.586 -176.5777
2.308566 89.624 -176.3451
2.325295 89.660 -176.1088
2.342145 89.695 -175.8685
2.359117 89.729 -175.6239
2.376212 89.762 -175.4030
2.393431 89.794 -175.1966
2.410775 89.824 -174.9856
2.428244 89.854 -174.7697
2.445840 89.882 -174.5489
2.463564 89.910 -174.3228
2.481416 89.937 -174.0915
2.499397 89.962 -173.8549
2.517509 89.987 -173.6128
2.535752 90.011 -173.3654
2.554127 90.034 -173.1131
2.572635 90.056 -172.8788
2.591277 90.077 -172.6815
2.610055 90.097 -172.4821
2.628968 90.115 -172.2807
2.648019 90.131 -172.0768
2.667208 90.146 -171.8701
2.686535 90.160 -171.6601
2.706003 90.172 -171.4464
2.725612 90.183 -171.2284
2.745363 90.193 -171.0059
2.765257 90.201 -170.7783
2.785295 90.209 -170.6134
2.805478 90.215 -170.4460
2.825808 90.221 -170.2729
2.846285 90.226 -170.0939
2.866910 90.230 -169.9088
2.887685 90.233 -169.7173
2.908611 90.236 -169.5195
2.929688 90.237 -169.3162
2.950917 90.238 -169.1087
2.972301 90.238 -168.9186
2.993839 90.236 -168.7753
3.015534 90.233 -168.6296
3.037386 90.229 -168.4813
3.059396 90.224 -168.3296
3.081565 90.217 -168.1741
3.103896 90.209 -168.0141
3.126388 90.201 -167.8491
3.149043 90.191 -167.6786
3.171862 90.181 -167.5220
3.194847 90.169 -167.4177
3.217998 90.158 -167.3067
3.241317 90.145 -167.1888
3.264805 90.132 -167.0636
3.288463 90.119 -166.9315
3.312293 90.105 -166.7936
3.336295 90.090 -166.6513
3.360471 90.074 -166.5054
3.384822 90.057 -166.4100
3.409350 90.039 -166.3272
3.434056 90.020 -166.2406
3.458940 90.000 -166.1496
3.484005 89.979 -166.0538
3.509252 89.958 -165.9527
3.534681 89.936 -165.8456
3.560295 89.914 -165.7322
3.586094 89.892 -165.6687
3.612081 89.869 -165.6145
3.638255 89.846 -165.5535
3.664620 89.823 -165.4859
3.691175 89.799 -165.4129
3.717923 89.775 -165.3355
3.744864 89.750 -165.2540
3.772001 89.725 -165.1823
3.799335 89.699 -165.1553
3.826866 89.673 -165.1239
3.854597 89.646 -165.0878
3.882529 89.619 -165.0464
3.910664 89.592 -164.9995
3.939002 89.565 -164.9465
3.967546 89.538 -164.8905
3.996296 89.510 -164.8895
4.025255 89.483 -164.8823
4.054423 89.455 -164.8696
4.083804 89.428 -164.8521
4.113396 89.400 -164.8302
4.143204 89.372 -164.8039
4.173227 89.343 -164.7865
4.203468 89.315 -164.8071
4.233928 89.287 -164.8232
4.264609 89.258 -164.8347
4.295512 89.230 -164.8412
4.326639 89.202 -164.8427
4.357992 89.173 -164.8390
4.389572 89.145 -164.8702
4.421380 89.118 -164.9106
4.453419 89.090 -164.9471
4.485691 89.062 -164.9797
4.518196 89.035 -165.0087
4.550936 89.007 -165.0338
4.583914 88.980 -165.0811
4.617131 88.953 -165.1465
4.650589 88.926 -165.2080
4.684289 88.899 -165.2657
4.718233 88.873 -165.3193
4.752424 88.847 -165.3691
4.786862 88.822 -165.4428
4.821549 88.797 -165.5315
4.856488 88.772 -165.6174
4.891680 88.748 -165.7005
4.927127 88.724 -165.7807
4.962831 88.700 -165.8578
4.998794 88.677 -165.9696
5.035017 88.654 -166.0821
5.071503 88.631 -166.1913
5.108253 88.608 -166.2974
5.145270 88.585 -166.4007
5.182555 88.563 -166.5184
5.220110 88.541 -166.6555
5.257937 88.519 -166.7905
5.296038 88.498 -166.9232
5.334415 88.477 -167.0534
5.373071 88.456 -167.1873
5.412006 88.435 -167.3474
5.451224 88.415 -167.5044
5.490725 88.394 -167.6585
5.530514 88.374 -167.8100
5.570590 88.354 -167.9633
5.610957 88.335 -168.1428
5.651616 88.316 -168.3204
5.692570 88.297 -168.4955
5.733821 88.278 -168.6677
5.775370 88.259 -168.8434
5.817221 88.241 -169.0392
5.859375 88.223 -169.2316
5.901834 88.205 -169.4211
5.944602 88.187 -169.6082
5.987679 88.170 -169.8064
6.031068 88.152 -170.0156
6.074771 88.135 -170.2217
6.118792 88.118 -170.4242
6.163131 88.102 -170.6228
6.207792 88.086 -170.8405
6.252776 88.070 -171.0560
6.298086 88.054 -171.2681
6.343725 88.038 -171.4772
6.389694 88.023 -171.6943
6.435996 88.008 -171.9185
6.482634 87.994 -172.1388
6.529610 87.980 -172.3547
6.576926 87.966 -172.5706
6.624585 87.953 -172.7972
6.672590 87.940 -173.0199
6.720942 87.928 -173.2389
6.769645 87.916 -173.4553
6.818700 87.905 -173.6839
6.868111 87.894 -173.9084
6.917881 87.884 -174.1284
6.968010 87.875 -174.3445
7.018504 87.866 -174.5717
7.069362 87.858 -174.7948
7.120590 87.850 -175.0139
7.172189 87.843 -175.2306
7.224161 87.837 -175.4557
7.276511 87.831 -175.6768
7.329239 87.826 -175.8939
7.382350 87.822 -176.1106
7.435845 87.818 -176.3320
7.489729 87.815 -176.5495
7.544002 87.813 -176.7636
7.598669 87.812 -176.9802
7.653732 87.812 -177.1976
7.709194 87.812 -177.4118
7.765058 87.813 -177.6227
7.821327 87.815 -177.8389
7.878004 87.818 -178.0523
7.935091 87.822 -178.2632
7.992592 87.826 -178.4748
8.050510 87.832 -178.6877
8.108847 87.838 -178.8987
8.167607 87.845 -179.1078
8.226793 87.853 -179.3204
8.286408 87.862 -179.5315
8.346454 87.871 -179.7413
8.406936 87.881 -179.9528
8.467856 87.892 179.8353
8.529218 87.904 179.6242
8.591024 87.916 179.4126
8.653278 87.929 179.1997
8.715983 87.942 178.9873
8.779143 87.955 178.7751
8.842760 87.969 178.5622
8.906839 87.984 178.3494
8.971381 87.999 178.1370
9.036392 88.014 177.9249
9.101873 88.029 177.7136
9.167829 88.045 177.5031
9.234263 88.061 177.2939
9.301178 88.077 177.0853
9.368578 88.092 176.8779
9.436467 88.108 176.6740
9.504847 88.124 176.4722
9.573723 88.139 176.2728
9.643099 88.155 176.0767
9.712976 88.170 175.8831
9.783361 88.184 175.6933
9.854255 88.199 175.5097
9.925663 88.214 175.3303
9.997588 88.228 175.1550
10.070035 88.242 174.9922
10.143007 88.256 174.8344
10.216507 88.269 174.6819
10.290540 88.283 174.5350
10.365109 88.296 174.3936
10.440219 88.308 174.2576
10.515873 88.320 174.1271
10.592076 88.333 174.0020
10.668830 88.344 173.8825
10.746141 88.356 173.7686
10.824012 88.368 173.6598
10.902447 88.379 173.5558
10.981451 88.390 173.4561
11.061027 88.402 173.3616
11.141180 88.413 173.2716
11.221913 88.424 173.1853
11.303232 88.435 173.1019
11.385140 88.446 173.0211
11.467641 88.457 172.9429
11.550741 88.468 172.8669
11.634442 88.478 172.7930
11.718750 88.489 172.7208
11.803669 88.499 172.6501
11.889203 88.508 172.5810
11.975357 88.517 172.5136
12.062136 88.524 172.4323
12.149543 88.531 172.3463
12.237583 88.536 172.2622
12.326262 88.540 172.1804
12.415583 88.543 172.1014
12.505552 88.546 172.0254
12.596172 88.549 171.9526
12.687449 88.550 171.8833
12.779387 88.551 171.8178
12.871992 88.551 171.7566
12.965268 88.551 171.6997
13.059220 88.549 171.6138
13.153852 88.547 171.5123
13.249170 88.544 171.4148
13.345179 88.540 171.3212
13.441884 88.536 171.2313
13.539289 88.531 171.1447
13.637401 88.527 171.0612
13.736223 88.522 170.9805
13.835761 88.517 170.9024
13.936021 88.512 170.8264
14.037007 88.506 170.7276
14.138725 88.500 170.5875
14.241180 88.494 170.4484
14.344377 88.487 170.3104
14.448323 88.480 170.1734
14.553021 88.472 170.0375
14.658478 88.464 169.9031
14.764700 88.456 169.7703
14.871691 88.447 169.6393
14.979457 88.438 169.5106
15.088005 88.429 169.3329
15.197339 88.421 169.1457
15.307465 88.412 168.9612
15.418389 88.403 168.7798
15.530117 88.394 168.6017
15.642655 88.385 168.4270
15.756008 88.375 168.2557
15.870182 88.366 168.0878
15.985184 88.358 167.9231
16.101019 88.350 167.7221
16.217694 88.344 167.5179
16.335214 88.338 167.3160
16.453586 88.333 167.1160
16.572815 88.328 166.9178
16.692909 88.323 166.7211
16.813872 88.318 166.5258
16.935713 88.314 166.3316
17.058436 88.311 166.1290
17.182048 88.309 165.9169
17.306556 88.307 165.7060
17.431967 88.306 165.4964
17.558286 88.305 165.2883
17.685521 88.304 165.0818
17.813677 88.302 164.8772
17.942762 88.302 164.6745
18.072783 88.302 164.4742
18.203746 88.303 164.2760
18.335658 88.305 164.0799
18.468526 88.306 163.8856
18.602356 88.308 163.6931
18.737156 88.310 163.5020
18.872934 88.312 163.3123
19.009695 88.314 163.1245
19.147447 88.317 162.9476
19.286197 88.319 162.7718
19.425953 88.322 162.5969
19.566721 88.325 162.4231
19.708510 88.327 162.2505
19.851326 88.328 162.0793
19.995177 88.330 161.9099
20.140070 88.330 161.7488
20.286013 88.330 161.5903
20.433014 88.330 161.4342
20.581080 88.329 161.2808
20.730219 88.328 161.1301
20.880439 88.326 160.9820
21.031747 88.323 160.8353
21.184152 88.320 160.6862
21.337661 88.316 160.5393
21.492282 88.312 160.3942
21.648024 88.308 160.2507
21.804895 88.303 160.1086
21.962902 88.297 159.9680
22.122054 88.291 159.8112
22.282360 88.283 159.6505
22.443827 88.275 159.4911
22.606464 88.267 159.3333
22.770280 88.258 159.1771
22.935283 88.249 159.0223
23.101481 88.240 158.8492
23.268884 88.230 158.6643
23.437500 88.219 158.4803
23.607338 88.209 158.2971
23.778406 88.198 158.1145
23.950714 88.187 157.9324
24.124271 88.176 157.7286
24.299086 88.164 157.5167
24.475167 88.152 157.3062
24.652524 88.140 157.0978
24.831166 88.128 156.8922
25.011103 88.116 156.6883
25.192344 88.105 156.4657
25.374898 88.094 156.2464
25.558775 88.083 156.0299
25.743984 88.074 155.8156
25.930536 88.064 155.6024
26.118439 88.056 155.3827
26.307704 88.049 155.1584
26.498341 88.042 154.9326
26.690359 88.036 154.7054
26.883768 88.029 154.4769
27.078579 88.022 154.2487
27.274801 88.016 154.0222
27.472446 88.009 153.7971
27.671522 88.002 153.5743
27.872042 87.995 153.3542
28.074014 87.988 153.1399
28.277450 87.981 152.9330
28.482360 87.974 152.7281
28.688755 87.968 152.5241
28.896645 87.961 152.3205
29.106042 87.954 152.1192
29.316957 87.946 151.9202
29.529400 87.937 151.7216
29.743382 87.928 151.5241
29.958915 87.918 151.3287
30.176009 87.907 151.1343
30.394677 87.895 150.9432
30.614929 87.883 150.7559
30.836778 87.870 150.5722
31.060234 87.857 150.3887
31.285309 87.844 150.1997
31.512015 87.831 150.0119
31.740364 87.817 149.8244
31.970368 87.804 149.6366
32.202039 87.790 149.4329
32.435388 87.776 149.2261
32.670428 87.762 149.0186
32.907171 87.747 148.8109
33.145630 87.732 148.5923
33.385817 87.717 148.3670
33.627745 87.702 148.1426
33.871425 87.687 147.9191
34.116871 87.672 147.6905
34.364096 87.657 147.4558
34.613113 87.643 147.2215
34.863934 87.628 146.9872
35.116572 87.614 146.7491
35.371041 87.600 146.5067
35.627354 87.587 146.2642
35.885525 87.573 146.0222
36.145566 87.559 145.7812
36.407492 87.545 145.5420
36.671316 87.531 145.3052
36.937051 87.517 145.0708
37.204712 87.504 144.8410
37.474313 87.491 144.6129
37.745867 87.478 144.3847
38.019389 87.464 144.1559
38.294893 87.451 143.9286
38.572394 87.436 143.7010
38.851905 87.421 143.4741
39.133442 87.406 143.2482
39.417019 87.390 143.0242
39.702651 87.373 142.8034
39.990353 87.356 142.5856
40.280140 87.339 142.3648
40.572026 87.323 142.1444
40.866028 87.306 141.9233
41.162160 87.289 141.6959
41.460438 87.271 141.4629
41.760877 87.253 141.2291
42.063494 87.235 140.9938
42.368303 87.216 140.7530
42.675322 87.197 140.5147
42.984565 87.178 140.2788
43.296048 87.159 140.0377
43.609789 87.140 139.7957
43.925804 87.122 139.5517
44.244108 87.104 139.3020
44.564719 87.085 139.0502
44.887654 87.066 138.7994
45.212928 87.047 138.5494
45.540560 87.028 138.3012
45.870565 87.010 138.0546
46.202962 86.991 137.8073
46.537768 86.973 137.5580
46.875000 86.954 137.3070
47.214676 86.935 137.0557
47.556813 86.915 136.8073
47.901429 86.895 136.5637
48.248542 86.875 136.3229
48.598171 86.856 136.0813
48.950334 86.838 135.8349
49.305048 86.819 135.5779
49.662333 86.800 135.3148
50.022206 86.779 135.0504
50.384688 86.757 134.7864
50.749796 86.735 134.5295
51.117550 86.712 134.2780
51.487969 86.691 134.0274
51.861072 86.670 133.7761
52.236879 86.650 133.5208
52.615409 86.629 133.2628
52.996681 86.608 133.0047
53.380717 86.587 132.7437
53.767536 86.566 132.4831
54.157158 86.545 132.2220
54.549603 86.523 131.9614
54.944892 86.501 131.7053
55.343045 86.480 131.4516
55.744084 86.459 131.1992
56.148028 86.439 130.9428
56.554900 86.419 130.6783
56.964720 86.397 130.4087
57.377510 86.375 130.1366
57.793291 86.352 129.8691
58.212085 86.328 129.6062
58.633914 86.306 129.3433
59.058799 86.284 129.0761
59.486764 86.261 128.8040
59.917829 86.237 128.5315
60.352019 86.212 128.2613
60.789354 86.187 127.9970
61.229859 86.163 127.7343
61.673556 86.140 127.4683
62.120468 86.117 127.1980
62.570618 86.093 126.9262
63.024031 86.069 126.6569
63.480729 86.045 126.3895
63.940736 86.022 126.1210
64.404077 86.000 125.8458
64.870776 85.976 125.5662
65.340856 85.952 125.2837
65.814343 85.927 125.0028
66.291261 85.902 124.7232
66.771635 85.877 124.4432
67.255489 85.852 124.1619
67.742850 85.827 123.8801
68.233743 85.801 123.5995
68.728193 85.776 123.3193
69.226226 85.750 123.0381
69.727867 85.725 122.7564
70.233144 85.700 122.4753
70.742083 85.675 122.1947
71.254709 85.650 121.9114
71.771050 85.626 121.6233
72.291132 85.602 121.3323
72.814984 85.577 121.0432
73.342631 85.552 120.7556
73.874102 85.527 120.4671
74.409424 85.502 120.1743
74.948626 85.476 119.8808
75.491734 85.449 119.5915
76.038779 85.422 119.3097
76.589787 85.396 119.0293
77.144788 85.370 118.7462
77.703811 85.344 118.4585
78.266885 85.317 118.1687
78.834039 85.290 117.8792
79.405303 85.263 117.5897
79.980706 85.237 117.2969
80.560280 85.211 116.9992
81.144053 85.184 116.6985
81.732056 85.156 116.3986
82.324320 85.128 116.1008
82.920876 85.101 115.8033
83.521755 85.074 115.5039
84.126988 85.047 115.2039
84.736607 85.020 114.9043
85.350643 84.992 114.6068
85.969129 84.964 114.3108
86.592097 84.937 114.0147
87.219579 84.910 113.7181
87.851608 84.882 113.4200
88.488217 84.855 113.1187
89.129439 84.827 112.8159
89.775308 84.799 112.5124
90.425856 84.771 112.2083
91.081119 84.743 111.9022
91.741131 84.715 111.5928
92.405925 84.687 111.2820
93.075536 84.658 110.9724
93.750000 84.629 110.6651
94.429351 84.601 110.3583
95.113625 84.573 110.0505
95.802858 84.545 109.7410
96.497085 84.516 109.4313
97.196342 84.487 109.1251
97.900667 84.458 108.8248
98.610096 84.429 108.5282
99.324665 84.401 108.2307
100.044413 84.373 107.9262
100.769376 84.345 107.6129
101.499592 84.316 107.2954
102.235100 84.287 106.9793
102.975938 84.258 106.6657
103.722144 84.229 106.3521
104.473757 84.201 106.0379
105.230817 84.173 105.7232
105.993363 84.145 105.4084
106.761435 84.117 105.0941
107.535072 84.090 104.7774
108.314315 84.062 104.4554
109.099206 84.033 104.1305
109.889783 84.004 103.8067
110.686090 83.974 103.4832
111.488167 83.945 103.1581
112.296056 83.916 102.8315
113.109800 83.887 102.5049
113.929440 83.858 102.1799
114.755020 83.829 101.8580
115.586582 83.799 101.5376
116.424170 83.770 101.2213
117.267827 83.740 100.9108
118.117598 83.711 100.5998
118.973527 83.683 100.2821
119.835658 83.655 99.9572
120.704037 83.626 99.6270
121.578708 83.598 99.2955
122.459718 83.569 98.9674
123.347111 83.539 98.6454
124.240935 83.510 98.3253
125.141236 83.480 98.0020
126.048061 83.450 97.6750
126.961458 83.420 97.3425
127.881473 83.390 97.0026
128.808154 83.360 96.6626
129.741551 83.331 96.3303
130.681712 83.303 96.0095
131.628686 83.276 95.6930
132.582521 83.248 95.3744
133.543269 83.216 95.0544
134.510979 83.180 94.7371
135.485701 83.143 94.4219
136.467486 83.108 94.1027
137.456386 83.076 93.7741
138.452451 83.050 93.4373
139.455735 83.027 93.1018
140.466288 83.004 92.7796
141.484165 82.977 92.4752
142.509418 82.941 92.1841
143.542100 82.894 91.8908
144.582265 82.837 91.5670
145.629968 82.774 91.1833
146.685262 82.712 90.7258
147.748204 82.659 90.2045
148.818849 82.620 89.6582
149.897251 82.596 89.1474
150.983469 82.583 88.7285
152.077557 82.577 88.4330
153.179574 82.568 88.2555
154.289576 82.550 88.1642
155.407622 82.522 88.1076
156.533770 82.486 88.0329
157.668078 82.448 87.9077
158.810606 82.417 87.7363
159.961413 82.405 87.5376
161.120559 82.419 87.3000
162.288105 82.454 86.9797
163.464112 82.492 86.5789
164.648640 82.520 86.1684
165.841752 82.531 85.8171
167.043510 82.529 85.5319
168.253976 82.515 85.2652
169.473213 82.490 84.9758
170.701286 82.456 84.6431
171.938258 82.417 84.2621
173.184194 82.376 83.8476
174.439158 82.338 83.4190
175.703216 82.305 82.9898
176.976434 82.277 82.5739
178.258878 82.251 82.1776
179.550615 82.223 81.8084
180.851713 82.193 81.4681
182.162239 82.161 81.1409
183.482262 82.131 80.8029
184.811850 82.101 80.4491
186.151073 82.073 80.0888
187.500000 82.045 79.7368
188.858702 82.018 79.3977
190.227250 81.991 79.0688
191.605715 81.964 78.7432
192.994169 81.938 78.4150
194.392685 81.914 78.0780
195.801334 81.889 77.7330
197.220191 81.864 77.3936
198.649330 81.838 77.0644
200.088825 81.811 76.7421
201.538751 81.785 76.4201
202.999184 81.759 76.0966
204.470200 81.734 75.7719
205.951875 81.707 75.4455
207.444287 81.680 75.1216
208.947514 81.652 74.8058
210.461634 81.625 74.4934
211.986726 81.599 74.1760
213.522869 81.573 73.8478
215.070144 81.547 73.5147
216.628631 81.519 73.1836
218.198411 81.492 72.8625
219.779567 81.467 72.5538
221.372180 81.445 72.2520
222.976334 81.424 71.9447
224.592112 81.402 71.6356
226.219600 81.378 71.3253
227.858880 81.353 71.0209
229.510039 81.330 70.7264
231.173164 81.309 70.4310
232.848340 81.291 70.1232
234.535655 81.272 69.8029
236.235197 81.250 69.4979
237.947054 81.226 69.2344
239.671317 81.203 68.9787
241.408074 81.181 68.6917
243.157416 81.157 68.3827
244.919435 81.132 68.0699
246.694223 81.111 67.7566
248.481871 81.095 67.4274
250.282473 81.081 67.0864
252.096123 81.066 66.7595
253.922915 81.047 66.4678
255.762945 81.024 66.2141
257.616309 81.001 65.9738
259.483103 80.979 65.7074
261.363424 80.957 65.4052
263.257372 80.935 65.0960
265.165043 80.914 64.7981
267.086538 80.893 64.5057
269.021957 80.872 64.2090
270.971401 80.851 63.9134
272.934972 80.830 63.6288
274.912771 80.811 63.3484
276.904902 80.792 63.0689
278.911469 80.772 62.7938
280.932577 80.752 62.5206
282.968330 80.732 62.2477
285.018835 80.711 61.9772
287.084199 80.691 61.7077
289.164530 80.671 61.4323
291.259935 80.652 61.1551
293.370525 80.632 60.8784
295.496408 80.614 60.6055
297.637697 80.595 60.3354
299.794503 80.577 60.0695
301.966937 80.558 59.8096
304.155114 80.540 59.5525
306.359147 80.521 59.2966
308.579152 80.503 59.0399
310.815244 80.485 58.7840
313.067539 80.467 58.5313
315.336156 80.449 58.2798
317.621211 80.432 58.0298
319.922826 80.414 57.7815
322.241118 80.397 57.5349
324.576210 80.381 57.2923
326.928223 80.364 57.0505
329.297280 80.347 56.8099
331.683504 80.330 56.5701
334.087019 80.313 56.3316
336.507952 80.297 56.0941
338.946427 80.281 55.8602
341.402572 80.265 55.6310
343.876516 80.248 55.4031
346.368387 80.231 55.1710
348.878315 80.214 54.9375
351.406431 80.197 54.7103
353.952867 80.181 54.4893
356.517756 80.166 54.2720
359.101230 80.152 54.0569
361.703426 80.138 53.8457
364.324478 80.123 53.6375
366.964523 80.107 53.4297
369.623699 80.092 53.2214
372.302145 80.076 53.0139
375.000000 80.061 52.8078
377.717405 80.047 52.6006
380.454501 80.033 52.3924
383.211431 80.019 52.1870
385.988339 80.005 51.9897
388.785369 79.991 51.7972
391.602668 79.977 51.6006
394.440383 79.963 51.3930
397.298660 79.950 51.1888
400.177650 79.938 50.9946
403.077502 79.927 50.8111
405.998368 79.915 50.6359
408.940400 79.903 50.4578
411.903750 79.891 50.2803
414.888575 79.879 50.1027
417.895028 79.867 49.9176
420.923268 79.855 49.7341
423.973452 79.842 49.5645
427.045738 79.830 49.4002
430.140287 79.818 49.2321
433.257261 79.805 49.0628
436.396822 79.793 48.8989
439.559133 79.782 48.7420
442.744360 79.772 48.5896
445.952668 79.763 48.4334
449.184225 79.754 48.2723
452.439199 79.743 48.1133
455.717760 79.731 47.9581
459.020079 79.719 47.8090
462.346327 79.707 47.6642
465.696680 79.697 47.5231
469.071310 79.688 47.3824
472.470394 79.678 47.2448
475.894109 79.668 47.1160
479.342634 79.658 46.9935
482.816148 79.648 46.8713
486.314833 79.638 46.7502
489.838871 79.628 46.6294
493.388445 79.618 46.5114
496.963741 79.608 46.3989
500.564945 79.599 46.2905
504.192245 79.590 46.1799
507.845830 79.582 46.0675
511.525890 79.574 45.9619
515.232618 79.566 45.8650
518.966206 79.558 45.7734
522.726849 79.549 45.6814
526.514743 79.541 45.5896
530.330086 79.532 45.5016
534.173076 79.525 45.4176
538.043915 79.517 45.3354
541.942803 79.511 45.2537
545.869944 79.505 45.1773
549.825542 79.499 45.1058
553.809805 79.492 45.0410
557.822939 79.485 44.9811
561.865154 79.477 44.9272
565.936660 79.471 44.8824
570.037671 79.466 44.8460
574.168399 79.462 44.8118
578.329060 79.459 44.7758
582.519870 79.457 44.7407
586.741049 79.456 44.7042
590.992817 79.456 44.6633
595.275394 79.457 44.6181
599.589005 79.458 44.5691
603.933874 79.459 44.5200
608.310228 79.459 44.4713
612.718295 79.459 44.4216
617.158304 79.458 44.3707
621.630488 79.457 44.3203
626.135079 79.456 44.2739
630.672311 79.454 44.2350
635.242423 79.452 44.2029
639.845651 79.450 44.1769
644.482237 79.449 44.1547
649.152421 79.448 44.1339
653.856447 79.447 44.1161
658.594560 79.446 44.1029
663.367008 79.446 44.0947
668.174039 79.446 44.0922
673.015903 79.446 44.0932
677.892854 79.446 44.0993
682.805145 79.447 44.1066
687.753032 79.448 44.1175
692.736774 79.449 44.1324
697.756631 79.451 44.1515
702.812863 79.453 44.1751
707.905735 79.455 44.2019
713.035511 79.458 44.2320
718.202461 79.461 44.2629
723.406852 79.464 44.2971
728.648956 79.468 44.3332
733.929047 79.471 44.3737
739.247399 79.475 44.4176
744.604290 79.479 44.4677
750.000000 79.482 44.5226
755.434809 79.486 44.5820
760.909001 79.490 44.6458
766.422861 79.493 44.7151
771.976677 79.497 44.7926
777.570739 79.501 44.8780
783.205337 79.505 44.9753
788.880766 79.510 45.0851
794.597321 79.515 45.2085
800.355301 79.521 45.3433
806.155005 79.528 45.4885
811.996736 79.537 45.6446
817.880799 79.547 45.8117
823.807501 79.559 45.9889
829.777150 79.574 46.1740
835.790057 79.590 46.3669
841.846536 79.609 46.5667
847.946903 79.630 46.7710
854.091476 79.654 46.9769
860.280575 79.680 47.1826
866.514523 79.708 47.3873
872.793644 79.739 47.5903
879.118267 79.772 47.7894
885.488720 79.807 47.9848
891.905336 79.843 48.1761
898.368450 79.881 48.3636
904.878398 79.921 48.5463
911.435520 79.963 48.7252
918.040157 80.006 48.9000
924.692655 80.051 49.0708
931.393359 80.098 49.2342
938.142619 80.146 49.3896
944.940787 80.196 49.5386
951.788218 80.247 49.6813
958.685268 80.299 49.8174
965.632296 80.353 49.9459
972.629666 80.408 50.0668
979.677741 80.465 50.1803
986.776890 80.523 50.2880
993.927482 80.581 50.3897
1001.129891 80.641 50.4808
1008.384491 80.701 50.5598
1015.691660 80.763 50.6283
1023.051781 80.825 50.6852
1030.465236 80.889 50.7318
1037.932411 80.953 50.7675
1045.453698 81.017 50.7932
1053.029486 81.082 50.8096
1060.660172 81.147 50.8168
1068.346153 81.213 50.8131
1076.087829 81.279 50.7988
1083.885605 81.345 50.7702
1091.739887 81.412 50.7289
1099.651084 81.478 50.6773
1107.619609 81.545 50.6152
1115.645878 81.611 50.5416
1123.730308 81.676 50.4585
1131.873321 81.742 50.3651
1140.075341 81.806 50.2624
1148.336797 81.870 50.1516
1156.658119 81.934 50.0337
1165.039741 81.997 49.9072
1173.482099 82.059 49.7713
1181.985634 82.121 49.6263
1190.550789 82.181 49.4723
1199.178011 82.241 49.3115
1207.867749 82.300 49.1464
1216.620457 82.358 48.9780
1225.436590 82.415 48.8053
1234.316609 82.472 48.6274
1243.260976 82.527 48.4447
1252.270157 82.581 48.2598
1261.344623 82.634 48.0715
1270.484846 82.687 47.8806
1279.691303 82.738 47.6888
1288.964474 82.789 47.4949
1298.304842 82.839 47.2983
1307.712894 82.888 47.1010
1317.189120 82.936 46.9032
1326.734016 82.984 46.7039
1336.348077 83.032 46.5041
1346.031806 83.078 46.3044
1355.785708 83.124 46.1051
1365.610290 83.170 45.9061
1375.506065 83.215 45.7088
1385.473549 83.259 45.5132
1395.513261 83.304 45.3174
1405.625726 83.347 45.1218
1415.811469 83.390 44.9270
1426.071023 83.433 44.7323
1436.404921 83.476 44.5385
1446.813703 83.519 44.3481
1457.297912 83.562 44.1591
1467.858093 83.605 43.9711
1478.494798 83.647 43.7838
1489.208581 83.689 43.5971
1500.000000 83.731 43.4100
1510.869618 83.773 43.2210
1521.818002 83.815 43.0331
1532.845723 83.857 42.8459
1543.953355 83.900 42.6581
1555.141477 83.942 42.4717
1566.410674 83.985 42.2845
1577.761531 84.028 42.0976
1589.194642 84.072 41.9100
1600.710601 84.115 41.7222
1612.310010 84.159 41.5333
1623.993473 84.202 41.3455
1635.761599 84.246 41.1576
1647.615002 84.290 40.9672
1659.554299 84.335 40.7723
1671.580114 84.379 40.5741
1683.693072 84.423 40.3744
1695.893807 84.468 40.1733
1708.182952 84.513 39.9706
1720.561150 84.559 39.7660
1733.029045 84.605 39.5586
1745.587288 84.652 39.3492
1758.236533 84.699 39.1358
1770.977440 84.747 38.9167
1783.810673 84.795 38.6896
1796.736900 84.844 38.4534
1809.756796 84.892 38.2084
1822.871040 84.941 37.9570
1836.080315 84.989 37.6979
1849.385310 85.037 37.4321
1862.786718 85.084 37.1595
1876.285239 85.131 36.8807
1889.881575 85.177 36.5967
1903.576436 85.223 36.3084
1917.370535 85.269 36.0117
1931.264593 85.315 35.7065
1945.259332 85.360 35.3958
1959.355483 85.405 35.0811
1973.553781 85.449 34.7608
1987.854965 85.493 34.4344
2002.259781 85.535 34.1016
2016.768981 85.578 33.7623
2031.383320 85.619 33.4150
2046.103561 85.660 33.0619
2060.930471 85.700 32.7032
2075.864823 85.739 32.3374
2090.907395 85.778 31.9677
2106.058972 85.815 31.5908
2121.320344 85.852 31.2066
2136.692305 85.887 30.8155
2152.175658 85.920 30.4205
2167.771210 85.953 30.0187
2183.479774 85.984 29.6127
2199.302169 86.014 29.2036
2215.239219 86.043 28.7909
2231.291755 86.070 28.3750
2247.460615 86.097 27.9584
2263.746641 86.122 27.5393
2280.150683 86.145 27.1167
2296.673595 86.168 26.6914
2313.316238 86.189 26.2659
2330.079481 86.208 25.8405
2346.964198 86.227 25.4137
2363.971268 86.244 24.9869
2381.101578 86.260 24.5565
2398.356022 86.275 24.1233
2415.735498 86.290 23.6875
2433.240913 86.303 23.2491
2450.873180 86.314 22.8066
2468.633217 86.324 22.3602
2486.521951 86.332 21.9113
2504.540314 86.337 21.4623
2522.689246 86.340 21.0150
2540.969692 86.341 20.5730
2559.382606 86.340 20.1350
2577.928947 86.336 19.7039
2596.609683 86.331 19.2822
2615.425787 86.324 18.8732
2634.378241 86.316 18.4775
2653.468031 86.306 18.0961
2672.696154 86.296 17.7289
2692.063613 86.286 17.3793
2711.571415 86.276 17.0454
2731.220579 86.267 16.7268
2751.012130 86.259 16.4196
2770.947098 86.254 16.1193
2791.026522 86.252 15.8209
2811.251451 86.253 15.5173
2831.622938 86.256 15.2017
2852.142045 86.260 14.8646
2872.809842 86.264 14.5037
2893.627406 86.268 14.1207
2914.595823 86.269 13.7198
2935.716186 86.267 13.3062
2956.989596 86.262 12.8846
2978.417161 86.254 12.4601
3000.000000 86.244 12.0379
3021.739237 86.231 11.6185
3043.636005 86.217 11.2039
3065.691446 86.201 10.7911
3087.906710 86.183 10.3805
3110.282955 86.163 9.9733
3132.821347 86.140 9.5684
3155.523062 86.116 9.1721
3178.389283 86.089 8.7856
3201.421202 86.060 8.4133
3224.620020 86.029 8.0555
3247.986946 85.997 7.7122
3271.523198 85.964 7.3833
3295.230004 85.930 7.0687
3319.108599 85.896 6.7693
3343.160228 85.862 6.4873
3367.386145 85.828 6.2243
3391.787613 85.796 5.9784
3416.365904 85.765 5.7474
3441.122300 85.735 5.5259
3466.058091 85.707 5.3109
3491.174576 85.680 5.1005
3516.473066 85.655 4.8928
3541.954880 85.631 4.6875
3567.621345 85.609 4.4803
3593.473800 85.588 4.2712
3619.513592 85.569 4.0576
3645.742080 85.551 3.8372
3672.160630 85.533 3.6105
3698.770620 85.516 3.3749
3725.573436 85.498 3.1302
3752.570477 85.481 2.8800
3779.763150 85.463 2.6238
3807.152872 85.446 2.3585
3834.741071 85.427 2.0801
3862.529185 85.407 1.7869
3890.518664 85.386 1.4810
3918.710966 85.363 1.1683
3947.107561 85.338 0.8523
3975.709929 85.311 0.5371
4004.519563 85.283 0.2212
4033.537962 85.252 -0.0956
4062.766641 85.218 -0.4141
4092.207123 85.182 -0.7336
4121.860942 85.144 -1.0538
4151.729646 85.101 -1.3717
4181.814790 85.056 -1.6818
4212.117944 85.006 -1.9802
4242.640687 84.952 -2.2617
4273.384610 84.895 -2.5191
4304.351317 84.835 -2.7471
4335.542421 84.774 -2.9407
4366.959549 84.712 -3.0994
4398.604338 84.650 -3.2249
4430.478438 84.589 -3.3190
4462.583511 84.529 -3.3834
4494.921231 84.471 -3.4175
4527.493283 84.415 -3.4230
4560.301365 84.363 -3.4005
4593.347189 84.315 -3.3530
4626.632476 84.271 -3.2875
4660.158962 84.232 -3.2153
4693.928395 84.199 -3.1449
4727.942535 84.170 -3.0818
4762.203156 84.144 -3.0288
4796.712043 84.122 -2.9880
4831.470996 84.101 -2.9578
4866.481826 84.082 -2.9391
4901.746360 84.063 -2.9305
4937.266434 84.045 -2.9330
4973.043902 84.027 -2.9433
5009.080628 84.010 -2.9592
5045.378492 83.992 -2.9742
5081.939384 83.974 -2.9880
5118.765212 83.956 -2.9996
5155.857894 83.939 -3.0099
5193.219366 83.921 -3.0145
5230.851574 83.904 -3.0128
5268.756481 83.888 -3.0015
5306.936062 83.872 -2.9777
5345.392309 83.858 -2.9436
5384.127225 83.846 -2.9015
5423.142830 83.835 -2.8510
5462.441159 83.825 -2.7924
5502.024259 83.815 -2.7217
5541.894195 83.806 -2.6405
5582.053045 83.798 -2.5472
5622.502902 83.791 -2.4396
5663.245876 83.786 -2.3059
5704.284090 83.784 -2.1360
5745.619684 83.788 -1.9271
5787.254813 83.800 -1.6888
5829.191647 83.823 -1.4398
5871.432373 83.856 -1.2023
5913.979192 83.897 -0.9941
5956.834323 83.946 -0.8157
6000.000000 84.001 -0.6573
6043.478473 84.062 -0.5173
6087.272010 84.129 -0.3951
6131.382892 84.203 -0.2900
6175.813420 84.285 -0.2038
6220.565910 84.374 -0.1422
6265.642695 84.470 -0.1143
6311.046124 84.574 -0.1249
6356.778566 84.685 -0.1812
6402.842404 84.803 -0.2962
6449.240040 84.927 -0.4799
6495.973891 85.056 -0.7402
6543.046396 85.188 -1.0830
6590.460007 85.321 -1.5151
6638.217197 85.453 -2.0447
6686.320456 85.582 -2.6790
6734.772290 85.702 -3.4260
6783.575226 85.811 -4.2798
6832.731809 85.904 -5.2241
6882.244600 85.978 -6.2344
6932.116181 86.029 -7.2909
6982.349153 86.055 -8.3677
7032.946133 86.053 -9.4247
7083.909760 86.023 -10.4139
7135.242690 85.965 -11.2893
7186.947600 85.883 -12.0055
7239.027185 85.780 -12.5178
7291.484160 85.665 -12.7808
7344.321260 85.546 -12.7576
7397.541239 85.435 -12.4310
7451.146872 85.344 -11.8053
7505.140954 85.285 -10.9094
7559.526299 85.269 -9.7943
7614.305743 85.306 -8.5291
7669.482141 85.403 -7.2014
7725.058371 85.562 -5.9109
7781.037328 85.781 -4.7598
7837.421932 86.055 -3.8387
7894.215122 86.376 -3.2286
7951.419859 86.733 -2.9952
8009.039125 87.114 -3.1869
8067.075924 87.506 -3.8356
8125.533282 87.895 -4.9622
8184.414245 88.268 -6.5705
8243.721885 88.609 -8.6454
8303.459292 88.905 -11.1449
8363.629581 89.143 -14.0117
8424.235888 89.311 -17.1740
8485.281374 89.400 -20.5374
8546.769221 89.408 -23.9917
8608.702634 89.332 -27.4277
8671.084842 89.178 -30.7327
8733.919097 88.953 -33.8086
8797.208675 88.666 -36.5885
8860.956876 88.329 -39.0266
8925.167022 87.953 -41.0930
8989.842461 87.550 -42.7770
9054.986566 87.130 -44.0796
9120.602731 86.702 -45.0122
9186.694378 86.275 -45.5959
9253.264952 85.855 -45.8673
9320.317925 85.447 -45.8606
9387.856790 85.055 -45.6102
9455.885071 84.681 -45.1525
9524.406312 84.326 -44.5183
9593.424086 83.989 -43.7323
9662.941992 83.670 -42.8179
9732.963653 83.370 -41.7912
9803.492719 83.089 -40.6680
9874.532869 82.827 -39.4612
9946.087805 82.581 -38.1919
10018.161257 82.352 -36.8725
10090.756983 82.139 -35.5156
10163.878768 81.940 -34.1287
10237.530423 81.755 -32.7153
10311.715789 81.582 -31.2805
10386.438732 81.422 -29.8336
10461.703149 81.272 -28.3774
10537.512962 81.131 -26.9131
10613.872125 81.001 -25.4391
10690.784618 80.880 -23.9530
10768.254450 80.769 -22.4539
10846.285661 80.670 -20.9484
10924.882318 80.582 -19.4410
11004.048518 80.507 -17.9377
11083.788390 80.445 -16.4470
11164.106090 80.396 -14.9885
11245.005805 80.360 -13.5778
11326.491752 80.337 -12.2338
11408.568180 80.326 -10.9790
11491.239368 80.323 -9.8251
11574.509626 80.327 -8.7890
11658.383294 80.333 -7.8896
11742.864745 80.336 -7.1361
11827.958384 80.328 -6.5270
11913.668646 80.306 -6.0430
12000.000000 80.267 -5.6479
12086.956947 80.214 -5.3002
12174.544019 80.143 -4.9574
12262.765784 80.054 -4.6075
12351.626840 79.949 -4.2505
12441.131819 79.828 -3.8887
12531.285389 79.689 -3.5138
12622.092249 79.532 -3.1000
12713.557132 79.355 -2.6192
12805.684808 79.160 -2.0469
12898.480079 78.949 -1.3494
12991.947783 78.726 -0.5012
13086.092792 78.497 0.5054
13180.920015 78.265 1.6642
13276.434395 78.036 2.9706
13372.640911 77.812 4.4174
13469.544580 77.600 5.9926
13567.150452 77.402 7.6848
13665.463617 77.222 9.4740
13764.489200 77.063 11.3307
13864.232362 76.927 13.2304
13964.698305 76.819 15.1483
14065.892266 76.741 17.0397
14167.819519 76.694 18.8434
14270.485380 76.677 20.4832
14373.895200 76.685 21.8864
14478.054370 76.711 22.9942
14582.968320 76.743 23.7509
14688.642520 76.763 24.1002
14795.082478 76.745 24.0328
14902.293745 76.663 23.6604
15010.281908 76.500 23.2108
15119.052599 76.261 22.9484
15228.611486 75.974 23.0626
15338.964283 75.675 23.5760
15450.116741 75.389 24.3512
15562.074656 75.121 25.2229
15674.843864 74.866 26.0906
15788.430244 74.611 26.9257
15902.839718 74.346 27.7424
16018.078250 74.063 28.5883
16134.151848 73.762 29.5230
16251.066563 73.447 30.6010
16368.828491 73.123 31.8698
16487.443769 72.800 33.3638
16606.918584 72.487 35.0902
16727.259161 72.194 37.0369
16848.471777 71.931 39.1854
16970.562748 71.707 41.5025
17093.538442 71.530 43.9359
17217.405268 71.408 46.4248
17342.169684 71.348 48.9030
17467.838194 71.355 51.2887
17594.417350 71.435 53.4838
17721.913751 71.594 55.3740
17850.334044 71.830 56.8074
17979.684923 72.137 57.6039
18109.973131 72.503 57.5661
18241.205462 72.903 56.4945
18373.388756 73.300 54.2341
18506.529905 73.644 50.7062
18640.635849 73.874 45.9417
18775.713581 73.933 40.1078
18911.770141 73.775 33.5343
19048.812624 73.376 26.6436
19186.848172 72.729 19.8384
19325.883983 71.849 13.4452
19465.927305 70.764 7.7252
19606.985439 69.518 2.8577
19749.065738 68.198 -1.0282
19892.175609 67.004 -3.7920
20036.322514 66.282 -5.2528
