20	6.248056238781359
20.290906698750476	6.22198199783106
20.586044732869844	6.199289010535589
20.885475648548283	6.179898338733231
21.189261887185914	6.1636879287689155
21.49746679841394	6.1504970965932415
21.810154653305165	6.140131331269188
22.12739065777668	6.132367330256454
22.449240966187475	6.126958164907261
22.77577269513385	6.123638466607492
23.107053937445478	6.122129523058097
23.44315377638505	6.122144179798628
23.784142300054445	6.123391453232099
24.130090616010463	6.12558077680106
24.481070866093134	6.128425820085896
24.837156241469714	6.131647839934658
25.1984209978975	6.134978541903923
25.56494047120865	6.138162448153125
25.936791093020236	6.140958783614362
26.3140504066728	6.14314290518956
26.69679708340074	6.14450730863949
27.08511093873791	6.144862254742707
27.47907294916184	6.144036060442009
27.878765268980047	6.141875102379398
28.284271247461966	6.138243579861214
28.695675446220072	6.133023082338504
29.11306365684382	6.126112003365034
29.536522918790062	6.1174248390869135
29.966141537533712	6.106891404960473
30.402009102982383	6.094455999865872
30.844216508158908	6.080076542296311
31.29285596815558	6.063723699017466
31.74802103936409	6.045380022609272
32.20980663898519	6.0250391107007975
32.67830906482211	6.002704796523787
33.153626015361866	5.978390377651301
33.63585661014871	5.952117887413152
34.125101410453844	5.923917411435776
34.62146244024586	5.893826450000272
35.12504320746613	5.861889325416168
35.635948725613716	5.828156632344452
36.15428553564419	5.792684727929907
36.68016172818701	5.75553525767751
37.21368696608603	5.71677471221391
37.754972507267915	5.67647400939982
38.30413122794313	5.63470809572075
38.86127764614443	5.591555560524645
39.4265279456077	5.547098256525107
40.000000000000206	5.501420920064248
40.58181339750116	5.454610784892515
41.1720894657399	5.406757183664615
41.77095129709678	5.357951131983216
42.37852377437204	5.308284890652318
42.9949335968281	5.257851502791894
43.62030930661056	5.20674430357792
44.25478131555359	5.155056401610155
44.89848193237519	5.102880132286922
45.55154539026795	5.050306485056198
46.21410787489121	4.997424507987533
46.88630755277036	4.944320694701475
47.56828460010916	4.891078360200942
48.260181232021196	4.837777013557
48.962141732186545	4.7844917366747195
49.674312482939705	4.731292579431734
50.39684199579528	4.678243982296025
51.129880942417586	4.625404238016602
51.873582186040764	4.572825004024122
52.628100813345895	4.520550876761468
53.393594166801776	4.468619038311449
54.17022187747612	4.417058984429376
54.95814589832399	4.365892341437599
55.75753053796041	4.315132777433903
56.56854249492426	4.264786010975192
57.39135089244048	4.214849917915326
58.226127313687975	4.165314734518681
59.073045837580466	4.116163352419927
59.932283075067765	4.0673716985723525
60.804018205965114	4.018909191144036
61.68843301631817	3.970739260491115
62.58571193631152	3.922819922895056
63.49604207872855	3.875104393741677
64.41961327797075	3.8275417262746476
65.35661812964459	3.7800774620139226
66.3072520307241	3.732654279345967
67.27171322029778	3.685212627634373
68.25020282090806	3.6376913354243765
69.2429248804921	3.5900281828483607
70.25008641493265	3.5421604301205036
71.27189745122783	3.4940252960053986
72.30857107128878	3.4455603823044276
73.36032345637442	3.396704042611065
74.42737393217246	3.347395695742516
75.50994501453623	3.297576086286448
76.60826245588666	3.247187496567322
77.72255529228926	3.1961739159974147
78.85305589121582	3.1444811751582082
80.00000000000082	3.0920570530037645
81.16362679500274	3.0388513662363277
82.34417893148023	2.984816050177889
83.541902594194	2.929905240351808
84.75704754874454	2.8740753634743363
85.98986719365665	2.8172852456738475
87.24061861322157	2.759496244557081
88.50956263110764	2.700672410236358
89.79696386475084	2.6407806786634875
91.10309078053635	2.579791098654198
92.42821574978288	2.517677091942069
93.77261510554118	2.454415743510604
95.13656920021877	2.3899881174137985
96.52036246404286	2.3243795914156795
97.92428346437356	2.257580202147122
99.34862496587989	2.189584991112219
100.79368399159105	2.120394340789982
102.25976188483567	2.0500142893070157
103.74716437208203	1.978456811697562
105.25620162669229	1.9057400556750483
106.78718833360406	1.831888520143936
108.34044375495276	1.7569331653967448
109.9162917966485	1.680911445072202
111.51506107592134	1.6038672514320682
113.13708498984903	1.5258507672786001
114.78270178488147	1.446918219853495
116.45225462737648	1.367131534241579
118.14609167516147	1.2865578860758102
119.86456615013608	1.2052691556901571
121.60803641193078	1.1233412882037983
123.3768660326369	1.0408535661862939
125.17142387262359	0.9578878035503924
126.99208415745765	0.8745274712022619
128.83922655594208	0.7908567667741385
130.71323625928977	0.7069596424134872
132.61450406144883	0.6229188060270336
134.5434264405962	0.5388147125538625
136.50040564181674	0.4547245627948815
138.48584976098482	0.3707213281034056
140.50017282986593	0.28687281982635915
142.5437949024563	0.20324082261959076
144.61714214257822	0.11988031047987757
146.7206469127495	0.036838763580542166
148.8547478643456	-0.04584439710544941
151.01989002907314	-0.12813824183505296
153.216524911774	-0.21002061704563924
155.4451105845792	-0.2914782716764225
157.70611178243232	-0.37250681587237966
160.00000000000236	-0.4531105060681674
162.3272535900062	-0.5333018538273372
164.6883578629612	-0.6131010595227807
167.08380518838874	-0.6925352758832181
169.51409509748981	-0.7716377105669276
171.97973438731407	-0.8504465812516688
174.4812372264439	-0.9290039411505125
177.01912526221608	-1.0073543971250862
179.5939277295025	-1.085543746450937
182.20618156107355	-1.163617561691931
184.85643149956664	-1.2416197560492679
187.54523021108326	-1.3195911638445408
190.27313840043846	-1.3975681722616233
193.04072492808663	-1.4755814409582235
195.84856692874806	-1.5536547454549552
198.69724993176072	-1.6318039782223734
201.58736798318304	-1.710036338111344
204.5195237696723	-1.7883497342686518
207.49432874416505	-1.866732425137189
210.5124032533856	-1.9451629068247291
213.57437666720915	-2.0236100581440297
216.68088750990657	-2.102033542153677
219.83258359329807	-2.180384456318969
223.03012215184378	-2.2586062157387774
226.2741699796992	-2.336635646664669
229.5654035697641	-2.414404261048558
232.90450925475412	-2.4918396772507827
236.2921833503241	-2.568867147650406
239.72913230027333	-2.6454111509710576
243.21607282386276	-2.7213970058464207
246.75373206527502	-2.7967524624382887
250.34284774524843	-2.8714092305510164
253.9841683149166	-2.945304405506603
257.67845311188546	-3.0183817570406064
261.42647251858085	-3.090592851684469
265.22900812289896	-3.161897985169026
269.08685288119375	-3.2322669079338713
273.0008112836349	-3.3016793336875487
276.97169952197106	-3.370125227770344
281.00034565973334	-3.4376048783849504
285.0875898049141	-3.504128759326817
289.23428428515797	-3.5697171976304842
293.44129382550057	-3.6343998632486194
297.7094957286928	-3.6982151004445356
302.0397800581479	-3.7612091220938577
306.4330498235497	-3.8234350882920127
310.89022116916016	-3.8849520896432312
315.41222356486645	-3.9458240535338738
320.00000000000654	-4.006118588732143
324.6545071800142	-4.065905779972349
329.3767157259242	-4.125256940439488
334.16761037677935	-4.1842433266666665
339.02819019498156	-4.242934817322628
343.95946877463007	-4.301398555194374
348.9624744528898	-4.359697550792531
354.03825052443415	-4.417889246897859
359.187855459007	-4.476024046030128
364.4123631221491	-4.534143806989258
369.71286299913527	-4.592280322201171
375.0904604221685	-4.65045379424763
380.54627680087896	-4.708671337231873
386.08144985617537	-4.766925536079801
391.6971338574982	-4.8251931048245185
397.3944998635236	-4.88343369304641
403.1747359663683	-4.941588896514826
409.0390475393468	-4.999581532844927
414.9886574883323	-5.057315244876973
421.0248065067734	-5.114674492437883
427.1487533344206	-5.171524986917321
433.3617750198154	-5.227714612935991
439.6651671865984	-5.28307486748794
446.06024430368984	-5.337422829172254
452.54833995940066	-5.390563648622708
459.13080713953053	-5.442293527465808
465.8090185095106	-5.492403129467591
472.58436670065066	-5.540681345597813
479.45826460054917	-5.586919315218642
486.432145647728	-5.630914589543457
493.50746413055253	-5.672475312170357
500.6856954904994	-5.711424286278239
507.9683366298358	-5.747602799642943
515.3569062237735	-5.780874086649315
522.8529450371643	-5.811126320651557
530.4580162458005	-5.838275048792708
538.1737057623901	-5.862265003333872
546.0016225672724	-5.883071247634056
553.9433990439449	-5.900699639183868
562.0006913194694	-5.915186615850377
570.1751796098309	-5.926598333116108
578.4685685703187	-5.935029196737337
586.8825876510039	-5.940599847626414
595.4189914573883	-5.943454664337276
604.0795601162986	-5.9437588516357
612.8660996471021	-5.941695180580598
621.780442338323	-5.937460437424897
630.8244471297356	-5.931261626527528
640.0000000000159	-5.923311958334084
649.3090143600314	-5.913826639380271
658.7534314518515	-5.90301846706623
668.3352207535618	-5.891093219123688
678.0563803899662	-5.87824481793684
687.9189375492632	-5.864650249076252
697.9249489057827	-5.850464225140976
708.0765010488715	-5.83581360849179
718.3757109180171	-5.8207916390344145
728.8247262443015	-5.805452055415388
739.425725998274	-5.78980324811064
750.1809208443404	-5.773802635260969
761.0925536017613	-5.757351503145247
772.1628997123541	-5.7402906006223295
783.3942677149998	-5.722396815782513
794.7889997270506	-5.703381288662288
806.34947193274	-5.682889321156892
818.0780950786972	-5.66050243151209
829.9773149766683	-5.635742862722375
842.0496130135506	-5.608080788540204
854.2975066688449	-5.576944367715795
866.7235500396347	-5.541732679173229
879.3303343732008	-5.501831430687719
892.1204886073838	-5.456631175948432
905.0966799188055	-5.405547607578018
918.2616142790653	-5.348043325792518
931.6180370190256	-5.28365032533162
945.1687334013056	-5.211992308100632
958.9165292011028	-5.1328058298840755
972.8642912954606	-5.045959234415706
987.0149282611097	-4.951468321740272
1001.3713909810035	-4.849507744613643
1015.9366732596762	-4.740417231899789
1030.7138124475518	-4.62470190405573
1045.7058900743334	-4.503026164957857
1060.916032491606	-4.376200912853907
1076.3474115247852	-4.245164107773152
1092.0032451345498	-4.110955053658007
1107.8867980878947	-3.974683082558087
1124.0013826389438	-3.837491654967557
1140.350359219667	-3.700519210937969
1156.9371371406426	-3.5648584134849415
1173.765175302013	-3.4315156998764196
1190.837982914782	-3.301373267769686
1208.1591202326028	-3.175155737279322
1225.73219929421	-3.053403716843334
1243.5608846766518	-2.9364563176641894
1261.648894259477	-2.8244442800288416
1280.0000000000375	-2.7172947610986067
1298.6180287200684	-2.614748026755014
1317.5068629037087	-2.51638536180098
1336.6704415071292	-2.4216665449209294
1356.112760779938	-2.329974332410527
1375.8378750985323	-2.2406626672995724
1395.8498978115715	-2.153104864836032
1416.153002097749	-2.066737898604395
1436.7514218360407	-1.981099148634315
1457.6494524886093	-1.89585254792147
1478.8514519965543	-1.8108019111066298
1500.3618416886875	-1.7258902690803526
1522.1851072035295	-1.6411852151173398
1544.3257994247153	-1.5568514879803332
1566.788535430007	-1.4731131686855643
1589.5779994541087	-1.3902088310947034
1612.6989438654878	-1.308343656845298
1636.156190157402	-1.227642840308654
1659.9546299533442	-1.1481105467397656
1684.099226027109	-1.069598257808369
1708.5950133376978	-0.991785552553888
1733.4471000792773	-0.9141752680817152
1758.6606687464096	-0.8361036685181014
1784.2409772147755	-0.7567648630209828
1810.193359837619	-0.6752474185669949
1836.5232285581387	-0.5905800820556968
1863.2360740380593	-0.501782865302651
1890.3374668026197	-0.4079194926821514
1917.833058402214	-0.3081473651162757
1945.7285825909298	-0.20176171654521396
1974.0298565222283	-0.08823147385970753
2002.7427819620161	0.03277464252826767
2031.8733465193618	0.16137218026301958
2061.4276248951132	0.29745462448689347
2091.411780148677	0.44069534724424475
2121.832064983222	0.5905560431541435
2152.694823049581	0.7462997387868693
2184.0064902691106	0.9070066274725284
2215.7735961758003	1.0715913261907541
2248.002765277899	1.2388206022896342
2280.7007184393456	1.4073311246280635
2313.874274281297	1.5756471896830755
2347.530350604038	1.7421986063561476
2381.6759658295764	1.905339069985994
2416.318240465218	2.063365501548396
2451.4643985884327	2.2145389655256618
2487.1217693533167	2.357107880459398
2523.2977885189675	2.4893342997750496
2560.0000000000887	2.609524156815436
2597.236057440151	2.7160624512698774
2635.0137258074315	2.8074543498109032
2673.340883014273	2.8823727980616534
2712.225521559891	2.939712362558001
2751.6757501970797	2.9786476180012187
2791.699795623158	2.9986925681764998
2832.3060041955137	2.9997555870559167
2873.502843672097	2.9821829269887674
2915.2989049772345	2.9467832494402955
2957.7029039931244	2.8948261630672656
3000.723683377391	2.8280093105786754
3044.370214407075	2.7483913390742205
3088.6515988494466	2.6582922196810963
3133.57707086003	2.5601677201192286
3179.1559989082334	2.456470523784131
3225.3978877309914	2.349514075355784
3272.3123803148205	2.2413550408259506
3319.9092599067053	2.1337068348875867
3368.198452054235	2.0278910846140854
3417.190026675413	1.9248277099325029
3466.8942001585724	1.8250588222699098
3517.3213374928373	1.7287978796247765
3568.4819544295697	1.6359940064789114
3620.386719675257	1.5464018709556238
3673.0464571162966	1.459649282734093
3726.472148076138	1.3752969691552783
3780.6749336052594	1.2928872158746454
3835.6661168044484	1.2119798215332562
3891.45716518188	1.1321753725390977
3948.059713044477	1.0531274606109293
4005.4855639240527	0.9745466917465136
4063.746693038744	0.8961994367323238
4122.855249790247	0.8179038456647428
4182.823560297375	0.739524430217141
4243.664129966465	0.6609652530887806
4305.389646099183	0.5821613456220177
4368.012980538242	0.5030681622148405
4431.5471923516225	0.42364923039395863
4496.00553055582	0.3438624446795094
4561.401436878714	0.263645852851066
4627.748548562617	0.18290444688871457
4695.060701208099	0.10149992610861745
4763.351931659176	0.01924476869579418
4832.63648093046	-0.06409925386960653
4902.928797176889	-0.14881928189685345
4974.243538706657	-0.23524748156229075
5046.595577037959	-0.323754580410449
5120.000000000202	-0.41473897648036506
5194.472114880326	-0.5086090879977377
5270.027451614888	-0.605756342091607
5346.6817660285715	-0.7065164240253581
5424.451043119808	-0.8111175914860047
5503.351500394186	-0.9196171508189835
5583.399591246343	-1.0318316287548437
5664.612008391055	-1.1472707780622042
5747.005687344222	-1.2650868700584492
5830.597809954497	-1.3840500946209569
5915.405807986278	-1.5025599310784385
6001.447366754812	-1.6187001332110198
6088.740428814181	-1.7303390680655344
6177.303197698925	-1.8352683217209969
6267.154141720092	-1.9313658170387171
6358.3119978165005	-2.016767724471271
6450.795775462017	-2.0900327801804788
6544.624760629676	-2.1502845014724463
6639.818519813445	-2.1973203793602223
6736.396904108505	-2.2316798449957664
6834.380053350861	-2.254666900596549
6933.788400317181	-2.2683279956542535
7034.642674985712	-2.2753894528877
7136.963908859177	-2.2791612669997425
7240.773439350552	-2.283416734493872
7346.092914232631	-2.292262130671257
7452.944296152315	-2.310011837666169
7561.349867210557	-2.3410763925753844
7671.332233608935	-2.3898579381353793
7782.914330363799	-2.4606345961897413
7896.119426088994	-2.5574080812678486
8010.971127848146	-2.6836944715083306
8127.49338607753	-2.8422551959194324
8245.710499580537	-3.034786604226561
8365.647120594791	-3.261602761124748
8487.328259932974	-3.5213562525310422
8610.77929219841	-3.8108455848534657
8736.025961076528	-4.124962268069757
8863.094384703289	-4.45684354153115
8992.011061111683	-4.7982870680656315
9122.802873757471	-5.1404353634295665
9255.497097125279	-5.474677492831031
9390.121402416245	-5.793653623883673
9526.7038633184	-6.09219167543379
9665.272961860968	-6.3679885606416775
9805.857594353829	-6.621892189763496
9948.487077413367	-6.857720306112289
10093.19115407597	-7.0816357705733735
10240.000000000457	-7.301177153939479
10388.944229760706	-7.524120293782637
10540.05490322983	-7.757386229602222
10693.363532057198	-8.006181580268402
10848.902086239672	-8.273475264914676
11006.703000788428	-8.559827065979128
11166.799182492743	-8.863535608261543
11329.224016782166	-9.181022338959117
11494.0113746885	-9.507330680692101
11661.195619909053	-9.836605516607989
11830.811615972614	-10.162431042755971
12002.894733509682	-10.478010598740221
12177.48085762842	-10.776275421586742
12354.606395397908	-11.050087293697057
12534.308283440243	-11.292645861567461
12716.62399563306	-11.498043236583847
12901.591550924093	-11.661736335598565
13089.249521259411	-11.780619919085916
13279.637039626952	-11.852966754977587
13472.793808217073	-11.878953018162319
13668.760106701786	-11.861456223563545
13867.576800634426	-11.806194552223918
14069.285349971487	-11.720865765289059
14273.927817718419	-11.61369291655145
14481.54687870117	-11.492110744294669
14692.18582846533	-11.362141610264292
14905.888592304698	-11.228417938751148
15122.699734421185	-11.094559161294338
15342.664467217943	-10.963730137118867
15565.828660727671	-10.839183302288793
15792.238852178061	-10.72455029489626
16021.942255696367	-10.623750172855276
16254.986772155136	-10.540551862793512
16491.42099916115	-10.477975215219235
16731.294241189662	-10.437771232670103
16974.65651986603	-10.420133789049835
17221.558584396902	-10.423586526530043
17472.051922153143	-10.445028729192275
17726.188769406665	-10.48006608090081
17984.022122223458	-10.52381572683776
18245.605747515034	-10.572065046231174
18510.99419425065	-10.622256400212573
18780.242804832582	-10.673656490781815
19053.40772663689	-10.726682810141837
19330.545923722028	-10.782024211384181
19611.71518870775	-10.84009722015604
19896.974154826825	-10.900906618783187
20186.382308152035	-10.963716614329373