* Measurement data measured by REW V5.31.3
* Source: Microphone (JadeAudio JA11), MICROPHONE (Master Volume), R, volume: 0.250
* Format: 512k Log Swept Sine, 1 sweep at -14.9 dBFS with no timing reference
* Dated: Jun 15, 2025 5:19:05 PM
* REW Settings:
*  C-weighting compensation: Off
*  Target level: 75.0 dB
* Note: Bluemi unit
* Measurement: L Chopin (AEX07)
* Smoothing: 1/24 octave
* Frequency Step: 96 ppo
* Start Frequency: 20.141602 Hz
*
* Freq(Hz) SPL(dB) Phase(degrees)
20.141602 94.702 -166.1286
20.287556 94.694 -166.2862
20.434568 94.683 -166.6053
20.582645 94.674 -166.9997
20.731796 94.668 -167.4265
20.882027 94.667 -167.8626
21.033346 94.670 -168.2954
21.185763 94.677 -168.7184
21.339284 94.686 -169.1186
21.493917 94.696 -169.4911
21.649671 94.707 -169.8334
21.806553 94.716 -170.1451
21.964572 94.724 -170.4296
22.123737 94.730 -170.7089
22.284054 94.733 -170.9766
22.445534 94.735 -171.2346
22.608183 94.735 -171.4883
22.772012 94.735 -171.7432
22.937027 94.734 -172.0026
23.103238 94.734 -172.2882
23.270654 94.733 -172.5923
23.439282 94.733 -172.9002
23.609133 94.732 -173.2094
23.780215 94.730 -173.5164
23.952536 94.727 -173.8182
24.126106 94.721 -174.1357
24.300934 94.714 -174.4537
24.477028 94.706 -174.7638
24.654399 94.696 -175.0673
24.833055 94.686 -175.3661
25.013005 94.677 -175.6645
25.194260 94.670 -175.9846
25.376828 94.665 -176.3066
25.560719 94.663 -176.6313
25.745942 94.664 -176.9587
25.932508 94.668 -177.2883
26.120426 94.674 -177.6255
26.309705 94.682 -177.9660
26.500356 94.688 -178.3051
26.692388 94.694 -178.6419
26.885812 94.698 -178.9765
27.080638 94.699 -179.3087
27.276876 94.699 -179.6392
27.474535 94.696 -179.9709
27.673627 94.693 179.6949
27.874161 94.691 179.3571
28.076149 94.689 179.0184
28.279600 94.690 178.6817
28.484526 94.693 178.3438
28.690937 94.698 178.0078
28.898843 94.704 177.6769
29.108256 94.710 177.3573
29.319186 94.716 177.0513
29.531645 94.719 176.7581
29.745644 94.720 176.4769
29.961193 94.718 176.2057
30.178304 94.712 175.9385
30.396989 94.705 175.6724
30.617258 94.697 175.4035
30.839123 94.689 175.1291
31.062596 94.683 174.8457
31.287688 94.678 174.5509
31.514412 94.676 174.2561
31.742778 94.676 173.9662
31.972800 94.676 173.6853
32.204488 94.676 173.3994
32.437855 94.675 173.1202
32.672913 94.671 172.8451
32.909674 94.667 172.5674
33.148151 94.662 172.2689
33.388356 94.657 171.9493
33.630302 94.653 171.6147
33.874001 94.650 171.2692
34.119466 94.649 170.9142
34.366710 94.649 170.5586
34.615745 94.649 170.2188
34.866585 94.649 169.9004
35.119243 94.647 169.6017
35.373731 94.645 169.3190
35.630064 94.643 169.0489
35.888254 94.640 168.7827
36.148315 94.636 168.5114
36.410261 94.632 168.2281
36.674104 94.627 167.9296
36.939860 94.621 167.6151
37.207542 94.613 167.2899
37.477163 94.605 166.9561
37.748738 94.597 166.6184
38.022281 94.591 166.2827
38.297806 94.588 165.9562
38.575327 94.588 165.6404
38.854860 94.589 165.3369
39.136419 94.592 165.0437
39.420017 94.593 164.7574
39.705671 94.592 164.4745
39.993395 94.588 164.1902
40.283203 94.582 163.8961
40.575112 94.574 163.5959
40.869136 94.566 163.2911
41.165290 94.559 162.9802
41.463591 94.554 162.6684
41.764053 94.550 162.3631
42.066693 94.547 162.0640
42.371525 94.544 161.7650
42.678567 94.540 161.4706
42.987834 94.535 161.1772
43.299341 94.528 160.8759
43.613106 94.520 160.5712
43.929145 94.512 160.2635
44.247473 94.504 159.9502
44.568109 94.496 159.6342
44.891068 94.488 159.3161
45.216367 94.480 158.9943
45.544023 94.474 158.6706
45.874054 94.468 158.3497
46.206476 94.462 158.0368
46.541307 94.457 157.7362
46.878565 94.452 157.4482
47.218266 94.446 157.1669
47.560429 94.440 156.8844
47.905072 94.434 156.5947
48.252212 94.427 156.2954
48.601867 94.420 155.9916
48.954056 94.413 155.6902
49.308798 94.406 155.3921
49.666109 94.398 155.0993
50.026010 94.390 154.8070
50.388520 94.382 154.5065
50.753656 94.374 154.1999
51.121437 94.367 153.8885
51.491884 94.358 153.5759
51.865016 94.349 153.2677
52.240851 94.339 152.9646
52.619410 94.328 152.6687
53.000712 94.319 152.3810
53.384777 94.310 152.0956
53.771625 94.301 151.8107
54.161276 94.291 151.5201
54.553751 94.278 151.2220
54.949070 94.264 150.9234
55.347254 94.252 150.6292
55.748323 94.242 150.3444
56.152298 94.234 150.0628
56.559201 94.226 149.7736
56.969052 94.214 149.4726
57.381873 94.200 149.1603
57.797686 94.187 148.8476
58.216512 94.177 148.5383
58.638373 94.173 148.2288
59.063291 94.170 147.9149
59.491288 94.164 147.5999
59.922386 94.149 147.2965
60.356608 94.127 147.0128
60.793977 94.101 146.7483
61.234515 94.078 146.4862
61.678246 94.060 146.2098
62.125192 94.045 145.9169
62.575377 94.031 145.6191
63.028824 94.018 145.3307
63.485557 94.006 145.0523
63.945599 93.994 144.7736
64.408975 93.981 144.4809
64.875709 93.964 144.1767
65.345825 93.944 143.8710
65.819348 93.922 143.5775
66.296302 93.900 143.2952
66.776713 93.880 143.0126
67.260604 93.860 142.7189
67.748002 93.840 142.4180
68.238932 93.820 142.1270
68.733420 93.799 141.8587
69.231490 93.776 141.6089
69.733170 93.752 141.3608
70.238485 93.726 141.0995
70.747463 93.699 140.8239
71.260128 93.673 140.5414
71.776508 93.648 140.2588
72.296630 93.621 139.9781
72.820521 93.594 139.6988
73.348209 93.565 139.4195
73.879720 93.534 139.1416
74.415083 93.502 138.8655
74.954326 93.468 138.5928
75.497475 93.433 138.3218
76.044561 93.395 138.0512
76.595612 93.355 137.7781
77.150655 93.315 137.5065
77.709720 93.276 137.2399
78.272837 93.236 136.9792
78.840034 93.195 136.7253
79.411342 93.153 136.4810
79.986789 93.107 136.2487
80.566406 93.061 136.0242
81.150224 93.015 135.7971
81.738272 92.968 135.5602
82.330581 92.920 135.3172
82.927182 92.871 135.0744
83.528107 92.819 134.8271
84.133386 92.767 134.5658
84.743051 92.713 134.2932
85.357134 92.658 134.0298
85.975667 92.603 133.7877
86.598682 92.549 133.5558
87.226212 92.495 133.3220
87.858289 92.441 133.0892
88.494946 92.388 132.8668
89.136217 92.335 132.6584
89.782135 92.279 132.4631
90.432733 92.220 132.2791
91.088046 92.160 132.0925
91.748108 92.100 131.8820
92.412952 92.041 131.6432
93.082615 91.980 131.3962
93.757130 91.919 131.1674
94.436533 91.862 130.9650
95.120859 91.806 130.7772
95.810144 91.748 130.5854
96.504423 91.688 130.3817
97.203734 91.626 130.1743
97.908112 91.565 129.9773
98.617595 91.504 129.7985
99.332219 91.444 129.6303
100.052021 91.384 129.4507
100.777039 91.322 129.2451
101.507311 91.257 129.0278
102.242875 91.189 128.8298
102.983769 91.119 128.6647
103.730032 91.049 128.5166
104.481702 90.984 128.3694
105.238820 90.924 128.2195
106.001424 90.862 128.0594
106.769554 90.797 127.8737
107.543250 90.728 127.6668
108.322553 90.658 127.4678
109.107503 90.587 127.2959
109.898141 90.515 127.1474
110.694508 90.444 127.0113
111.496646 90.373 126.8795
112.304596 90.303 126.7415
113.118402 90.233 126.5912
113.938104 90.162 126.4343
114.763747 90.090 126.2822
115.595372 90.016 126.1382
116.433024 89.942 126.0027
117.276746 89.868 125.8777
118.126581 89.794 125.7660
118.982575 89.720 125.6686
119.844772 89.646 125.5768
120.713217 89.571 125.4787
121.587954 89.497 125.3766
122.469031 89.421 125.2800
123.356492 89.345 125.2024
124.250384 89.267 125.1465
125.150753 89.187 125.0905
126.057647 89.108 125.0158
126.971113 89.029 124.9295
127.891198 88.950 124.8470
128.817950 88.872 124.7822
129.751418 88.794 124.7360
130.691651 88.714 124.6972
131.638696 88.634 124.6518
132.592604 88.554 124.5978
133.553425 88.474 124.5458
134.521208 88.392 124.5063
135.496004 88.308 124.4743
136.477864 88.222 124.4391
137.466839 88.136 124.4004
138.462981 88.052 124.3719
139.466340 87.968 124.3561
140.476971 87.882 124.3365
141.494925 87.795 124.3184
142.520256 87.710 124.3278
143.553016 87.623 124.3596
144.593260 87.534 124.3818
145.641043 87.446 124.3958
146.696418 87.363 124.4304
147.759441 87.283 124.4966
148.830166 87.208 124.5943
149.908651 87.129 124.7006
150.994951 87.045 124.7738
152.089123 86.956 124.8188
153.191223 86.865 124.8779
154.301310 86.775 124.9846
155.419441 86.689 125.1318
156.545674 86.605 125.2767
157.680069 86.522 125.3969
158.822683 86.437 125.5081
159.973578 86.350 125.6215
161.132813 86.262 125.7424
162.300447 86.175 125.8750
163.476543 86.088 126.0189
164.661162 86.002 126.1617
165.854364 85.916 126.3069
167.056213 85.829 126.4586
168.266772 85.742 126.6163
169.486102 85.655 126.7889
170.714268 85.567 126.9838
171.951334 85.480 127.1998
173.197364 85.393 127.4272
174.452424 85.305 127.6649
175.716578 85.216 127.9109
176.989893 85.127 128.1486
178.272434 85.038 128.3805
179.564270 84.952 128.6208
180.865467 84.868 128.8701
182.176092 84.785 129.1281
183.496216 84.703 129.3972
184.825905 84.620 129.6751
186.165229 84.536 129.9612
187.514259 84.452 130.2617
188.873065 84.371 130.5948
190.241717 84.292 130.9526
191.620287 84.213 131.3122
193.008847 84.133 131.6762
194.407468 84.055 132.0445
195.816225 83.976 132.4100
197.235190 83.901 132.7888
198.664438 83.831 133.1875
200.104042 83.768 133.5618
201.554078 83.703 133.8713
203.014622 83.628 134.1464
204.485750 83.545 134.4587
205.967538 83.463 134.8336
207.460064 83.387 135.2563
208.963405 83.317 135.7056
210.477640 83.249 136.1781
212.002848 83.183 136.6921
213.539108 83.119 137.2306
215.086500 83.055 137.7626
216.645105 82.991 138.2740
218.215005 82.925 138.7635
219.796281 82.859 139.2508
221.389015 82.796 139.7614
222.993292 82.737 140.2852
224.609193 82.681 140.8169
226.236804 82.630 141.3466
227.876209 82.582 141.8645
229.527494 82.536 142.3683
231.190745 82.489 142.8672
232.866048 82.447 143.3828
234.553491 82.410 143.8946
236.253163 82.373 144.3786
237.965150 82.328 144.8873
239.689544 82.276 145.4267
241.426433 82.225 145.9602
243.175909 82.181 146.4710
244.938062 82.144 146.9575
246.712984 82.108 147.4456
248.500768 82.073 147.9576
250.301507 82.037 148.4954
252.115295 82.003 149.0545
253.942226 81.974 149.6229
255.782396 81.952 150.1699
257.635901 81.932 150.6702
259.502837 81.909 151.1301
261.383301 81.881 151.6049
263.277392 81.849 152.1282
265.185209 81.818 152.6676
267.106850 81.789 153.1818
269.042417 81.764 153.6742
270.992009 81.740 154.1768
272.955729 81.717 154.7079
274.933678 81.699 155.2628
276.925961 81.688 155.8188
278.932681 81.683 156.3677
280.953942 81.682 156.9243
282.989850 81.681 157.4879
285.040511 81.681 158.0341
287.106032 81.681 158.5741
289.186521 81.682 159.1265
291.282086 81.685 159.6693
293.392836 81.691 160.1868
295.518881 81.699 160.6816
297.660333 81.706 161.1509
299.817302 81.713 161.5981
301.989902 81.720 162.0349
304.178245 81.725 162.4555
306.382446 81.729 162.8441
308.602620 81.732 163.1937
310.838882 81.737 163.5196
313.091348 81.745 163.8954
315.360137 81.754 164.3457
317.645367 81.763 164.7748
319.947156 81.769 165.1399
322.265625 81.775 165.5318
324.600895 81.783 165.9933
326.953086 81.791 166.4688
329.322323 81.797 166.9373
331.708729 81.804 167.3872
334.112427 81.813 167.8105
336.533543 81.827 168.2134
338.972204 81.845 168.5999
341.428536 81.864 168.9727
343.902668 81.881 169.3328
346.394729 81.896 169.6792
348.904848 81.911 170.0172
351.433156 81.926 170.3515
353.979786 81.942 170.6788
356.544869 81.959 170.9977
359.128540 81.977 171.3082
361.730934 81.996 171.6105
364.352185 82.016 171.9122
366.992431 82.035 172.2215
369.651810 82.052 172.5282
372.330459 82.068 172.8277
375.028519 82.083 173.1232
377.746130 82.099 173.4155
380.483434 82.115 173.7061
383.240574 82.132 173.9926
386.017693 82.148 174.2764
388.814937 82.165 174.5498
391.632450 82.182 174.8128
394.470380 82.200 175.0732
397.328875 82.217 175.3389
400.208084 82.234 175.6048
403.108157 82.250 175.8690
406.029245 82.265 176.1344
408.971500 82.280 176.3961
411.935076 82.297 176.6411
414.920127 82.316 176.8737
417.926810 82.336 177.1047
420.955280 82.356 177.3393
424.005695 82.376 177.5851
427.078215 82.396 177.8326
430.173000 82.415 178.0696
433.290211 82.433 178.2922
436.430010 82.450 178.5099
439.592562 82.466 178.7271
442.778031 82.482 178.9463
445.986583 82.500 179.1735
449.218386 82.519 179.4030
452.473607 82.537 179.6234
455.752418 82.554 179.8240
459.054987 82.571 -179.9935
462.381489 82.587 -179.8203
465.732096 82.603 -179.6345
469.106983 82.618 -179.4261
472.506325 82.634 -179.2081
475.930301 82.648 -178.9944
479.379088 82.663 -178.7895
482.852867 82.677 -178.5912
486.351817 82.691 -178.3881
489.876123 82.706 -178.1847
493.425968 82.722 -177.9869
497.001536 82.738 -177.7991
500.603014 82.756 -177.6211
504.230589 82.774 -177.4508
507.884452 82.792 -177.2820
511.564792 82.808 -177.1031
515.271802 82.824 -176.9068
519.005673 82.838 -176.6982
522.766602 82.851 -176.4894
526.554785 82.864 -176.2854
530.370418 82.876 -176.0934
534.213700 82.887 -175.9189
538.084833 82.899 -175.7509
541.984018 82.913 -175.5728
545.911457 82.928 -175.3800
549.867357 82.944 -175.1880
553.851922 82.959 -175.0044
557.865362 82.974 -174.8297
561.907884 82.988 -174.6573
565.979700 83.002 -174.4783
570.081022 83.016 -174.2879
574.212064 83.030 -174.0918
578.373042 83.043 -173.8979
582.564171 83.055 -173.7060
586.785671 83.068 -173.5177
591.037762 83.081 -173.3372
595.320665 83.094 -173.1604
599.634604 83.110 -172.9801
603.979804 83.126 -172.7927
608.356491 83.144 -172.6054
612.764893 83.162 -172.4219
617.205240 83.179 -172.2376
621.677763 83.196 -172.0497
626.182696 83.212 -171.8610
630.720274 83.228 -171.6735
635.290733 83.243 -171.4847
639.894312 83.258 -171.2929
644.531250 83.272 -171.1022
649.201789 83.286 -170.9132
653.906173 83.302 -170.7214
658.644647 83.318 -170.5312
663.417457 83.335 -170.3566
668.224854 83.351 -170.2071
673.067086 83.365 -170.0671
677.944408 83.378 -169.9084
682.857073 83.392 -169.7339
687.805336 83.408 -169.5592
692.789457 83.425 -169.3948
697.809695 83.440 -169.2388
702.866312 83.451 -169.0858
707.959571 83.459 -168.9305
713.089738 83.464 -168.7604
718.257080 83.469 -168.5667
723.461867 83.472 -168.3455
728.704370 83.476 -168.1019
733.984862 83.482 -167.8369
739.303619 83.490 -167.5561
744.660918 83.502 -167.2638
750.057038 83.516 -166.9701
755.492260 83.532 -166.6803
760.966869 83.551 -166.3961
766.481148 83.571 -166.1189
772.035387 83.594 -165.8469
777.629873 83.617 -165.5781
783.264900 83.642 -165.3096
788.940760 83.667 -165.0438
794.657750 83.693 -164.7766
800.416168 83.719 -164.5071
806.216313 83.746 -164.2368
812.058489 83.773 -163.9670
817.943000 83.800 -163.6984
823.870152 83.829 -163.4315
829.840255 83.857 -163.1636
835.853619 83.887 -162.8911
841.910559 83.917 -162.6160
848.011390 83.949 -162.3434
854.156430 83.982 -162.0734
860.346000 84.017 -161.8030
866.580422 84.053 -161.5331
872.860020 84.090 -161.2650
879.185124 84.128 -160.9994
885.556062 84.166 -160.7336
891.973166 84.205 -160.4674
898.436771 84.246 -160.1999
904.947215 84.287 -159.9312
911.504835 84.330 -159.6638
918.109975 84.374 -159.4023
924.762978 84.420 -159.1470
931.464192 84.467 -158.8964
938.213966 84.515 -158.6478
945.012651 84.565 -158.4017
951.860602 84.616 -158.1620
958.758176 84.668 -157.9298
965.705733 84.721 -157.7050
972.703635 84.776 -157.4863
979.752246 84.833 -157.2735
986.851935 84.890 -157.0672
994.003071 84.948 -156.8697
1001.206027 85.008 -156.6839
1008.461179 85.068 -156.5089
1015.768904 85.129 -156.3438
1023.129584 85.191 -156.1886
1030.543603 85.254 -156.0411
1038.011347 85.317 -155.9032
1045.533205 85.381 -155.7769
1053.109569 85.445 -155.6616
1060.740836 85.509 -155.5557
1068.427401 85.574 -155.4604
1076.169666 85.638 -155.3763
1083.968035 85.703 -155.3073
1091.822915 85.769 -155.2518
1099.734713 85.835 -155.2069
1107.703844 85.901 -155.1713
1115.730723 85.967 -155.1457
1123.815768 86.033 -155.1309
1131.959400 86.099 -155.1306
1140.162045 86.164 -155.1418
1148.424129 86.229 -155.1608
1156.746083 86.292 -155.1853
1165.128342 86.354 -155.2168
1173.571343 86.415 -155.2582
1182.075524 86.475 -155.3113
1190.641331 86.534 -155.3755
1199.269209 86.592 -155.4465
1207.959608 86.649 -155.5217
1216.712981 86.705 -155.5993
1225.529785 86.760 -155.6819
1234.410479 86.815 -155.7716
1243.355526 86.869 -155.8685
1252.365393 86.923 -155.9711
1261.440549 86.976 -156.0783
1270.581467 87.027 -156.1883
1279.788624 87.077 -156.3013
1289.062500 87.126 -156.4192
1298.403578 87.173 -156.5413
1307.812346 87.219 -156.6649
1317.289293 87.264 -156.7900
1326.834914 87.308 -156.9180
1336.449707 87.351 -157.0461
1346.134173 87.394 -157.1716
1355.888816 87.435 -157.2921
1365.714145 87.475 -157.4088
1375.610673 87.515 -157.5238
1385.578915 87.555 -157.6380
1395.619391 87.594 -157.7500
1405.732624 87.632 -157.8566
1415.919142 87.669 -157.9567
1426.179476 87.706 -158.0514
1436.514160 87.744 -158.1428
1446.923734 87.781 -158.2328
1457.408740 87.819 -158.3236
1467.969724 87.857 -158.4121
1478.607238 87.894 -158.4957
1489.321836 87.931 -158.5748
1500.114076 87.969 -158.6520
1510.984521 88.007 -158.7323
1521.933737 88.046 -158.8169
1532.962297 88.085 -158.9056
1544.070773 88.124 -158.9950
1555.259747 88.164 -159.0834
1566.529800 88.203 -159.1752
1577.881521 88.241 -159.2668
1589.315501 88.280 -159.3546
1600.832336 88.319 -159.4367
1612.432627 88.358 -159.5190
1624.116978 88.397 -159.6053
1635.886000 88.437 -159.6956
1647.740304 88.478 -159.7847
1659.680509 88.519 -159.8705
1671.707238 88.561 -159.9541
1683.821118 88.603 -160.0380
1696.022780 88.646 -160.1243
1708.312860 88.689 -160.2133
1720.692000 88.732 -160.3050
1733.160843 88.775 -160.4008
1745.720041 88.818 -160.5003
1758.370248 88.862 -160.6037
1771.112124 88.906 -160.7112
1783.946332 88.951 -160.8229
1796.873543 88.996 -160.9389
1809.894429 89.041 -161.0573
1823.009670 89.086 -161.1763
1836.219950 89.131 -161.2998
1849.525956 89.177 -161.4277
1862.928384 89.223 -161.5592
1876.427931 89.269 -161.6915
1890.025301 89.313 -161.8224
1903.721204 89.357 -161.9514
1917.516352 89.400 -162.0836
1931.411466 89.444 -162.2216
1945.407270 89.489 -162.3664
1959.504493 89.535 -162.5168
1973.703870 89.581 -162.6711
1988.006142 89.627 -162.8279
2002.412054 89.672 -162.9874
2016.922357 89.718 -163.1495
2031.537808 89.765 -163.3160
2046.259169 89.812 -163.4857
2061.087206 89.860 -163.6602
2076.022694 89.908 -163.8450
2091.066410 89.957 -164.0378
2106.219139 90.006 -164.2368
2121.481671 90.055 -164.4378
2136.854802 90.105 -164.6449
2152.339333 90.155 -164.8599
2167.936071 90.205 -165.0847
2183.645829 90.255 -165.3162
2199.469427 90.305 -165.5526
2215.407689 90.353 -165.7961
2231.461446 90.401 -166.0500
2247.631536 90.449 -166.3139
2263.918800 90.497 -166.5861
2280.324089 90.546 -166.8647
2296.848258 90.595 -167.1510
2313.492167 90.643 -167.4456
2330.256685 90.691 -167.7471
2347.142685 90.738 -168.0561
2364.151049 90.785 -168.3725
2381.282662 90.832 -168.7003
2398.538418 90.879 -169.0386
2415.919216 90.925 -169.3857
2433.425962 90.970 -169.7401
2451.059570 91.014 -170.1038
2468.820958 91.057 -170.4793
2486.711052 91.099 -170.8671
2504.730786 91.140 -171.2648
2522.881098 91.180 -171.6718
2541.162934 91.218 -172.0868
2559.577248 91.256 -172.5121
2578.125000 91.292 -172.9448
2596.807157 91.326 -173.3852
2615.624692 91.358 -173.8349
2634.578586 91.389 -174.2955
2653.669829 91.418 -174.7656
2672.899414 91.445 -175.2463
2692.268345 91.471 -175.7359
2711.777632 91.494 -176.2333
2731.428290 91.516 -176.7345
2751.221345 91.535 -177.2399
2771.157829 91.553 -177.7516
2791.238781 91.570 -178.2684
2811.465248 91.585 -178.7881
2831.838284 91.597 -179.3086
2852.358952 91.608 -179.8325
2873.028321 91.616 179.6392
2893.847468 91.622 179.1047
2914.817480 91.625 178.5668
2935.939449 91.625 178.0305
2957.214476 91.621 177.4988
2978.643672 91.615 176.9701
3000.228152 91.607 176.4423
3021.969041 91.598 175.9117
3043.867475 91.588 175.3796
3065.924593 91.576 174.8468
3088.141547 91.562 174.3188
3110.519493 91.544 173.7999
3133.059600 91.522 173.2870
3155.763041 91.499 172.7819
3178.631001 91.475 172.2823
3201.664672 91.449 171.7890
3224.865254 91.422 171.3006
3248.233957 91.391 170.8189
3271.771999 91.358 170.3464
3295.480608 91.322 169.8831
3319.361019 91.285 169.4290
3343.414477 91.246 168.9868
3367.642236 91.205 168.5581
3392.045560 91.162 168.1419
3416.625721 91.118 167.7382
3441.383999 91.071 167.3451
3466.321686 91.024 166.9637
3491.440082 90.974 166.5956
3516.740496 90.924 166.2401
3542.224247 90.872 165.8981
3567.892664 90.820 165.5677
3593.747085 90.767 165.2534
3619.788858 90.713 164.9573
3646.019340 90.657 164.6778
3672.439900 90.601 164.4161
3699.051913 90.545 164.1721
3725.856768 90.489 163.9463
3752.855862 90.433 163.7416
3780.050603 90.376 163.5579
3807.442408 90.320 163.3947
3835.032705 90.264 163.2498
3862.822933 90.208 163.1206
3890.814540 90.154 163.0077
3919.008986 90.101 162.9125
3947.407741 90.049 162.8328
3976.012284 89.998 162.7686
4004.824108 89.949 162.7193
4033.844715 89.902 162.6821
4063.075616 89.857 162.6519
4092.518337 89.815 162.6273
4122.174412 89.774 162.6077
4152.045387 89.736 162.5927
4182.132820 89.700 162.5817
4212.438278 89.666 162.5726
4242.963342 89.634 162.5604
4273.709604 89.605 162.5399
4304.678665 89.579 162.5094
4335.872141 89.553 162.4692
4367.291658 89.530 162.4137
4398.938854 89.506 162.3395
4430.815378 89.483 162.2497
4462.922893 89.459 162.1472
4495.263072 89.432 162.0316
4527.837601 89.404 161.9005
4560.648179 89.373 161.7560
4593.696515 89.340 161.6017
4626.984334 89.304 161.4415
4660.513370 89.264 161.2802
4694.285371 89.221 161.1216
4728.302098 89.173 160.9694
4762.565324 89.122 160.8300
4797.076835 89.066 160.7059
4831.838432 89.006 160.5975
4866.851925 88.942 160.5034
4902.119140 88.875 160.4291
4937.641916 88.805 160.3815
4973.422105 88.731 160.3677
5009.461572 88.655 160.3887
5045.762195 88.575 160.4493
5082.325868 88.494 160.5526
5119.154496 88.410 160.7021
5156.250000 88.326 160.8987
5193.614313 88.240 161.1472
5231.249383 88.152 161.4506
5269.157173 88.064 161.8127
5307.339658 87.977 162.2360
5345.798829 87.893 162.7190
5384.536691 87.813 163.2610
5423.555263 87.737 163.8654
5462.856580 87.667 164.5327
5502.442691 87.603 165.2668
5542.315659 87.546 166.0659
5582.477563 87.497 166.9302
5622.930497 87.458 167.8551
5663.676569 87.431 168.8366
5704.717904 87.417 169.8673
5746.056642 87.416 170.9404
5787.694937 87.431 172.0493
5829.634960 87.461 173.1834
5871.878898 87.509 174.3322
5914.428953 87.575 175.4818
5957.287343 87.660 176.6165
6000.456303 87.765 177.7192
6043.938083 87.890 178.7689
6087.734950 88.035 179.7474
6131.849187 88.197 -179.3658
6176.283094 88.375 -178.5923
6221.038987 88.566 -177.9472
6266.119200 88.768 -177.4459
6311.526083 88.976 -177.0992
6357.262002 89.187 -176.9115
6403.329344 89.397 -176.8801
6449.730508 89.600 -176.9965
6496.467914 89.795 -177.2539
6543.543998 89.978 -177.6379
6590.961215 90.146 -178.1266
6638.722037 90.299 -178.6992
6686.828954 90.433 -179.3302
6735.284473 90.551 -179.9916
6784.091120 90.652 179.3438
6833.251441 90.739 178.6963
6882.767998 90.814 178.0900
6932.643372 90.880 177.5389
6982.880164 90.940 177.0486
7033.480992 90.998 176.6176
7084.448495 91.056 176.2421
7135.785329 91.118 175.9161
7187.494171 91.188 175.6288
7239.577717 91.266 175.3636
7292.038681 91.355 175.1069
7344.879799 91.456 174.8442
7398.103826 91.569 174.5565
7451.713536 91.696 174.2194
7505.711724 91.837 173.8068
7560.101205 91.992 173.2911
7614.884815 92.161 172.6418
7670.065409 92.341 171.8251
7725.645865 92.528 170.8084
7781.629080 92.717 169.5609
7838.017972 92.901 168.0545
7894.815481 93.071 166.2656
7952.024569 93.220 164.1770
8009.648217 93.345 161.7790
8067.689429 93.439 159.0782
8126.151233 93.496 156.0988
8185.036674 93.509 152.8865
8244.348824 93.472 149.5077
8304.090774 93.374 146.0469
8364.265639 93.206 142.5961
8424.876556 92.959 139.2464
8485.926684 92.636 136.0922
8547.419207 92.239 133.2118
8609.357330 91.780 130.6561
8671.744282 91.273 128.4685
8734.583316 90.732 126.6818
8797.877707 90.170 125.3071
8861.630756 89.596 124.3357
8925.845785 89.019 123.7424
8990.526143 88.444 123.4961
9055.675202 87.877 123.5697
9121.296357 87.323 123.9355
9187.393031 86.786 124.5683
9253.968668 86.267 125.4384
9321.026740 85.769 126.5225
9388.570742 85.292 127.7999
9456.604196 84.837 129.2508
9525.130648 84.403 130.8552
9594.153671 83.991 132.5941
9663.676863 83.600 134.4509
9733.703850 83.231 136.4150
9804.238280 82.883 138.4789
9875.283832 82.557 140.6367
9946.844210 82.254 142.8788
10018.923143 81.973 145.1996
10091.524390 81.714 147.5934
10164.651736 81.476 150.0548
10238.308993 81.259 152.5778
10312.500000 81.064 155.1586
10387.228626 80.892 157.7908
10462.498767 80.742 160.4690
10538.314345 80.615 163.1869
10614.679315 80.511 165.9406
10691.597657 80.430 168.7260
10769.073381 80.373 171.5338
10847.110526 80.340 174.3574
10925.713161 80.332 177.1877
11004.885382 80.349 -179.9811
11084.631318 80.391 -177.1552
11164.955126 80.461 -174.3470
11245.860993 80.559 -171.5650
11327.353138 80.685 -168.8223
11409.435808 80.839 -166.1404
11492.113283 81.020 -163.5412
11575.389873 81.229 -161.0468
11659.269920 81.462 -158.6634
11743.757796 81.720 -156.3810
11828.857906 82.004 -154.1954
11914.574686 82.319 -152.1261
12000.912606 82.667 -150.2306
12087.876166 83.050 -148.5840
12175.469900 83.460 -147.2501
12263.698373 83.890 -146.2780
12352.566187 84.332 -145.7039
12442.077974 84.773 -145.5574
12532.238400 85.202 -145.8603
12623.052165 85.606 -146.6169
12714.524005 85.969 -147.8069
12806.658687 86.275 -149.3829
12899.461015 86.511 -151.2656
12992.935827 86.667 -153.3558
13087.087996 86.736 -155.5310
13181.922430 86.720 -157.6520
13277.444074 86.624 -159.5858
13373.657907 86.460 -161.2190
13470.568945 86.244 -162.4739
13568.182241 85.992 -163.3085
13666.502883 85.723 -163.7120
13765.535996 85.451 -163.6974
13865.286744 85.190 -163.3008
13965.760328 84.954 -162.5710
14066.961984 84.750 -161.5723
14168.896989 84.584 -160.3713
14271.570658 84.460 -159.0357
14374.988342 84.380 -157.6230
14479.155433 84.344 -156.1772
14584.077362 84.355 -154.7390
14689.759598 84.415 -153.3595
14796.207652 84.526 -152.1045
14903.427072 84.688 -151.0444
15011.423448 84.903 -150.2662
15120.202410 85.167 -149.8643
15229.769630 85.472 -149.9310
15340.130819 85.805 -150.5638
15451.291730 86.148 -151.8676
15563.258160 86.474 -153.9034
15676.035944 86.749 -156.6635
15789.630962 86.939 -160.0592
15904.049137 87.015 -163.9110
16019.296433 86.958 -167.9685
16135.378859 86.764 -171.9636
16252.302465 86.444 -175.6512
16370.073348 86.020 -178.8430
16488.697648 85.518 178.5740
16608.181548 84.965 176.6596
16728.531278 84.385 175.4346
16849.753112 83.799 174.8643
16971.853368 83.223 174.8723
17094.838414 82.665 175.3807
17218.714660 82.123 176.3522
17343.488565 81.590 177.8448
17469.166632 81.063 -179.9146
17595.755415 80.580 -176.5187
17723.261512 80.259 -171.6325
17851.691571 80.276 -165.7764
17981.052287 80.713 -160.7955
18111.350404 81.428 -158.4694
18242.592715 82.182 -159.0793
18374.786062 82.794 -162.0152
18507.937336 83.145 -166.3897
18642.053479 83.197 -171.1186
18777.141484 83.004 -175.3723
18913.208391 82.653 -178.8719
19050.261296 82.219 178.2729
19188.307342 81.744 175.8571
19327.353727 81.245 173.7238
19467.407699 80.729 171.7880
19608.476560 80.209 170.0102
19750.567664 79.719 168.3931
19893.688419 79.323 167.0242
20037.846286 79.107 166.1523
