* Measurement data measured by REW V5.31.3
* Source: Microphone (JadeAudio JA11), MICROPHONE (Master Volume), R, volume: 0.250
* Format: 512k Log Swept Sine, 1 sweep at -14.9 dBFS with no timing reference
* Dated: Jun 15, 2025 5:24:52 PM
* REW Settings:
*  C-weighting compensation: Off
*  Target level: 75.0 dB
* Note: Bluemi unit
* Measurement: R Chopin (AEX07)
* Smoothing: 1/24 octave
* Frequency Step: 96 ppo
* Start Frequency: 20.141602 Hz
*
* Freq(Hz) SPL(dB) Phase(degrees)
20.141602 94.756 -166.2306
20.287556 94.754 -166.3749
20.434568 94.753 -166.6640
20.582645 94.753 -167.0114
20.731796 94.754 -167.3777
20.882027 94.756 -167.7477
21.033346 94.759 -168.1174
21.185763 94.762 -168.4871
21.339284 94.764 -168.8503
21.493917 94.767 -169.2049
21.649671 94.768 -169.5484
21.806553 94.769 -169.8785
21.964572 94.770 -170.1929
22.123737 94.769 -170.5073
22.284054 94.769 -170.8085
22.445534 94.769 -171.0913
22.608183 94.770 -171.3566
22.772012 94.772 -171.6068
22.937027 94.775 -171.8447
23.103238 94.777 -172.0946
23.270654 94.779 -172.3524
23.439282 94.780 -172.6097
23.609133 94.778 -172.8696
23.780215 94.775 -173.1342
23.952536 94.769 -173.4047
24.126106 94.761 -173.7041
24.300934 94.752 -174.0172
24.477028 94.742 -174.3338
24.654399 94.733 -174.6518
24.833055 94.725 -174.9695
25.013005 94.719 -175.2867
25.194260 94.717 -175.6227
25.376828 94.716 -175.9551
25.560719 94.719 -176.2837
25.745942 94.722 -176.6084
25.932508 94.727 -176.9292
26.120426 94.731 -177.2523
26.309705 94.736 -177.5744
26.500356 94.739 -177.8909
26.692388 94.742 -178.2013
26.885812 94.743 -178.5055
27.080638 94.743 -178.8030
27.276876 94.744 -179.0948
27.474535 94.744 -179.3840
27.673627 94.744 -179.6726
27.874161 94.745 -179.9625
28.076149 94.746 179.7483
28.279600 94.747 179.4616
28.484526 94.748 179.1737
28.690937 94.749 178.8864
28.898843 94.750 178.6017
29.108256 94.751 178.3239
29.319186 94.752 178.0532
29.531645 94.753 177.7864
29.745644 94.754 177.5210
29.961193 94.755 177.2543
30.178304 94.756 176.9811
30.396989 94.756 176.7012
30.617258 94.756 176.4143
30.839123 94.754 176.1219
31.062596 94.751 175.8239
31.287688 94.748 175.5193
31.514412 94.744 175.2192
31.742778 94.739 174.9264
31.972800 94.734 174.6426
32.204488 94.729 174.3525
32.437855 94.724 174.0687
32.672913 94.718 173.7917
32.909674 94.713 173.5200
33.148151 94.707 173.2402
33.388356 94.701 172.9546
33.630302 94.695 172.6677
33.874001 94.688 172.3769
34.119466 94.680 172.0739
34.366710 94.674 171.7573
34.615745 94.668 171.4348
34.866585 94.663 171.1098
35.119243 94.660 170.7843
35.373731 94.659 170.4643
35.630064 94.660 170.1586
35.888254 94.661 169.8694
36.148315 94.663 169.5944
36.410261 94.663 169.3275
36.674104 94.662 169.0604
36.939860 94.659 168.7844
37.207542 94.655 168.4966
37.477163 94.651 168.1945
37.748738 94.647 167.8818
38.022281 94.645 167.5681
38.297806 94.645 167.2664
38.575327 94.647 166.9828
38.854860 94.650 166.7206
39.136419 94.653 166.4760
39.420017 94.653 166.2405
39.705671 94.649 166.0039
39.993395 94.643 165.7565
40.283203 94.635 165.4871
40.575112 94.625 165.2009
40.869136 94.616 164.9044
41.165290 94.609 164.6020
41.463591 94.603 164.3039
41.764053 94.599 164.0200
42.066693 94.596 163.7487
42.371525 94.593 163.4799
42.678567 94.589 163.2127
42.987834 94.584 162.9395
43.299341 94.579 162.6492
43.613106 94.573 162.3480
43.929145 94.568 162.0411
44.247473 94.563 161.7330
44.568109 94.558 161.4342
44.891068 94.552 161.1504
45.216367 94.546 160.8792
45.544023 94.539 160.6157
45.874054 94.531 160.3519
46.206476 94.522 160.0800
46.541307 94.514 159.7965
46.878565 94.506 159.5042
47.218266 94.500 159.2098
47.560429 94.495 158.9225
47.905072 94.491 158.6481
48.252212 94.487 158.3848
48.601867 94.482 158.1270
48.954056 94.476 157.8673
49.308798 94.470 157.5968
49.666109 94.463 157.3176
50.026010 94.457 157.0331
50.388520 94.451 156.7446
50.753656 94.445 156.4592
51.121437 94.439 156.1783
51.491884 94.432 155.9020
51.865016 94.425 155.6324
52.240851 94.416 155.3660
52.619410 94.405 155.0996
53.000712 94.394 154.8289
53.384777 94.382 154.5474
53.771625 94.372 154.2624
54.161276 94.363 153.9835
54.553751 94.353 153.7205
54.949070 94.343 153.4761
55.347254 94.331 153.2362
55.748323 94.320 152.9849
56.152298 94.309 152.7118
56.559201 94.299 152.4241
56.969052 94.291 152.1429
57.381873 94.283 151.8775
57.797686 94.275 151.6204
58.216512 94.267 151.3457
58.638373 94.260 151.0365
59.063291 94.253 150.7059
59.491288 94.244 150.3932
59.922386 94.232 150.1346
60.356608 94.216 149.9307
60.793977 94.198 149.7505
61.234515 94.181 149.5514
61.678246 94.166 149.3127
62.125192 94.154 149.0450
62.575377 94.141 148.7713
63.028824 94.127 148.5068
63.485557 94.111 148.2504
63.945599 94.095 147.9975
64.408975 94.078 147.7451
64.875709 94.061 147.4979
65.345825 94.044 147.2531
65.819348 94.029 147.0073
66.296302 94.013 146.7549
66.776713 93.998 146.4964
67.260604 93.982 146.2358
67.748002 93.965 145.9799
68.238932 93.947 145.7354
68.733420 93.930 145.5038
69.231490 93.912 145.2801
69.733170 93.895 145.0546
70.238485 93.875 144.8195
70.747463 93.851 144.5759
71.260128 93.825 144.3311
71.776508 93.797 144.0922
72.296630 93.770 143.8607
72.820521 93.745 143.6319
73.348209 93.720 143.3966
73.879720 93.695 143.1507
74.415083 93.670 142.8973
74.954326 93.644 142.6488
75.497475 93.616 142.4150
76.044561 93.588 142.1980
76.595612 93.558 141.9885
77.150655 93.527 141.7819
77.709720 93.495 141.5755
78.272837 93.461 141.3644
78.840034 93.424 141.1414
79.411342 93.384 140.9078
79.986789 93.343 140.6771
80.566406 93.302 140.4626
81.150224 93.262 140.2633
81.738272 93.220 140.0678
82.330581 93.176 139.8729
82.927182 93.131 139.6883
83.528107 93.085 139.5201
84.133386 93.037 139.3616
84.743051 92.991 139.1996
85.357134 92.948 139.0298
85.975667 92.906 138.8535
86.598682 92.863 138.6682
87.226212 92.814 138.4712
87.858289 92.763 138.2643
88.494946 92.711 138.0549
89.136217 92.658 137.8525
89.782135 92.605 137.6623
90.432733 92.552 137.4861
91.088046 92.498 137.3236
91.748108 92.443 137.1693
92.412952 92.387 137.0125
93.082615 92.330 136.8440
93.757130 92.272 136.6670
94.436533 92.213 136.4921
95.120859 92.154 136.3228
95.810144 92.092 136.1541
96.504423 92.030 135.9835
97.203734 91.970 135.8092
97.908112 91.913 135.6279
98.617595 91.858 135.4492
99.332219 91.805 135.2964
100.052021 91.751 135.1753
100.777039 91.696 135.0625
101.507311 91.637 134.9363
102.242875 91.572 134.8008
102.983769 91.507 134.6678
103.730032 91.445 134.5298
104.481702 91.384 134.3825
105.238820 91.322 134.2525
106.001424 91.260 134.1683
106.769554 91.199 134.1087
107.543250 91.140 134.0230
108.322553 91.080 133.8952
109.107503 91.016 133.7551
109.898141 90.949 133.6353
110.694508 90.882 133.5394
111.496646 90.816 133.4560
112.304596 90.749 133.3778
113.118402 90.682 133.3039
113.938104 90.617 133.2290
114.763747 90.554 133.1474
115.595372 90.491 133.0593
116.433024 90.425 132.9698
117.276746 90.355 132.8904
118.126581 90.287 132.8410
118.982575 90.221 132.8225
119.844772 90.158 132.8047
120.713217 90.094 132.7705
121.587954 90.028 132.7331
122.469031 89.957 132.7039
123.356492 89.884 132.6806
124.250384 89.812 132.6511
125.150753 89.742 132.6085
126.057647 89.673 132.5653
126.971113 89.605 132.5359
127.891198 89.537 132.5178
128.817950 89.468 132.5051
129.751418 89.399 132.4952
130.691651 89.328 132.4898
131.638696 89.257 132.4895
132.592604 89.184 132.4979
133.553425 89.111 132.5172
134.521208 89.038 132.5480
135.496004 88.965 132.5865
136.477864 88.892 132.6342
137.466839 88.819 132.6963
138.462981 88.746 132.7670
139.466340 88.671 132.8363
140.476971 88.595 132.8897
141.494925 88.520 132.9142
142.520256 88.448 132.9198
143.553016 88.381 132.9276
144.593260 88.312 132.9941
145.641043 88.236 133.2059
146.696418 88.160 133.5235
147.759441 88.095 133.7488
148.830166 88.038 133.7796
149.908651 87.977 133.7361
150.994951 87.906 133.7554
152.089123 87.829 133.8448
153.191223 87.751 133.9494
154.301310 87.673 134.0670
155.419441 87.595 134.2209
156.545674 87.518 134.3930
157.680069 87.444 134.5510
158.822683 87.374 134.7018
159.973578 87.306 134.8736
161.132813 87.239 135.0865
162.300447 87.169 135.3216
163.476543 87.095 135.5356
164.661162 87.017 135.7027
165.854364 86.942 135.8414
167.056213 86.870 135.9995
168.266772 86.803 136.2016
169.486102 86.737 136.4361
170.714268 86.670 136.6788
171.951334 86.604 136.9250
173.197364 86.540 137.1671
174.452424 86.474 137.3981
175.716578 86.408 137.6374
176.989893 86.343 137.8909
178.272434 86.278 138.1462
179.564270 86.213 138.4102
180.865467 86.147 138.6863
182.176092 86.081 138.9733
183.496216 86.016 139.2650
184.825905 85.954 139.5529
186.165229 85.892 139.8387
187.514259 85.831 140.1355
188.873065 85.772 140.4487
190.241717 85.713 140.7771
191.620287 85.656 141.1169
193.008847 85.600 141.4596
194.407468 85.544 141.7979
195.816225 85.489 142.1327
197.235190 85.436 142.4707
198.664438 85.384 142.8191
200.104042 85.332 143.1794
201.554078 85.280 143.5411
203.014622 85.227 143.8986
204.485750 85.175 144.2559
205.967538 85.125 144.6255
207.460064 85.076 145.0154
208.963405 85.026 145.4108
210.477640 84.976 145.7950
212.002848 84.927 146.1779
213.539108 84.881 146.5624
215.086500 84.838 146.9465
216.645105 84.797 147.3291
218.215005 84.758 147.7133
219.796281 84.720 148.1021
221.389015 84.682 148.5014
222.993292 84.642 148.9044
224.609193 84.601 149.3032
226.236804 84.562 149.6985
227.876209 84.525 150.0894
229.527494 84.490 150.4865
231.190745 84.457 150.8950
232.866048 84.424 151.3135
234.553491 84.393 151.7361
236.253163 84.365 152.1438
237.965150 84.341 152.5385
239.689544 84.317 152.9402
241.426433 84.291 153.3448
243.175909 84.261 153.7521
244.938062 84.231 154.1677
246.712984 84.202 154.5842
248.500768 84.175 154.9978
250.301507 84.150 155.4310
252.115295 84.128 155.8827
253.942226 84.110 156.3208
255.782396 84.093 156.7343
257.635901 84.075 157.1621
259.502837 84.061 157.6320
261.383301 84.053 158.0574
263.277392 84.046 158.4094
265.185209 84.032 158.7841
267.106850 84.016 159.2254
269.042417 84.003 159.7041
270.992009 83.993 160.1597
272.955729 83.985 160.5583
274.933678 83.977 160.9329
276.925961 83.968 161.3135
278.932681 83.964 161.6898
280.953942 83.968 162.0636
282.989850 83.972 162.4576
285.040511 83.970 162.8813
287.106032 83.956 163.3148
289.186521 83.935 163.7274
291.282086 83.917 164.0978
293.392836 83.909 164.4464
295.518881 83.905 164.8654
297.660333 83.900 165.3918
299.817302 83.897 165.9557
301.989902 83.904 166.4687
304.178245 83.920 166.9193
306.382446 83.937 167.3331
308.602620 83.955 167.7599
310.838882 83.981 168.2465
313.091348 84.018 168.7353
315.360137 84.061 169.1417
317.645367 84.102 169.4772
319.947156 84.141 169.7799
322.265625 84.173 170.0301
324.600895 84.195 170.1779
326.953086 84.209 170.2462
329.322323 84.218 170.3029
331.708729 84.224 170.3987
334.112427 84.230 170.5399
336.533543 84.237 170.7144
338.972204 84.244 170.9114
341.428536 84.248 171.1289
343.902668 84.252 171.3527
346.394729 84.258 171.5742
348.904848 84.268 171.8061
351.433156 84.279 172.0443
353.979786 84.290 172.2655
356.544869 84.300 172.4729
359.128540 84.310 172.6910
361.730934 84.320 172.9243
364.352185 84.330 173.1574
366.992431 84.337 173.3822
369.651810 84.343 173.6048
372.330459 84.350 173.8362
375.028519 84.359 174.0720
377.746130 84.368 174.3035
380.483434 84.377 174.5243
383.240574 84.386 174.7335
386.017693 84.393 174.9406
388.814937 84.402 175.1521
391.632450 84.414 175.3652
394.470380 84.426 175.5698
397.328875 84.440 175.7710
400.208084 84.452 175.9708
403.108157 84.463 176.1685
406.029245 84.473 176.3649
408.971500 84.483 176.5616
411.935076 84.493 176.7581
414.920127 84.504 176.9528
417.926810 84.514 177.1426
420.955280 84.525 177.3259
424.005695 84.536 177.5077
427.078215 84.547 177.6865
430.173000 84.558 177.8641
433.290211 84.569 178.0420
436.430010 84.579 178.2224
439.592562 84.588 178.4064
442.778031 84.598 178.5895
445.986583 84.608 178.7683
449.218386 84.619 178.9435
452.473607 84.629 179.1166
455.752418 84.639 179.2887
459.054987 84.648 179.4622
462.381489 84.657 179.6351
465.732096 84.667 179.8043
469.106983 84.676 179.9667
472.506325 84.685 -179.8753
475.930301 84.695 -179.7158
479.379088 84.705 -179.5444
482.852867 84.717 -179.3496
486.351817 84.733 -179.1309
489.876123 84.751 -178.9117
493.425968 84.767 -178.7228
497.001536 84.776 -178.5813
500.603014 84.780 -178.4757
504.230589 84.784 -178.3726
507.884452 84.791 -178.2477
511.564792 84.799 -178.1046
515.271802 84.810 -177.9520
519.005673 84.822 -177.7847
522.766602 84.834 -177.6160
526.554785 84.844 -177.4607
530.370418 84.852 -177.3191
534.213700 84.859 -177.1819
538.084833 84.866 -177.0398
541.984018 84.872 -176.8893
545.911457 84.879 -176.7283
549.867357 84.886 -176.5618
553.851922 84.894 -176.3927
557.865362 84.903 -176.2281
561.907884 84.912 -176.0687
565.979700 84.921 -175.9118
570.081022 84.930 -175.7529
574.212064 84.939 -175.5938
578.373042 84.949 -175.4375
582.564171 84.959 -175.2851
586.785671 84.969 -175.1382
591.037762 84.980 -174.9939
595.320665 84.991 -174.8488
599.634604 85.002 -174.7044
603.979804 85.010 -174.5573
608.356491 85.018 -174.4071
612.764893 85.025 -174.2555
617.205240 85.032 -174.1035
621.677763 85.038 -173.9567
626.182696 85.044 -173.8206
630.720274 85.048 -173.6947
635.290733 85.050 -173.5670
639.894312 85.051 -173.4240
644.531250 85.053 -173.2785
649.201789 85.054 -173.1368
653.906173 85.052 -172.9719
658.644647 85.050 -172.7715
663.417457 85.051 -172.5701
668.224854 85.053 -172.3936
673.067086 85.057 -172.2106
677.944408 85.066 -171.9905
682.857073 85.079 -171.7336
687.805336 85.092 -171.4553
692.789457 85.102 -171.1875
697.809695 85.106 -170.9486
702.866312 85.109 -170.7233
707.959571 85.115 -170.4908
713.089738 85.124 -170.2491
718.257080 85.138 -170.0063
723.461867 85.152 -169.7611
728.704370 85.165 -169.5157
733.984862 85.177 -169.2681
739.303619 85.189 -169.0205
744.660918 85.202 -168.7704
750.057038 85.216 -168.5191
755.492260 85.229 -168.2705
760.966869 85.245 -168.0240
766.481148 85.262 -167.7754
772.035387 85.279 -167.5260
777.629873 85.296 -167.2828
783.264900 85.314 -167.0446
788.940760 85.333 -166.8064
794.657750 85.355 -166.5618
800.416168 85.378 -166.3113
806.216313 85.401 -166.0564
812.058489 85.423 -165.7960
817.943000 85.447 -165.5311
823.870152 85.471 -165.2662
829.840255 85.496 -165.0023
835.853619 85.521 -164.7381
841.910559 85.546 -164.4713
848.011390 85.573 -164.1990
854.156430 85.600 -163.9193
860.346000 85.627 -163.6398
866.580422 85.657 -163.3745
872.860020 85.687 -163.1205
879.185124 85.719 -162.8671
885.556062 85.753 -162.6043
891.973166 85.788 -162.3344
898.436771 85.825 -162.0623
904.947215 85.862 -161.7932
911.504835 85.900 -161.5326
918.109975 85.938 -161.2803
924.762978 85.979 -161.0254
931.464192 86.023 -160.7668
938.213966 86.070 -160.5149
945.012651 86.116 -160.2723
951.860602 86.163 -160.0374
958.758176 86.211 -159.8074
965.705733 86.260 -159.5800
972.703635 86.310 -159.3556
979.752246 86.362 -159.1399
986.851935 86.415 -158.9372
994.003071 86.469 -158.7458
1001.206027 86.525 -158.5627
1008.461179 86.581 -158.3855
1015.768904 86.638 -158.2129
1023.129584 86.695 -158.0473
1030.543603 86.753 -157.8920
1038.011347 86.811 -157.7512
1045.533205 86.871 -157.6248
1053.109569 86.931 -157.5101
1060.740836 86.992 -157.4059
1068.427401 87.054 -157.3139
1076.169666 87.116 -157.2320
1083.968035 87.178 -157.1629
1091.822915 87.240 -157.1050
1099.734713 87.302 -157.0537
1107.703844 87.364 -157.0110
1115.730723 87.427 -156.9826
1123.815768 87.488 -156.9683
1131.959400 87.550 -156.9663
1140.162045 87.610 -156.9703
1148.424129 87.670 -156.9814
1156.746083 87.729 -157.0036
1165.128342 87.788 -157.0378
1173.571343 87.844 -157.0813
1182.075524 87.900 -157.1312
1190.641331 87.954 -157.1875
1199.269209 88.006 -157.2489
1207.959608 88.059 -157.3163
1216.712981 88.111 -157.3912
1225.529785 88.162 -157.4742
1234.410479 88.213 -157.5618
1243.355526 88.262 -157.6527
1252.365393 88.310 -157.7463
1261.440549 88.357 -157.8435
1270.581467 88.404 -157.9438
1279.788624 88.450 -158.0461
1289.062500 88.495 -158.1519
1298.403578 88.539 -158.2636
1307.812346 88.582 -158.3800
1317.289293 88.624 -158.4968
1326.834914 88.665 -158.6126
1336.449707 88.705 -158.7267
1346.134173 88.744 -158.8390
1355.888816 88.781 -158.9497
1365.714145 88.818 -159.0591
1375.610673 88.854 -159.1684
1385.578915 88.890 -159.2784
1395.619391 88.924 -159.3882
1405.732624 88.957 -159.4932
1415.919142 88.989 -159.5913
1426.179476 89.019 -159.6850
1436.514160 89.049 -159.7769
1446.923734 89.080 -159.8669
1457.408740 89.111 -159.9546
1467.969724 89.141 -160.0363
1478.607238 89.171 -160.1129
1489.321836 89.201 -160.1876
1500.114076 89.230 -160.2598
1510.984521 89.260 -160.3273
1521.933737 89.290 -160.3860
1532.962297 89.319 -160.4372
1544.070773 89.349 -160.4826
1555.259747 89.378 -160.5199
1566.529800 89.409 -160.5487
1577.881521 89.439 -160.5658
1589.315501 89.471 -160.5737
1600.832336 89.504 -160.5754
1612.432627 89.539 -160.5773
1624.116978 89.575 -160.5840
1635.886000 89.612 -160.5983
1647.740304 89.650 -160.6140
1659.680509 89.688 -160.6232
1671.707238 89.727 -160.6229
1683.821118 89.768 -160.6152
1696.022780 89.811 -160.6065
1708.312860 89.858 -160.6048
1720.692000 89.909 -160.6175
1733.160843 89.961 -160.6496
1745.720041 90.014 -160.7012
1758.370248 90.067 -160.7697
1771.112124 90.119 -160.8516
1783.946332 90.171 -160.9466
1796.873543 90.222 -161.0556
1809.894429 90.273 -161.1762
1823.009670 90.324 -161.3023
1836.219950 90.373 -161.4332
1849.525956 90.421 -161.5642
1862.928384 90.467 -161.6922
1876.427931 90.513 -161.8170
1890.025301 90.559 -161.9414
1903.721204 90.606 -162.0679
1917.516352 90.653 -162.1996
1931.411466 90.701 -162.3343
1945.407270 90.749 -162.4696
1959.504493 90.798 -162.6042
1973.703870 90.846 -162.7411
1988.006142 90.895 -162.8856
2002.412054 90.945 -163.0394
2016.922357 90.995 -163.1993
2031.537808 91.046 -163.3654
2046.259169 91.096 -163.5366
2061.087206 91.146 -163.7127
2076.022694 91.197 -163.8939
2091.066410 91.247 -164.0772
2106.219139 91.298 -164.2655
2121.481671 91.349 -164.4573
2136.854802 91.401 -164.6528
2152.339333 91.453 -164.8504
2167.936071 91.506 -165.0535
2183.645829 91.560 -165.2618
2199.469427 91.615 -165.4801
2215.407689 91.671 -165.7155
2231.461446 91.727 -165.9693
2247.631536 91.784 -166.2379
2263.918800 91.842 -166.5222
2280.324089 91.899 -166.8222
2296.848258 91.956 -167.1357
2313.492167 92.012 -167.4617
2330.256685 92.066 -167.8016
2347.142685 92.120 -168.1570
2364.151049 92.172 -168.5236
2381.282662 92.224 -168.9018
2398.538418 92.274 -169.2908
2415.919216 92.322 -169.6921
2433.425962 92.370 -170.1048
2451.059570 92.417 -170.5298
2468.820958 92.463 -170.9669
2486.711052 92.507 -171.4156
2504.730786 92.551 -171.8748
2522.881098 92.593 -172.3456
2541.162934 92.634 -172.8276
2559.577248 92.673 -173.3241
2578.125000 92.710 -173.8327
2596.807157 92.745 -174.3506
2615.624692 92.778 -174.8762
2634.578586 92.808 -175.4129
2653.669829 92.836 -175.9615
2672.899414 92.862 -176.5196
2692.268345 92.885 -177.0825
2711.777632 92.904 -177.6524
2731.428290 92.921 -178.2305
2751.221345 92.936 -178.8169
2771.157829 92.948 -179.4092
2791.238781 92.957 179.9955
2811.465248 92.964 179.3976
2831.838284 92.968 178.7970
2852.358952 92.969 178.1924
2873.028321 92.967 177.5861
2893.847468 92.962 176.9794
2914.817480 92.954 176.3732
2935.939449 92.943 175.7668
2957.214476 92.929 175.1599
2978.643672 92.913 174.5541
3000.228152 92.893 173.9508
3021.969041 92.871 173.3471
3043.867475 92.846 172.7479
3065.924593 92.818 172.1552
3088.141547 92.786 171.5715
3110.519493 92.752 170.9973
3133.059600 92.715 170.4295
3155.763041 92.677 169.8716
3178.631001 92.636 169.3237
3201.664672 92.592 168.7908
3224.865254 92.545 168.2732
3248.233957 92.496 167.7696
3271.771999 92.446 167.2796
3295.480608 92.393 166.8043
3319.361019 92.339 166.3449
3343.414477 92.282 165.9019
3367.642236 92.224 165.4758
3392.045560 92.164 165.0664
3416.625721 92.102 164.6761
3441.383999 92.039 164.3047
3466.321686 91.976 163.9536
3491.440082 91.912 163.6233
3516.740496 91.849 163.3115
3542.224247 91.786 163.0193
3567.892664 91.722 162.7456
3593.747085 91.659 162.4928
3619.788858 91.595 162.2596
3646.019340 91.531 162.0446
3672.439900 91.468 161.8482
3699.051913 91.406 161.6669
3725.856768 91.344 161.5003
3752.855862 91.283 161.3526
3780.050603 91.223 161.2221
3807.442408 91.164 161.1057
3835.032705 91.106 161.0025
3862.822933 91.049 160.9122
3890.814540 90.994 160.8345
3919.008986 90.940 160.7701
3947.407741 90.889 160.7173
3976.012284 90.839 160.6757
4004.824108 90.791 160.6425
4033.844715 90.745 160.6153
4063.075616 90.702 160.5912
4092.518337 90.660 160.5711
4122.174412 90.620 160.5548
4152.045387 90.581 160.5413
4182.132820 90.545 160.5286
4212.438278 90.510 160.5149
4242.963342 90.477 160.4989
4273.709604 90.445 160.4797
4304.678665 90.415 160.4533
4335.872141 90.387 160.4171
4367.291658 90.360 160.3684
4398.938854 90.335 160.3071
4430.815378 90.311 160.2333
4462.922893 90.287 160.1454
4495.263072 90.263 160.0431
4527.837601 90.238 159.9255
4560.648179 90.212 159.7942
4593.696515 90.183 159.6511
4626.984334 90.153 159.4989
4660.513370 90.119 159.3392
4694.285371 90.083 159.1719
4728.302098 90.045 158.9965
4762.565324 90.004 158.8175
4797.076835 89.959 158.6389
4831.838432 89.911 158.4642
4866.851925 89.859 158.2939
4902.119140 89.804 158.1316
4937.641916 89.745 157.9796
4973.422105 89.683 157.8438
5009.461572 89.616 157.7279
5045.762195 89.545 157.6384
5082.325868 89.470 157.5789
5119.154496 89.391 157.5556
5156.250000 89.309 157.5705
5193.614313 89.225 157.6286
5231.249383 89.140 157.7323
5269.157173 89.052 157.8866
5307.339658 88.964 158.0955
5345.798829 88.877 158.3607
5384.536691 88.791 158.6835
5423.555263 88.708 159.0658
5462.856580 88.629 159.5061
5502.442691 88.554 160.0051
5542.315659 88.485 160.5583
5582.477563 88.423 161.1650
5622.930497 88.369 161.8203
5663.676569 88.323 162.5214
5704.717904 88.288 163.2620
5746.056642 88.264 164.0355
5787.694937 88.252 164.8348
5829.634960 88.255 165.6494
5871.878898 88.271 166.4665
5914.428953 88.300 167.2683
5957.287343 88.343 168.0404
6000.456303 88.398 168.7724
6043.938083 88.465 169.4515
6087.734950 88.542 170.0692
6131.849187 88.627 170.6171
6176.283094 88.719 171.0875
6221.038987 88.815 171.4783
6266.119200 88.915 171.7863
6311.526083 89.015 172.0118
6357.262002 89.115 172.1587
6403.329344 89.211 172.2342
6449.730508 89.302 172.2496
6496.467914 89.387 172.2137
6543.543998 89.466 172.1400
6590.961215 89.538 172.0435
6638.722037 89.604 171.9355
6686.828954 89.664 171.8285
6735.284473 89.721 171.7310
6784.091120 89.773 171.6528
6833.251441 89.825 171.5969
6882.767998 89.876 171.5675
6932.643372 89.929 171.5645
6982.880164 89.985 171.5861
7033.480992 90.045 171.6278
7084.448495 90.113 171.6831
7135.785329 90.188 171.7430
7187.494171 90.272 171.8007
7239.577717 90.365 171.8507
7292.038681 90.469 171.8889
7344.879799 90.587 171.9073
7398.103826 90.722 171.8885
7451.713536 90.877 171.8004
7505.711724 91.053 171.5998
7560.101205 91.247 171.2455
7614.884815 91.457 170.7023
7670.065409 91.679 169.9364
7725.645865 91.909 168.9177
7781.629080 92.141 167.6168
7838.017972 92.369 166.0089
7894.815481 92.584 164.0727
7952.024569 92.776 161.7941
8009.648217 92.933 159.1742
8067.689429 93.047 156.2299
8126.151233 93.107 152.9951
8185.036674 93.105 149.5315
8244.348824 93.030 145.9224
8304.090774 92.877 142.2645
8364.265639 92.641 138.6627
8424.876556 92.325 135.2181
8485.926684 91.935 132.0259
8547.419207 91.480 129.1654
8609.357330 90.973 126.6911
8671.744282 90.426 124.6339
8734.583316 89.851 123.0046
8797.877707 89.260 121.7973
8861.630756 88.662 120.9938
8925.845785 88.065 120.5666
8990.526143 87.475 120.4832
9055.675202 86.898 120.7106
9121.296357 86.338 121.2151
9187.393031 85.795 121.9708
9253.968668 85.271 122.9505
9321.026740 84.768 124.1332
9388.570742 84.287 125.5003
9456.604196 83.828 127.0356
9525.130648 83.393 128.7220
9594.153671 82.982 130.5358
9663.676863 82.597 132.4463
9733.703850 82.234 134.4272
9804.238280 81.891 136.4659
9875.283832 81.566 138.5660
9946.844210 81.256 140.7362
10018.923143 80.963 142.9860
10091.524390 80.687 145.3188
10164.651736 80.428 147.7341
10238.308993 80.188 150.2288
10312.500000 79.968 152.7991
10387.228626 79.770 155.4381
10462.498767 79.593 158.1400
10538.314345 79.439 160.8989
10614.679315 79.308 163.7109
10691.597657 79.201 166.5735
10769.073381 79.118 169.4806
10847.110526 79.060 172.4305
10925.713161 79.027 175.4156
11004.885382 79.022 178.4271
11084.631318 79.046 -178.5418
11164.955126 79.100 -175.5043
11245.860993 79.186 -172.4724
11327.353138 79.305 -169.4623
11409.435808 79.458 -166.4955
11492.113283 79.647 -163.5913
11575.389873 79.874 -160.7778
11659.269920 80.140 -158.0849
11743.757796 80.443 -155.5466
11828.857906 80.783 -153.2054
11914.574686 81.157 -151.0995
12000.912606 81.561 -149.2643
12087.876166 81.992 -147.7311
12175.469900 82.449 -146.5367
12263.698373 82.926 -145.7389
12352.566187 83.415 -145.4064
12442.077974 83.903 -145.6003
12532.238400 84.371 -146.3534
12623.052165 84.799 -147.6567
12714.524005 85.170 -149.4595
12806.658687 85.465 -151.6782
12899.461015 85.674 -154.2001
12992.935827 85.787 -156.9012
13087.087996 85.804 -159.6527
13181.922430 85.725 -162.3336
13277.444074 85.557 -164.8334
13373.657907 85.305 -167.0487
13470.568945 84.977 -168.8799
13568.182241 84.587 -170.2284
13666.502883 84.150 -171.0055
13765.535996 83.687 -171.1507
13865.286744 83.223 -170.6529
13965.760328 82.781 -169.5529
14066.961984 82.382 -167.9385
14168.896989 82.041 -165.9181
14271.570658 81.765 -163.6091
14374.988342 81.560 -161.1205
14479.155433 81.426 -158.5498
14584.077362 81.361 -155.9826
14689.759598 81.362 -153.4887
14796.207652 81.428 -151.1275
14903.427072 81.557 -148.9518
15011.423448 81.745 -147.0167
15120.202410 81.992 -145.3846
15229.769630 82.294 -144.1276
15340.130819 82.647 -143.3275
15451.291730 83.043 -143.0819
15563.258160 83.469 -143.4898
15676.035944 83.907 -144.6472
15789.630962 84.329 -146.6255
15904.049137 84.702 -149.4459
16019.296433 84.988 -153.0562
16135.378859 85.153 -157.3165
16252.302465 85.166 -161.9923
16370.073348 85.008 -166.7829
16488.697648 84.679 -171.3577
16608.181548 84.189 -175.4044
16728.531278 83.565 -178.6698
16849.753112 82.838 179.0231
16971.853368 82.043 177.7813
17094.838414 81.210 177.6725
17218.714660 80.363 178.7953
17343.488565 79.535 -178.6176
17469.166632 78.797 -174.1100
17595.755415 78.314 -167.2251
17723.261512 78.342 -158.6324
17851.691571 78.978 -151.3470
17981.052287 79.921 -148.4607
18111.350404 80.741 -149.8907
18242.592715 81.217 -153.4210
18374.786062 81.369 -157.0815
18507.937336 81.311 -159.9826
18642.053479 81.161 -162.0476
18777.141484 80.991 -163.5670
18913.208391 80.830 -164.8857
19050.261296 80.679 -166.2668
19188.307342 80.524 -167.8594
19327.353727 80.351 -169.7265
19467.407699 80.150 -171.8871
19608.476560 79.919 -174.3329
19750.567664 79.676 -176.9806
19893.688419 79.465 -179.5508
20037.846286 79.345 178.6518
