* Measurement data measured by REW V5.31.3
* Source: Microphone (JadeAudio JA11), MICROPHONE (Master Volume), L, volume: 0.250
* Format: 512k Log Swept Sine, 1 sweep at -14.9 dBFS with no timing reference
* Dated: May 17, 2025 1:31:09 AM
* REW Settings:
*  C-weighting compensation: Off
*  Target level: 75.0 dB
* Note: 
* Measurement: L Konoka (11, T300B, AT filt)
* Smoothing: 1/24 octave
* Frequency Step: 1/48 octave
* Start Frequency: 20.300 Hz
*
* Freq(Hz)	SPL(dB)	Phase(degrees)
20.299999	88.863	6.9578
20.600000	88.869	6.5955
20.900000	88.876	6.1885
21.200001	88.882	5.7945
21.400000	88.886	5.5416
21.799999	88.891	5.0571
22.000000	88.890	4.8195
22.400000	88.883	4.3078
22.700001	88.872	3.9363
23.000000	88.860	3.5758
23.299999	88.847	3.1864
23.600000	88.834	2.8088
24.000000	88.817	2.3207
24.299999	88.804	1.9167
24.700001	88.786	1.3808
25.000000	88.772	0.9864
25.400000	88.754	0.4281
25.799999	88.737	-0.1054
26.200001	88.724	-0.6242
26.500000	88.716	-1.0069
26.900000	88.706	-1.4997
27.200001	88.699	-1.8559
27.600000	88.689	-2.3158
28.000000	88.679	-2.7613
28.500000	88.668	-3.2876
29.000000	88.657	-3.7969
29.500000	88.642	-4.2754
30.000000	88.622	-4.7255
30.400000	88.604	-5.0707
30.700001	88.588	-5.3224
31.100000	88.567	-5.6587
31.500000	88.544	-6.0091
32.000000	88.514	-6.4418
32.500000	88.483	-6.8875
33.000000	88.452	-7.3007
33.500000	88.423	-7.7134
34.000000	88.396	-8.1185
34.500000	88.368	-8.5454
35.000000	88.339	-8.9712
35.500000	88.307	-9.3900
36.000000	88.275	-9.7899
36.500000	88.245	-10.1839
37.000000	88.219	-10.5812
37.500000	88.196	-10.9677
38.200001	88.161	-11.4665
38.700001	88.131	-11.7912
39.500000	88.079	-12.3128
40.000000	88.048	-12.6459
40.599998	88.011	-13.0376
41.200001	87.972	-13.4031
41.799999	87.932	-13.7679
42.500000	87.881	-14.2115
43.099998	87.836	-14.5857
43.700001	87.795	-14.9477
44.400002	87.758	-15.3645
45.000000	87.726	-15.7262
45.500000	87.691	-16.0215
46.200001	87.634	-16.4111
46.799999	87.588	-16.7331
47.500000	87.540	-17.1103
48.200001	87.491	-17.4785
48.700001	87.455	-17.7312
49.400002	87.406	-18.0827
50.000000	87.363	-18.3913
50.799999	87.305	-18.8133
51.500000	87.254	-19.1676
52.200001	87.204	-19.4982
53.000000	87.143	-19.8666
53.799999	87.083	-20.2539
54.500000	87.033	-20.6001
55.200001	86.979	-20.9383
56.000000	86.914	-21.3416
57.000000	86.842	-21.8662
58.000000	86.770	-22.2984
59.000000	86.680	-22.8656
60.000000	86.590	-23.5635
60.799999	86.528	-23.8873
61.500000	86.475	-24.0696
62.200001	86.418	-24.3318
63.000000	86.351	-24.7172
64.000000	86.263	-25.2039
65.000000	86.173	-25.7368
66.000000	86.080	-26.2851
67.000000	85.981	-26.8461
68.000000	85.880	-27.4527
69.000000	85.775	-28.0890
70.000000	85.667	-28.7352
71.000000	85.556	-29.4224
72.000000	85.434	-30.1855
73.000000	85.303	-30.9924
74.000000	85.166	-31.8843
75.000000	85.015	-32.8799
76.199997	84.823	-34.1986
77.500000	84.579	-35.9058
78.800003	84.290	-37.7895
80.000000	84.014	-39.9588
81.199997	83.704	-43.0594
82.500000	83.200	-48.3894
83.800003	82.105	-55.7187
85.000000	80.154	-59.7225
86.199997	78.352	-52.3458
87.500000	80.129	-45.4841
88.500000	82.754	-66.3073
90.000000	85.117	-164.7494
91.199997	85.605	113.5325
92.500000	85.971	80.4984
93.800003	88.166	63.9477
95.000000	89.524	45.8887
96.199997	89.725	31.0372
97.500000	89.629	20.8789
98.800003	89.574	14.3243
100.000000	89.542	9.7583
101.500000	89.452	5.0981
103.000000	89.310	1.2377
104.400002	89.153	-1.7374
106.000000	88.976	-4.4154
107.500000	88.819	-6.1003
109.000000	88.641	-7.0054
110.599998	88.397	-7.5509
112.000000	88.160	-8.1680
113.800003	87.922	-9.3511
115.000000	87.834	-10.0877
117.199997	87.738	-10.8920
118.000000	87.700	-11.1453
120.599998	87.611	-12.2510
122.000000	87.592	-12.8067
124.099998	87.560	-13.6362
125.000000	87.553	-14.0620
126.500000	87.556	-14.7544
128.000000	87.547	-15.3923
131.500000	87.469	-17.3055
132.000000	87.454	-17.5419
134.000000	87.363	-18.4627
136.000000	87.269	-19.3522
138.000000	87.171	-19.9296
140.000000	87.092	-20.5061
143.000000	87.017	-21.2833
145.000000	86.987	-21.8748
147.500000	86.958	-22.7732
150.000000	86.928	-23.8763
152.500000	86.868	-25.2693
155.000000	86.736	-26.8488
157.500000	86.518	-28.1799
160.000000	86.266	-28.8743
162.500000	86.044	-29.0347
165.000000	85.868	-28.9138
167.500000	85.743	-28.5662
170.000000	85.688	-28.0907
172.500000	85.713	-27.7132
175.000000	85.812	-27.6871
177.500000	85.960	-28.1926
180.000000	86.136	-29.4130
182.500000	86.282	-31.5958
185.000000	86.299	-34.5527
187.500000	86.133	-37.6077
190.000000	85.831	-40.1072
192.500000	85.472	-41.9331
195.000000	85.095	-43.3519
197.500000	84.681	-44.5760
200.000000	84.208	-45.2678
203.000000	83.632	-44.9692
206.000000	83.152	-43.6235
209.000000	82.817	-41.9050
212.000000	82.607	-40.2705
214.000000	82.512	-39.3120
218.000000	82.371	-37.9594
220.000000	82.313	-37.4933
224.000000	82.207	-36.9004
227.000000	82.115	-36.6578
230.000000	82.001	-36.4354
233.000000	81.879	-36.1562
236.000000	81.774	-35.8188
240.000000	81.676	-35.4927
243.000000	81.620	-35.5808
247.000000	81.492	-36.3430
250.000000	81.290	-37.1718
254.000000	80.864	-37.5857
258.000000	80.409	-36.5198
262.000000	80.070	-34.5493
265.000000	79.905	-32.9825
269.000000	79.766	-31.0825
272.000000	79.697	-29.8408
276.000000	79.628	-28.4030
280.000000	79.571	-27.1447
285.000000	79.512	-25.7624
290.000000	79.462	-24.5618
295.000000	79.413	-23.5446
300.000000	79.358	-22.6905
304.000000	79.302	-22.0977
307.000000	79.250	-21.6915
311.000000	79.165	-21.1613
315.000000	79.065	-20.5858
320.000000	78.923	-19.7673
325.000000	78.771	-18.8066
330.000000	78.610	-17.6775
335.000000	78.442	-16.3578
340.000000	78.264	-14.7782
345.000000	78.083	-12.8068
350.000000	77.926	-10.2846
355.000000	77.834	-7.0466
360.000000	77.897	-3.0754
365.000000	78.213	0.8663
370.000000	78.723	3.3802
375.000000	79.232	4.1153
382.000000	79.769	3.5133
387.000000	80.020	2.5813
395.000000	80.230	0.9604
400.000000	80.278	0.1308
406.000000	80.291	-0.5837
412.000000	80.282	-1.0222
418.000000	80.262	-1.2644
425.000000	80.238	-1.3711
431.000000	80.219	-1.3657
437.000000	80.203	-1.2960
444.000000	80.184	-1.1475
450.000000	80.169	-0.9780
455.000000	80.159	-0.8115
462.000000	80.146	-0.5442
468.000000	80.139	-0.2946
475.000000	80.135	0.0203
482.000000	80.135	0.3537
487.000000	80.138	0.5984
494.000000	80.146	0.9355
500.000000	80.156	1.2178
508.000000	80.176	1.5807
515.000000	80.199	1.8689
522.000000	80.227	2.1211
530.000000	80.262	2.3631
538.000000	80.299	2.5468
545.000000	80.333	2.6580
552.000000	80.368	2.7070
560.000000	80.407	2.6725
570.000000	80.447	2.4713
580.000000	80.467	2.0846
590.000000	80.456	1.5431
600.000000	80.404	0.8657
608.000000	80.317	0.2513
615.000000	80.195	-0.2345
622.000000	80.032	-0.5164
630.000000	79.816	-0.4386
640.000000	79.549	0.3237
650.000000	79.339	1.6732
660.000000	79.207	3.2432
670.000000	79.134	4.7698
680.000000	79.096	6.2048
690.000000	79.083	7.5581
700.000000	79.091	8.8428
710.000000	79.113	10.0323
720.000000	79.146	11.1160
730.000000	79.185	12.1166
740.000000	79.227	13.0520
750.000000	79.272	13.9375
762.000000	79.328	14.9388
775.000000	79.390	15.9620
788.000000	79.451	16.9678
800.000000	79.510	17.8798
812.000000	79.573	18.7677
825.000000	79.645	19.7070
838.000000	79.722	20.6278
850.000000	79.797	21.4562
862.000000	79.877	22.2610
875.000000	79.969	23.1051
885.000000	80.043	23.7317
900.000000	80.158	24.6266
912.000000	80.254	25.3059
925.000000	80.360	26.0113
938.000000	80.470	26.6838
950.000000	80.574	27.2700
962.000000	80.682	27.8229
975.000000	80.800	28.3813
988.000000	80.922	28.8944
1000.000000	81.038	29.3340
1015.000000	81.193	29.7438
1030.000000	81.313	29.8839
1044.000000	81.393	30.2837
1060.000000	81.514	30.8880
1075.000000	81.649	31.3750
1090.000000	81.790	31.7877
1106.000000	81.944	32.1694
1120.000000	82.082	32.4581
1138.000000	82.273	32.7477
1150.000000	82.410	32.8113
1172.000000	82.614	32.3845
1180.000000	82.650	32.2538
1206.000000	82.793	32.5766
1220.000000	82.900	32.6991
1241.000000	83.060	32.7908
1250.000000	83.128	32.8128
1265.000000	83.241	32.8256
1280.000000	83.351	32.8101
1315.000000	83.600	32.6829
1320.000000	83.635	32.6569
1340.000000	83.770	32.5376
1360.000000	83.903	32.3965
1380.000000	84.032	32.2349
1400.000000	84.159	32.0557
1430.000000	84.343	31.7511
1450.000000	84.464	31.5219
1475.000000	84.610	31.2049
1500.000000	84.752	30.8597
1525.000000	84.888	30.4915
1550.000000	85.021	30.1056
1575.000000	85.151	29.7008
1600.000000	85.277	29.2747
1625.000000	85.401	28.8211
1650.000000	85.523	28.3411
1675.000000	85.641	27.8305
1700.000000	85.754	27.2871
1725.000000	85.865	26.7142
1750.000000	85.971	26.1158
1775.000000	86.074	25.4900
1800.000000	86.171	24.8347
1825.000000	86.262	24.1429
1850.000000	86.346	23.4218
1875.000000	86.421	22.6887
1900.000000	86.489	21.9573
1925.000000	86.551	21.2313
1950.000000	86.609	20.5110
1975.000000	86.666	19.7895
2000.000000	86.720	19.0529
2030.000000	86.781	18.1337
2060.000000	86.835	17.1681
2090.000000	86.876	16.1682
2120.000000	86.905	15.1537
2140.000000	86.916	14.4789
2180.000000	86.921	13.1651
2200.000000	86.917	12.5347
2240.000000	86.899	11.3210
2270.000000	86.879	10.4462
2300.000000	86.852	9.5939
2330.000000	86.818	8.7655
2360.000000	86.778	7.9637
2400.000000	86.713	6.9463
2430.000000	86.658	6.2317
2470.000000	86.576	5.3508
2500.000000	86.511	4.7404
2540.000000	86.421	3.9942
2580.000000	86.326	3.3226
2620.000000	86.230	2.7240
2650.000000	86.156	2.3215
2690.000000	86.056	1.8430
2720.000000	85.982	1.5255
2760.000000	85.882	1.1569
2800.000000	85.784	0.8470
2850.000000	85.663	0.5325
2900.000000	85.546	0.2896
2950.000000	85.432	0.1157
3000.000000	85.320	0.0117
3040.000000	85.233	-0.0202
3070.000000	85.170	-0.0130
3110.000000	85.088	0.0426
3150.000000	85.012	0.1462
3200.000000	84.926	0.3479
3250.000000	84.852	0.6328
3300.000000	84.797	0.9819
3350.000000	84.767	1.3525
3400.000000	84.762	1.6713
3450.000000	84.778	1.8481
3500.000000	84.797	1.8405
3550.000000	84.807	1.6909
3600.000000	84.801	1.4761
3650.000000	84.784	1.2581
3700.000000	84.758	1.0694
3750.000000	84.728	0.9128
3820.000000	84.687	0.7437
3870.000000	84.660	0.6404
3950.000000	84.625	0.4581
4000.000000	84.604	0.3143
4060.000000	84.577	0.1053
4120.000000	84.547	-0.1266
4180.000000	84.512	-0.3642
4250.000000	84.467	-0.6471
4310.000000	84.425	-0.8857
4370.000000	84.381	-1.1270
4440.000000	84.327	-1.4011
4500.000000	84.280	-1.6241
4550.000000	84.243	-1.8048
4620.000000	84.199	-2.0740
4680.000000	84.168	-2.3566
4750.000000	84.141	-2.8137
4820.000000	84.114	-3.4976
4870.000000	84.083	-4.1679
4940.000000	83.997	-5.3513
5000.000000	83.865	-6.4902
5080.000000	83.592	-7.8909
5150.000000	83.276	-8.7482
5220.000000	82.919	-9.1269
5300.000000	82.497	-8.9780
5380.000000	82.088	-8.2998
5450.000000	81.750	-7.3656
5520.000000	81.435	-6.1832
5600.000000	81.101	-4.5629
5700.000000	80.731	-2.1594
5800.000000	80.424	0.5815
5900.000000	80.185	3.5309
6000.000000	80.009	6.5857
6080.000000	79.909	9.0649
6150.000000	79.848	11.2419
6220.000000	79.809	13.4207
6300.000000	79.789	15.9252
6400.000000	79.800	19.1089
6500.000000	79.857	22.3846
6600.000000	79.973	25.7384
6700.000000	80.157	29.1069
6800.000000	80.414	32.4154
6900.000000	80.749	35.6058
7000.000000	81.164	38.6131
7100.000000	81.665	41.3577
7200.000000	82.259	43.7434
7300.000000	82.954	45.6391
7400.000000	83.754	46.8465
7500.000000	84.661	47.0926
7620.000000	85.862	45.5889
7750.000000	87.200	40.9285
7880.000000	88.326	32.5219
8000.000000	88.886	21.9794
8120.000000	88.799	10.5833
8250.000000	88.016	-0.1938
8380.000000	86.789	-7.6448
8500.000000	85.533	-11.3846
8620.000000	84.331	-12.6874
8750.000000	83.175	-12.1466
8850.000000	82.407	-10.7813
9000.000000	81.450	-7.7282
9120.000000	80.842	-4.7239
9250.000000	80.325	-1.1475
9380.000000	79.941	2.6024
9500.000000	79.695	6.1193
9620.000000	79.543	9.6154
9750.000000	79.477	13.3018
9880.000000	79.506	16.8194
10000.000000	79.608	19.8657
10150.000000	79.830	23.3351
10300.000000	80.147	26.3539
10440.000000	80.519	28.6901
10600.000000	81.019	30.6859
10750.000000	81.546	31.7927
10900.000000	82.105	32.0338
11060.000000	82.691	31.2441
11200.000000	83.149	29.7297
11380.000000	83.616	26.9741
11500.000000	83.843	24.8721
11720.000000	84.107	20.9956
11800.000000	84.171	19.6733
12060.000000	84.366	15.6361
12200.000000	84.484	13.3680
12410.000000	84.674	9.4982
12500.000000	84.756	7.5894
12650.000000	84.877	3.9689
12800.000000	84.956	-0.2611
13150.000000	84.796	-12.2610
13200.000000	84.721	-14.1407
13400.000000	84.268	-21.8025
13600.000000	83.572	-29.3439
13800.000000	82.649	-36.2988
14000.000000	81.539	-42.2318
14300.000000	79.675	-48.5942
14500.000000	78.422	-51.0558
14750.000000	76.990	-52.5028
15000.000000	75.807	-52.9592
15250.000000	74.898	-53.4303
15500.000000	74.223	-54.7759
15750.000000	73.689	-57.7418
16000.000000	73.162	-62.6815
16250.000000	72.615	-69.8875
16500.000000	71.863	-81.7614
16750.000000	69.931	-96.6456
17000.000000	66.601	-107.6467
17250.000000	62.360	-112.2235
17500.000000	57.443	-110.0125
17750.000000	51.906	-94.9403
18000.000000	48.467	-4.9429
18250.000000	50.889	34.6440
18500.000000	52.947	34.5114
18750.000000	52.899	32.8173
19000.000000	52.019	41.8690
19250.000000	51.986	57.6122
19500.000000	52.813	69.4851
19750.000000	53.767	75.3847
20000.000000	54.337	77.0579
