* Measurement data measured by REW V5.31.3
* Source: Microphone (JadeAudio JA11), MICROPHONE (Master Volume), L, volume: 0.000
* Format: 512k Log Swept Sine, 1 sweep at -1.7 dBFS with no timing reference
* Dated: May 17, 2025 1:11:36 AM
* REW Settings:
*  C-weighting compensation: Off
*  Target level: 75.0 dB
* Note: 
* Measurement: L Konoka (11, T300B, 500, 25?
* Smoothing: 1/24 octave
* Frequency Step: 1/48 octave
* Start Frequency: 20.300 Hz
*
* Freq(Hz)	SPL(dB)	Phase(degrees)
20.299999	88.932	9.2229
20.600000	88.942	8.8659
20.900000	88.950	8.4569
21.200001	88.955	8.0593
21.400000	88.958	7.8077
21.799999	88.962	7.3438
22.000000	88.963	7.1260
22.400000	88.961	6.6642
22.700001	88.956	6.3275
23.000000	88.950	5.9906
23.299999	88.942	5.6115
23.600000	88.933	5.2350
24.000000	88.919	4.7476
24.299999	88.907	4.3516
24.700001	88.891	3.8383
25.000000	88.878	3.4647
25.400000	88.864	2.9296
25.799999	88.851	2.4100
26.200001	88.841	1.9007
26.500000	88.835	1.5275
26.900000	88.828	1.0532
27.200001	88.823	0.7132
27.600000	88.818	0.2719
28.000000	88.812	-0.1626
28.500000	88.804	-0.6797
29.000000	88.795	-1.1694
29.500000	88.784	-1.6124
30.000000	88.771	-2.0261
30.400000	88.757	-2.3537
30.700001	88.746	-2.5995
31.100000	88.729	-2.9296
31.500000	88.709	-3.2634
32.000000	88.683	-3.6529
32.500000	88.656	-4.0476
33.000000	88.630	-4.4330
33.500000	88.605	-4.8513
34.000000	88.577	-5.2750
34.500000	88.549	-5.7074
35.000000	88.521	-6.1192
35.500000	88.495	-6.5145
36.000000	88.472	-6.8864
36.500000	88.450	-7.2442
37.000000	88.425	-7.5994
37.500000	88.398	-7.9545
38.200001	88.363	-8.4540
38.700001	88.340	-8.7987
39.500000	88.302	-9.3158
40.000000	88.276	-9.6064
40.599998	88.243	-9.9349
41.200001	88.208	-10.2626
41.799999	88.172	-10.6174
42.500000	88.129	-11.0407
43.099998	88.090	-11.3846
43.700001	88.049	-11.7447
44.400002	88.002	-12.2086
45.000000	87.965	-12.5912
45.500000	87.935	-12.8554
46.200001	87.892	-13.1594
46.799999	87.855	-13.4303
47.500000	87.813	-13.7911
48.200001	87.769	-14.1507
48.700001	87.736	-14.3925
49.400002	87.691	-14.7270
50.000000	87.652	-15.0136
50.799999	87.599	-15.3899
51.500000	87.553	-15.7191
52.200001	87.506	-16.0605
53.000000	87.453	-16.4462
53.799999	87.398	-16.8059
54.500000	87.346	-17.1064
55.200001	87.293	-17.4146
56.000000	87.232	-17.7893
57.000000	87.154	-18.2806
58.000000	87.078	-18.7521
59.000000	86.977	-19.1932
60.000000	86.863	-19.6710
60.799999	86.810	-20.0615
61.500000	86.776	-20.3848
62.200001	86.726	-20.7133
63.000000	86.648	-21.1114
64.000000	86.543	-21.6173
65.000000	86.426	-22.1363
66.000000	86.296	-22.6827
67.000000	86.146	-23.1971
68.000000	85.975	-23.6040
69.000000	85.787	-23.8516
70.000000	85.591	-23.8985
71.000000	85.405	-23.7462
72.000000	85.238	-23.4374
73.000000	85.089	-23.0262
74.000000	84.959	-22.6175
75.000000	84.843	-22.2367
76.199997	84.718	-21.8412
77.500000	84.579	-21.5544
78.800003	84.428	-21.3676
80.000000	84.256	-21.1709
81.199997	84.098	-20.7064
82.500000	83.960	-20.4105
83.800003	83.825	-20.1429
85.000000	83.842	-19.7897
86.199997	84.156	-21.5768
87.500000	84.630	-29.3274
88.500000	84.737	-42.1158
90.000000	82.718	-73.3610
91.199997	80.557	58.3683
92.500000	82.849	61.9111
93.800003	85.891	46.2966
95.000000	87.217	32.0601
96.199997	87.865	21.7388
97.500000	88.304	13.8810
98.800003	88.588	8.2505
100.000000	88.733	4.4254
101.500000	88.783	1.0217
103.000000	88.726	-1.4279
104.400002	88.629	-3.2228
106.000000	88.514	-4.7914
107.500000	88.401	-5.7623
109.000000	88.258	-6.4688
110.599998	88.080	-7.3161
112.000000	87.936	-8.2161
113.800003	87.794	-9.4404
115.000000	87.725	-10.1868
117.199997	87.609	-11.2459
118.000000	87.559	-11.5656
120.599998	87.375	-12.5659
122.000000	87.278	-13.0280
124.099998	87.146	-13.5339
125.000000	87.096	-13.6757
126.500000	87.015	-13.8696
128.000000	86.942	-14.0650
131.500000	86.814	-14.3196
132.000000	86.801	-14.3482
134.000000	86.765	-14.5014
136.000000	86.738	-14.7930
138.000000	86.712	-15.1548
140.000000	86.660	-15.4827
143.000000	86.555	-15.6782
145.000000	86.499	-15.5600
147.500000	86.466	-15.2211
150.000000	86.478	-14.7633
152.500000	86.543	-14.2879
155.000000	86.658	-13.8805
157.500000	86.817	-13.6269
160.000000	87.025	-13.5167
162.500000	87.302	-13.5936
165.000000	87.663	-14.1256
167.500000	88.096	-15.4427
170.000000	88.586	-17.8079
172.500000	89.098	-21.7711
175.000000	89.476	-27.9862
177.500000	89.463	-35.9805
180.000000	88.928	-43.7932
182.500000	87.979	-49.4338
185.000000	86.868	-52.0827
187.500000	85.842	-52.1980
190.000000	85.029	-50.9119
192.500000	84.420	-49.1671
195.000000	83.966	-47.4238
197.500000	83.600	-45.8909
200.000000	83.267	-44.3878
203.000000	82.884	-42.3486
206.000000	82.536	-39.7852
209.000000	82.316	-36.6342
212.000000	82.306	-33.5633
214.000000	82.396	-32.0835
218.000000	82.617	-30.8868
220.000000	82.689	-30.9336
224.000000	82.719	-31.6648
227.000000	82.646	-32.2703
230.000000	82.523	-32.7613
233.000000	82.356	-33.2034
236.000000	82.142	-33.4904
240.000000	81.807	-33.3001
243.000000	81.557	-32.6647
247.000000	81.270	-31.4072
250.000000	81.097	-30.3139
254.000000	80.917	-28.8272
258.000000	80.780	-27.4349
262.000000	80.668	-26.1886
265.000000	80.593	-25.3340
269.000000	80.500	-24.2357
272.000000	80.432	-23.4311
276.000000	80.349	-22.3846
280.000000	80.272	-21.3951
285.000000	80.181	-20.2639
290.000000	80.087	-19.2134
295.000000	79.981	-18.2169
300.000000	79.859	-17.2350
304.000000	79.741	-16.4310
307.000000	79.637	-15.7993
311.000000	79.473	-14.8400
315.000000	79.273	-13.6224
320.000000	78.978	-11.3175
325.000000	78.727	-7.3831
330.000000	78.772	-1.7165
335.000000	79.277	3.4288
340.000000	80.001	5.6613
345.000000	80.612	5.3417
350.000000	81.000	3.9629
355.000000	81.206	2.4766
360.000000	81.299	1.2454
365.000000	81.328	0.3276
370.000000	81.320	-0.3385
375.000000	81.287	-0.7515
382.000000	81.234	-0.9215
387.000000	81.206	-0.8536
395.000000	81.176	-0.6160
400.000000	81.163	-0.4230
406.000000	81.149	-0.1647
412.000000	81.139	0.1281
418.000000	81.136	0.4664
425.000000	81.136	0.8949
431.000000	81.141	1.2789
437.000000	81.154	1.6800
444.000000	81.178	2.1471
450.000000	81.206	2.5373
455.000000	81.236	2.8537
462.000000	81.291	3.2649
468.000000	81.349	3.5697
475.000000	81.429	3.8495
482.000000	81.525	4.0033
487.000000	81.603	4.0072
494.000000	81.726	3.7905
500.000000	81.837	3.3157
508.000000	81.966	2.0646
515.000000	82.000	0.2923
522.000000	81.886	-1.8317
530.000000	81.541	-3.7704
538.000000	81.065	-4.1739
545.000000	80.690	-3.1944
552.000000	80.436	-1.6319
560.000000	80.263	0.0983
570.000000	80.111	2.0785
580.000000	80.021	4.2028
590.000000	80.014	6.2077
600.000000	80.055	7.8553
608.000000	80.097	8.9536
615.000000	80.133	9.8172
622.000000	80.168	10.6270
630.000000	80.210	11.4978
640.000000	80.266	12.5054
650.000000	80.323	13.4339
660.000000	80.380	14.2956
670.000000	80.433	15.1009
680.000000	80.483	15.8843
690.000000	80.533	16.6573
700.000000	80.584	17.4180
710.000000	80.636	18.1583
720.000000	80.688	18.8797
730.000000	80.742	19.5942
740.000000	80.798	20.2973
750.000000	80.855	20.9879
762.000000	80.925	21.7935
775.000000	81.002	22.6448
788.000000	81.080	23.5035
800.000000	81.155	24.3019
812.000000	81.235	25.0832
825.000000	81.327	25.9159
838.000000	81.423	26.7340
850.000000	81.516	27.4753
862.000000	81.614	28.2008
875.000000	81.726	28.9675
885.000000	81.815	29.5393
900.000000	81.954	30.3562
912.000000	82.069	30.9713
925.000000	82.197	31.6005
938.000000	82.328	32.1949
950.000000	82.454	32.7160
962.000000	82.582	33.2029
975.000000	82.725	33.6838
988.000000	82.870	34.1098
1000.000000	83.008	34.4478
1015.000000	83.184	34.7308
1030.000000	83.326	34.8024
1044.000000	83.432	35.1059
1060.000000	83.579	35.5927
1075.000000	83.738	35.9752
1090.000000	83.905	36.2787
1106.000000	84.086	36.5273
1120.000000	84.248	36.6903
1138.000000	84.463	36.8162
1150.000000	84.612	36.7864
1172.000000	84.842	36.3386
1180.000000	84.899	36.2342
1206.000000	85.135	36.3314
1220.000000	85.275	36.2065
1241.000000	85.473	35.9888
1250.000000	85.558	35.8882
1265.000000	85.698	35.6982
1280.000000	85.836	35.4758
1315.000000	86.149	34.8360
1320.000000	86.193	34.7335
1340.000000	86.364	34.2963
1360.000000	86.531	33.8177
1380.000000	86.693	33.3011
1400.000000	86.850	32.7449
1430.000000	87.077	31.8408
1450.000000	87.222	31.1967
1475.000000	87.396	30.3390
1500.000000	87.562	29.4267
1525.000000	87.719	28.4598
1550.000000	87.868	27.4445
1575.000000	88.007	26.3788
1600.000000	88.135	25.2683
1625.000000	88.253	24.1184
1650.000000	88.359	22.9311
1675.000000	88.453	21.7112
1700.000000	88.535	20.4636
1725.000000	88.603	19.1945
1750.000000	88.660	17.9127
1775.000000	88.702	16.6237
1800.000000	88.731	15.3386
1825.000000	88.747	14.0614
1850.000000	88.750	12.7989
1875.000000	88.740	11.5599
1900.000000	88.719	10.3504
1925.000000	88.686	9.1745
1950.000000	88.642	8.0410
1975.000000	88.589	6.9557
2000.000000	88.527	5.9230
2030.000000	88.442	4.7592
2060.000000	88.347	3.6790
2090.000000	88.245	2.6862
2120.000000	88.137	1.7801
2140.000000	88.062	1.2222
2180.000000	87.909	0.2147
2200.000000	87.830	-0.2371
2240.000000	87.672	-1.0498
2270.000000	87.552	-1.5781
2300.000000	87.431	-2.0347
2330.000000	87.311	-2.4219
2360.000000	87.193	-2.7472
2400.000000	87.038	-3.0925
2430.000000	86.925	-3.2858
2470.000000	86.780	-3.4626
2500.000000	86.675	-3.5412
2540.000000	86.541	-3.5814
2580.000000	86.416	-3.5554
2620.000000	86.298	-3.4742
2650.000000	86.216	-3.3814
2690.000000	86.112	-3.2182
2720.000000	86.040	-3.0688
2760.000000	85.951	-2.8393
2800.000000	85.871	-2.5804
2850.000000	85.783	-2.2232
2900.000000	85.707	-1.8471
2950.000000	85.643	-1.4537
3000.000000	85.591	-1.0495
3040.000000	85.558	-0.7235
3070.000000	85.537	-0.4799
3110.000000	85.515	-0.1574
3150.000000	85.500	0.1574
3200.000000	85.491	0.5390
3250.000000	85.490	0.9029
3300.000000	85.499	1.2446
3350.000000	85.518	1.5676
3400.000000	85.549	1.8723
3450.000000	85.595	2.1453
3500.000000	85.658	2.3396
3550.000000	85.736	2.3906
3600.000000	85.818	2.2582
3650.000000	85.891	1.9563
3700.000000	85.951	1.5414
3750.000000	85.995	1.0632
3820.000000	86.038	0.3365
3870.000000	86.058	-0.2187
3950.000000	86.072	-1.1790
4000.000000	86.069	-1.8211
4060.000000	86.051	-2.6234
4120.000000	86.016	-3.4446
4180.000000	85.964	-4.2692
4250.000000	85.878	-5.2130
4310.000000	85.784	-5.9685
4370.000000	85.672	-6.6427
4440.000000	85.527	-7.2911
4500.000000	85.398	-7.7177
4550.000000	85.292	-7.9912
4620.000000	85.155	-8.2859
4680.000000	85.051	-8.5121
4750.000000	84.946	-8.8415
4820.000000	84.849	-9.3605
4870.000000	84.772	-9.8988
4940.000000	84.627	-10.8774
5000.000000	84.449	-11.8317
5080.000000	84.120	-12.9956
5150.000000	83.759	-13.6672
5220.000000	83.353	-13.8815
5300.000000	82.867	-13.5548
5380.000000	82.380	-12.6675
5450.000000	81.965	-11.4695
5520.000000	81.566	-9.8909
5600.000000	81.144	-7.6335
5700.000000	80.694	-4.2284
5800.000000	80.351	-0.4182
5900.000000	80.110	3.5350
6000.000000	79.953	7.4701
6080.000000	79.876	10.5806
6150.000000	79.838	13.2801
6220.000000	79.828	15.9658
6300.000000	79.848	19.0186
6400.000000	79.923	22.7959
6500.000000	80.053	26.5141
6600.000000	80.239	30.1633
6700.000000	80.484	33.7101
6800.000000	80.790	37.1300
6900.000000	81.161	40.3988
7000.000000	81.602	43.4740
7100.000000	82.120	46.2940
7200.000000	82.724	48.7720
7300.000000	83.420	50.7908
7400.000000	84.215	52.1876
7500.000000	85.112	52.7279
7620.000000	86.308	51.7699
7750.000000	87.676	47.9784
7880.000000	88.911	40.5843
8000.000000	89.657	30.7473
8120.000000	89.802	19.4734
8250.000000	89.253	8.1214
8380.000000	88.185	-0.3140
8500.000000	87.011	-4.9806
8620.000000	85.853	-7.0701
8750.000000	84.727	-7.2107
8850.000000	83.980	-6.2777
9000.000000	83.053	-3.7657
9120.000000	82.470	-1.1266
9250.000000	81.984	2.1153
9380.000000	81.637	5.5848
9500.000000	81.430	8.8755
9620.000000	81.324	12.1591
9750.000000	81.312	15.6164
9880.000000	81.398	18.8984
10000.000000	81.555	21.7196
10150.000000	81.848	24.8877
10300.000000	82.234	27.5802
10440.000000	82.665	29.5835
10600.000000	83.226	31.1736
10750.000000	83.798	31.8899
10900.000000	84.388	31.7550
11060.000000	84.991	30.6111
11200.000000	85.454	28.8430
11380.000000	85.918	25.8638
11500.000000	86.142	23.6826
11720.000000	86.417	19.7467
11800.000000	86.494	18.3954
12060.000000	86.748	14.0522
12200.000000	86.906	11.4121
12410.000000	87.145	6.6010
12500.000000	87.236	4.1283
12650.000000	87.344	-0.6409
12800.000000	87.356	-6.2205
13150.000000	86.784	-21.3620
13200.000000	86.623	-23.5975
13400.000000	85.788	-32.2518
13600.000000	84.702	-40.0368
13800.000000	83.446	-46.6641
14000.000000	82.090	-52.0177
14300.000000	80.005	-57.6009
14500.000000	78.665	-59.7549
14750.000000	77.135	-60.8186
15000.000000	75.866	-60.4278
15250.000000	74.907	-59.3741
15500.000000	74.220	-58.3077
15750.000000	73.746	-57.6460
16000.000000	73.442	-57.6759
16250.000000	73.372	-59.5062
16500.000000	73.229	-66.7874
16750.000000	71.872	-77.9851
17000.000000	68.973	-84.8673
17250.000000	65.020	-81.4961
17500.000000	60.817	-61.2602
17750.000000	58.228	-21.1027
18000.000000	58.678	14.7441
18250.000000	60.363	32.6559
18500.000000	61.459	38.8098
18750.000000	61.330	42.9382
19000.000000	60.704	52.8607
19250.000000	60.429	65.7820
19500.000000	60.464	76.7618
19750.000000	60.511	84.5392
20000.000000	60.495	88.8192
