* Measurement data measured by REW V5.31.3
* Source: Microphone (JadeAudio JA11), MICROPHONE (Master Volume), L, volume: 0.250
* Format: 512k Log Swept Sine, 1 sweep at -14.9 dBFS with no timing reference
* Dated: May 16, 2025 9:49:24 PM
* REW Settings:
*  C-weighting compensation: Off
*  Target level: 75.0 dB
* Note: 
* Measurement: L Konoka (11, T300B)
* Smoothing: 1/24 octave
* Frequency Step: 1/48 octave
* Start Frequency: 20.300 Hz
*
* Freq(Hz)	SPL(dB)	Phase(degrees)
20.299999	88.940	9.4260
20.600000	88.950	9.0952
20.900000	88.960	8.7148
21.200001	88.969	8.3396
21.400000	88.974	8.0965
21.799999	88.982	7.6311
22.000000	88.983	7.4049
22.400000	88.978	6.9202
22.700001	88.969	6.5695
23.000000	88.959	6.2267
23.299999	88.949	5.8503
23.600000	88.939	5.4821
24.000000	88.928	5.0063
24.299999	88.920	4.6149
24.700001	88.907	4.1013
25.000000	88.896	3.7252
25.400000	88.882	3.1879
25.799999	88.869	2.6672
26.200001	88.859	2.1535
26.500000	88.853	1.7720
26.900000	88.847	1.2818
27.200001	88.843	0.9303
27.600000	88.838	0.4816
28.000000	88.832	0.0520
28.500000	88.826	-0.4522
29.000000	88.818	-0.9428
29.500000	88.807	-1.4103
30.000000	88.792	-1.8552
30.400000	88.778	-2.1946
30.700001	88.765	-2.4368
31.100000	88.748	-2.7494
31.500000	88.731	-3.0629
32.000000	88.708	-3.4425
32.500000	88.683	-3.8511
33.000000	88.656	-4.2588
33.500000	88.627	-4.6856
34.000000	88.597	-5.0961
34.500000	88.568	-5.5075
35.000000	88.541	-5.9124
35.500000	88.518	-6.3238
36.000000	88.496	-6.7230
36.500000	88.474	-7.0982
37.000000	88.451	-7.4508
37.500000	88.426	-7.7894
38.200001	88.390	-8.2641
38.700001	88.363	-8.5937
39.500000	88.322	-9.0901
40.000000	88.299	-9.3794
40.599998	88.273	-9.7240
41.200001	88.242	-10.0729
41.799999	88.203	-10.4382
42.500000	88.156	-10.8668
43.099998	88.119	-11.2187
43.700001	88.083	-11.5812
44.400002	88.037	-12.0334
45.000000	87.997	-12.4116
45.500000	87.966	-12.6873
46.200001	87.929	-13.0200
46.799999	87.896	-13.3053
47.500000	87.855	-13.6621
48.200001	87.810	-14.0101
48.700001	87.777	-14.2488
49.400002	87.729	-14.5941
50.000000	87.689	-14.9037
50.799999	87.638	-15.3108
51.500000	87.593	-15.6444
52.200001	87.547	-15.9682
53.000000	87.492	-16.3392
53.799999	87.436	-16.7108
54.500000	87.387	-17.0340
55.200001	87.336	-17.3601
56.000000	87.277	-17.7244
57.000000	87.202	-18.1759
58.000000	87.116	-18.6944
59.000000	87.066	-19.1265
60.000000	87.033	-19.4582
60.799999	86.950	-19.8391
61.500000	86.857	-20.2253
62.200001	86.781	-20.5813
63.000000	86.708	-20.9656
64.000000	86.609	-21.4754
65.000000	86.507	-21.9950
66.000000	86.397	-22.5258
67.000000	86.277	-23.0596
68.000000	86.146	-23.5808
69.000000	85.998	-24.0731
70.000000	85.835	-24.5031
71.000000	85.657	-24.8466
72.000000	85.472	-25.0470
73.000000	85.291	-25.0966
74.000000	85.113	-25.0677
75.000000	84.941	-24.9740
76.199997	84.741	-24.8381
77.500000	84.522	-24.7135
78.800003	84.292	-24.6322
80.000000	84.054	-24.3721
81.199997	83.839	-23.9312
82.500000	83.639	-23.6136
83.800003	83.503	-23.6018
85.000000	83.449	-24.8985
86.199997	83.310	-29.1195
87.500000	82.578	-37.6894
88.500000	81.400	-46.0186
90.000000	79.078	-18.2990
91.199997	79.765	43.5620
92.500000	82.761	46.8256
93.800003	85.598	39.7102
95.000000	86.741	28.6136
96.199997	87.293	20.7683
97.500000	87.795	14.6791
98.800003	88.166	9.7656
100.000000	88.367	6.1524
101.500000	88.464	2.8771
103.000000	88.434	0.5578
104.400002	88.338	-1.1133
106.000000	88.195	-2.6264
107.500000	88.048	-3.7176
109.000000	87.889	-4.6620
110.599998	87.733	-5.7000
112.000000	87.630	-6.5520
113.800003	87.538	-7.3483
115.000000	87.488	-7.6787
117.199997	87.385	-8.1289
118.000000	87.347	-8.3257
120.599998	87.269	-8.9759
122.000000	87.244	-9.1886
124.099998	87.206	-9.4143
125.000000	87.196	-9.5259
126.500000	87.195	-9.7132
128.000000	87.205	-9.8746
131.500000	87.252	-10.2755
132.000000	87.265	-10.3240
134.000000	87.332	-10.5242
136.000000	87.424	-10.8750
138.000000	87.534	-11.4063
140.000000	87.654	-12.2143
143.000000	87.828	-13.9748
145.000000	87.909	-15.4987
147.500000	87.941	-17.5944
150.000000	87.901	-19.5841
152.500000	87.822	-21.3412
155.000000	87.736	-22.8342
157.500000	87.669	-24.2624
160.000000	87.607	-25.9327
162.500000	87.502	-27.8281
165.000000	87.329	-29.5412
167.500000	87.150	-30.8283
170.000000	87.006	-32.0852
172.500000	86.856	-33.5738
175.000000	86.670	-35.1443
177.500000	86.462	-36.6912
180.000000	86.239	-38.3389
182.500000	85.953	-40.1771
185.000000	85.570	-41.8410
187.500000	85.113	-42.8996
190.000000	84.631	-43.2424
192.500000	84.162	-42.8787
195.000000	83.749	-41.9122
197.500000	83.421	-40.6379
200.000000	83.174	-39.2957
203.000000	82.962	-37.8610
206.000000	82.790	-36.8659
209.000000	82.604	-36.2833
212.000000	82.368	-35.8360
214.000000	82.187	-35.3008
218.000000	81.867	-33.4841
220.000000	81.758	-32.5675
224.000000	81.568	-31.1151
227.000000	81.411	-30.1542
230.000000	81.251	-29.0588
233.000000	81.095	-27.6648
236.000000	80.965	-26.0163
240.000000	80.882	-23.6013
243.000000	80.903	-21.9129
247.000000	81.014	-20.2468
250.000000	81.115	-19.5638
254.000000	81.214	-19.2510
258.000000	81.239	-19.3395
262.000000	81.179	-19.4374
265.000000	81.098	-19.2901
269.000000	80.993	-18.7804
272.000000	80.931	-18.3386
276.000000	80.854	-17.7904
280.000000	80.774	-17.2347
285.000000	80.674	-16.5379
290.000000	80.563	-15.8470
295.000000	80.441	-15.0462
300.000000	80.324	-14.1054
304.000000	80.239	-13.2968
307.000000	80.180	-12.6828
311.000000	80.101	-11.8785
315.000000	80.015	-11.0621
320.000000	79.896	-9.9270
325.000000	79.774	-8.5527
330.000000	79.662	-6.8797
335.000000	79.577	-4.8298
340.000000	79.558	-2.4017
345.000000	79.650	0.1890
350.000000	79.864	2.4975
355.000000	80.162	4.0483
360.000000	80.468	4.6497
365.000000	80.717	4.5346
370.000000	80.888	4.0756
375.000000	80.989	3.5614
382.000000	81.050	2.9915
387.000000	81.061	2.7282
395.000000	81.051	2.5461
400.000000	81.037	2.5423
406.000000	81.016	2.6067
412.000000	80.989	2.7224
418.000000	80.955	2.9149
425.000000	80.918	3.2623
431.000000	80.890	3.6326
437.000000	80.867	4.0382
444.000000	80.848	4.5313
450.000000	80.835	4.9606
455.000000	80.826	5.3177
462.000000	80.818	5.8214
468.000000	80.814	6.2597
475.000000	80.811	6.7739
482.000000	80.813	7.2826
487.000000	80.816	7.6371
494.000000	80.823	8.1255
500.000000	80.830	8.5370
508.000000	80.844	9.0739
515.000000	80.862	9.5262
522.000000	80.884	9.9507
530.000000	80.914	10.3745
538.000000	80.947	10.7159
545.000000	80.976	10.9282
552.000000	81.001	11.0401
560.000000	81.015	11.0342
570.000000	80.991	10.8649
580.000000	80.908	10.6934
590.000000	80.764	10.7369
600.000000	80.576	11.2255
608.000000	80.424	12.0527
615.000000	80.313	13.0568
622.000000	80.234	14.2265
630.000000	80.189	15.6458
640.000000	80.191	17.3328
650.000000	80.233	18.7883
660.000000	80.288	20.0302
670.000000	80.344	21.1222
680.000000	80.397	22.1452
690.000000	80.450	23.1239
700.000000	80.504	24.0685
710.000000	80.559	24.9742
720.000000	80.614	25.8471
730.000000	80.670	26.7042
740.000000	80.727	27.5465
750.000000	80.785	28.3766
762.000000	80.855	29.3605
775.000000	80.934	30.4117
788.000000	81.014	31.4561
800.000000	81.091	32.4172
812.000000	81.172	33.3653
825.000000	81.263	34.3864
838.000000	81.359	35.3997
850.000000	81.452	36.3214
862.000000	81.550	37.2311
875.000000	81.662	38.1958
885.000000	81.751	38.9187
900.000000	81.890	39.9726
912.000000	82.005	40.7869
925.000000	82.134	41.6352
938.000000	82.267	42.4504
950.000000	82.391	43.1782
962.000000	82.518	43.8851
975.000000	82.659	44.6259
988.000000	82.805	45.3383
1000.000000	82.945	45.9678
1015.000000	83.129	46.6753
1030.000000	83.308	47.2209
1044.000000	83.462	47.6969
1060.000000	83.630	48.2342
1075.000000	83.781	48.7818
1090.000000	83.939	49.3885
1106.000000	84.120	50.0175
1120.000000	84.287	50.5043
1138.000000	84.506	51.0317
1150.000000	84.651	51.3063
1172.000000	84.885	51.6416
1180.000000	84.955	51.8557
1206.000000	85.284	52.8863
1220.000000	85.474	52.9762
1241.000000	85.710	53.1254
1250.000000	85.809	53.2299
1265.000000	85.974	53.4122
1280.000000	86.141	53.5874
1315.000000	86.533	53.9371
1320.000000	86.589	53.9797
1340.000000	86.815	54.1326
1360.000000	87.043	54.2590
1380.000000	87.273	54.3563
1400.000000	87.504	54.4236
1430.000000	87.855	54.4649
1450.000000	88.093	54.4513
1475.000000	88.395	54.3769
1500.000000	88.704	54.2304
1525.000000	89.018	54.0068
1550.000000	89.339	53.6975
1575.000000	89.667	53.2910
1600.000000	90.000	52.7764
1625.000000	90.340	52.1381
1650.000000	90.684	51.3650
1675.000000	91.030	50.4436
1700.000000	91.378	49.3569
1725.000000	91.726	48.0909
1750.000000	92.070	46.6360
1775.000000	92.408	44.9777
1800.000000	92.735	43.1085
1825.000000	93.048	41.0191
1850.000000	93.341	38.7092
1875.000000	93.608	36.1876
1900.000000	93.844	33.4712
1925.000000	94.043	30.5852
1950.000000	94.202	27.5634
1975.000000	94.317	24.4407
2000.000000	94.386	21.2543
2030.000000	94.404	17.4128
2060.000000	94.354	13.6327
2090.000000	94.238	9.9991
2120.000000	94.064	6.5787
2140.000000	93.919	4.4418
2180.000000	93.573	0.5679
2200.000000	93.379	-1.1547
2240.000000	92.963	-4.1767
2270.000000	92.635	-6.0847
2300.000000	92.301	-7.7079
2330.000000	91.965	-9.0664
2360.000000	91.632	-10.1822
2400.000000	91.195	-11.3317
2430.000000	90.877	-11.9668
2470.000000	90.467	-12.5513
2500.000000	90.173	-12.8171
2540.000000	89.798	-12.9740
2580.000000	89.443	-12.9338
2620.000000	89.110	-12.7189
2650.000000	88.873	-12.4561
2690.000000	88.575	-11.9905
2720.000000	88.365	-11.5650
2760.000000	88.103	-10.9076
2800.000000	87.858	-10.1621
2850.000000	87.579	-9.1225
2900.000000	87.326	-7.9819
2950.000000	87.100	-6.7546
3000.000000	86.897	-5.4505
3040.000000	86.752	-4.3554
3070.000000	86.653	-3.5064
3110.000000	86.533	-2.3382
3150.000000	86.427	-1.1289
3200.000000	86.316	0.4496
3250.000000	86.232	2.1048
3300.000000	86.179	3.8291
3350.000000	86.167	5.5841
3400.000000	86.197	7.2861
3450.000000	86.264	8.8384
3500.000000	86.351	10.1890
3550.000000	86.444	11.3734
3600.000000	86.539	12.4690
3650.000000	86.637	13.5349
3700.000000	86.744	14.6008
3750.000000	86.865	15.6653
3820.000000	87.067	17.1232
3870.000000	87.237	18.1133
3950.000000	87.559	19.5424
4000.000000	87.792	20.2955
4060.000000	88.104	20.9986
4120.000000	88.446	21.4379
4180.000000	88.813	21.5727
4250.000000	89.268	21.2984
4310.000000	89.674	20.6516
4370.000000	90.089	19.5664
4440.000000	90.569	17.6638
4500.000000	90.958	15.4378
4550.000000	91.250	13.1602
4620.000000	91.584	9.3896
4680.000000	91.784	5.7272
4750.000000	91.900	1.1384
4820.000000	91.889	-3.5915
4870.000000	91.806	-6.9677
4940.000000	91.587	-11.6098
5000.000000	91.303	-15.4391
5080.000000	90.779	-20.1223
5150.000000	90.195	-23.5687
5220.000000	89.526	-26.1978
5300.000000	88.708	-28.1195
5380.000000	87.885	-28.9595
5450.000000	87.187	-28.9318
5520.000000	86.526	-28.3120
5600.000000	85.822	-27.0042
5700.000000	85.031	-24.6514
5800.000000	84.343	-21.6877
5900.000000	83.757	-18.2709
6000.000000	83.271	-14.5330
6080.000000	82.951	-11.3886
6150.000000	82.719	-8.5673
6220.000000	82.530	-5.7063
6300.000000	82.361	-2.4126
6400.000000	82.217	1.7153
6500.000000	82.142	5.8529
6600.000000	82.137	10.0042
6700.000000	82.206	14.1619
6800.000000	82.355	18.3056
6900.000000	82.591	22.3913
7000.000000	82.924	26.3567
7100.000000	83.362	30.1190
7200.000000	83.917	33.5698
7300.000000	84.601	36.5608
7400.000000	85.426	38.8883
7500.000000	86.404	40.2443
7620.000000	87.779	39.8923
7750.000000	89.419	35.7893
7880.000000	90.893	26.5026
8000.000000	91.644	13.6917
8120.000000	91.483	-0.5202
8250.000000	90.348	-13.4618
8380.000000	88.660	-21.4702
8500.000000	87.025	-24.6187
8620.000000	85.532	-24.8003
8750.000000	84.150	-22.8468
8850.000000	83.253	-20.3739
9000.000000	82.153	-15.6962
9120.000000	81.460	-11.4349
9250.000000	80.874	-6.5256
9380.000000	80.440	-1.4640
9500.000000	80.161	3.2417
9620.000000	79.987	7.9206
9750.000000	79.911	12.8996
9880.000000	79.943	17.7310
10000.000000	80.065	22.0108
10150.000000	80.337	27.0363
10300.000000	80.735	31.6161
10440.000000	81.216	35.3907
10600.000000	81.888	38.9481
10750.000000	82.628	41.3359
10900.000000	83.443	42.5495
11060.000000	84.335	42.3151
11200.000000	85.065	40.8001
11380.000000	85.845	37.4011
11500.000000	86.236	34.5716
11720.000000	86.697	29.1335
11800.000000	86.804	27.2699
12060.000000	87.091	21.7361
12200.000000	87.249	18.8060
12410.000000	87.518	14.0010
12500.000000	87.644	11.6275
12650.000000	87.843	7.0154
12800.000000	87.978	1.4476
13150.000000	87.670	-14.5046
13200.000000	87.531	-16.9113
13400.000000	86.731	-26.1843
13600.000000	85.604	-34.2468
13800.000000	84.259	-40.6313
14000.000000	82.797	-45.2115
14300.000000	80.571	-48.8514
14500.000000	79.163	-49.3512
14750.000000	77.593	-48.2164
15000.000000	76.325	-45.8091
15250.000000	75.410	-42.9800
15500.000000	74.867	-40.4784
15750.000000	74.746	-39.2016
16000.000000	75.144	-40.8930
16250.000000	75.993	-49.2819
16500.000000	76.292	-67.9649
16750.000000	74.548	-91.3428
17000.000000	70.718	-108.8388
17250.000000	65.651	-116.1477
17500.000000	59.978	-113.3774
17750.000000	53.947	-97.0764
18000.000000	49.297	-26.5876
18250.000000	50.300	29.3426
18500.000000	52.173	36.1351
18750.000000	52.242	39.3271
19000.000000	51.694	52.7449
19250.000000	52.083	71.7351
19500.000000	53.279	86.2718
19750.000000	54.538	94.8999
20000.000000	55.280	98.7070
