* Measurement data measured by REW V5.31.3
* Source: Microphone (JadeAudio JA11), MICROPHONE (Master Volume), L, volume: 0.250
* Format: 512k Log Swept Sine, 1 sweep at -14.9 dBFS with no timing reference
* Dated: May 16, 2025 10:17:59 PM
* REW Settings:
*  C-weighting compensation: Off
*  Target level: 75.0 dB
* Note: 
* Measurement: L Konoka (10, T300B)
* Smoothing: 1/24 octave
* Frequency Step: 1/48 octave
* Start Frequency: 20.300 Hz
*
* Freq(Hz)	SPL(dB)	Phase(degrees)
20.299999	90.010	9.5714
20.600000	90.020	9.2275
20.900000	90.030	8.8364
21.200001	90.038	8.4555
21.400000	90.043	8.2110
21.799999	90.050	7.7452
22.000000	90.051	7.5185
22.400000	90.048	7.0300
22.700001	90.043	6.6753
23.000000	90.037	6.3301
23.299999	90.030	5.9543
23.600000	90.023	5.5898
24.000000	90.013	5.1194
24.299999	90.004	4.7292
24.700001	89.989	4.2107
25.000000	89.978	3.8279
25.400000	89.964	3.2832
25.799999	89.952	2.7633
26.200001	89.943	2.2605
26.500000	89.938	1.8917
26.900000	89.932	1.4187
27.200001	89.929	1.0773
27.600000	89.926	0.6363
28.000000	89.922	0.2098
28.500000	89.918	-0.2893
29.000000	89.910	-0.7660
29.500000	89.898	-1.2110
30.000000	89.885	-1.6343
30.400000	89.874	-1.9645
30.700001	89.864	-2.2060
31.100000	89.850	-2.5243
31.500000	89.832	-2.8462
32.000000	89.806	-3.2312
32.500000	89.780	-3.6323
33.000000	89.755	-4.0187
33.500000	89.730	-4.4160
34.000000	89.705	-4.7979
34.500000	89.679	-5.1888
35.000000	89.656	-5.5838
35.500000	89.637	-5.9929
36.000000	89.620	-6.3913
36.500000	89.599	-6.7623
37.000000	89.575	-7.1057
37.500000	89.551	-7.4329
38.200001	89.522	-7.8939
38.700001	89.503	-8.2167
39.500000	89.466	-8.7059
40.000000	89.438	-8.9896
40.599998	89.403	-9.3162
41.200001	89.370	-9.6264
41.799999	89.338	-9.9440
42.500000	89.299	-10.3353
43.099998	89.265	-10.6631
43.700001	89.231	-10.9804
44.400002	89.191	-11.3624
45.000000	89.157	-11.7053
45.500000	89.130	-11.9708
46.200001	89.092	-12.2741
46.799999	89.061	-12.5037
47.500000	89.025	-12.7973
48.200001	88.988	-13.1040
48.700001	88.960	-13.3095
49.400002	88.923	-13.5885
50.000000	88.891	-13.8348
50.799999	88.848	-14.1652
51.500000	88.808	-14.4318
52.200001	88.767	-14.6900
53.000000	88.724	-14.9935
53.799999	88.681	-15.2857
54.500000	88.641	-15.5213
55.200001	88.603	-15.7649
56.000000	88.559	-16.0512
57.000000	88.498	-16.3543
58.000000	88.446	-16.6371
59.000000	88.368	-16.8943
60.000000	88.275	-17.1032
60.799999	88.247	-17.3369
61.500000	88.237	-17.5670
62.200001	88.211	-17.7620
63.000000	88.170	-17.9531
64.000000	88.119	-18.2042
65.000000	88.063	-18.4443
66.000000	88.007	-18.6619
67.000000	87.953	-18.8793
68.000000	87.899	-19.0965
69.000000	87.846	-19.2879
70.000000	87.792	-19.4627
71.000000	87.739	-19.6516
72.000000	87.687	-19.8310
73.000000	87.635	-19.9875
74.000000	87.582	-20.1550
75.000000	87.531	-20.3159
76.199997	87.471	-20.4816
77.500000	87.403	-20.6680
78.800003	87.336	-20.8397
80.000000	87.277	-20.9972
81.199997	87.219	-21.1459
82.500000	87.154	-21.3008
83.800003	87.090	-21.4439
85.000000	87.031	-21.5629
86.199997	86.970	-21.6700
87.500000	86.904	-21.7950
88.500000	86.849	-21.8949
90.000000	86.752	-21.9432
91.199997	86.682	-21.7223
92.500000	86.667	-21.5460
93.800003	86.655	-21.7676
95.000000	86.608	-22.0140
96.199997	86.550	-22.1791
97.500000	86.486	-22.2979
98.800003	86.427	-22.3793
100.000000	86.373	-22.4232
101.500000	86.307	-22.4713
103.000000	86.243	-22.5154
104.400002	86.183	-22.5486
106.000000	86.115	-22.5737
107.500000	86.053	-22.5851
109.000000	85.992	-22.5873
110.599998	85.928	-22.5894
112.000000	85.873	-22.5972
113.800003	85.802	-22.6002
115.000000	85.756	-22.5813
117.199997	85.673	-22.5449
118.000000	85.643	-22.5391
120.599998	85.547	-22.4965
122.000000	85.497	-22.4682
124.099998	85.422	-22.4173
125.000000	85.389	-22.3863
126.500000	85.336	-22.3324
128.000000	85.284	-22.2754
131.500000	85.163	-22.1658
132.000000	85.145	-22.1493
134.000000	85.077	-22.0795
136.000000	85.013	-21.9948
138.000000	84.951	-21.8634
140.000000	84.884	-21.7338
143.000000	84.789	-21.5790
145.000000	84.730	-21.4574
147.500000	84.654	-21.3004
150.000000	84.577	-21.1030
152.500000	84.506	-20.8820
155.000000	84.440	-20.6553
157.500000	84.375	-20.4344
160.000000	84.312	-20.2472
162.500000	84.248	-20.0409
165.000000	84.186	-19.8168
167.500000	84.127	-19.5678
170.000000	84.074	-19.3127
172.500000	84.027	-19.0978
175.000000	83.978	-18.9327
177.500000	83.923	-18.7891
180.000000	83.869	-18.6222
182.500000	83.820	-18.3045
185.000000	83.776	-17.9678
187.500000	83.739	-17.6974
190.000000	83.706	-17.4918
192.500000	83.670	-17.3341
195.000000	83.630	-17.1959
197.500000	83.587	-17.0432
200.000000	83.542	-16.8752
203.000000	83.487	-16.6516
206.000000	83.434	-16.4198
209.000000	83.383	-16.2045
212.000000	83.327	-15.8944
214.000000	83.293	-15.6831
218.000000	83.231	-15.3369
220.000000	83.199	-15.1786
224.000000	83.138	-14.8537
227.000000	83.089	-14.6065
230.000000	83.042	-14.3156
233.000000	82.999	-13.9907
236.000000	82.960	-13.6756
240.000000	82.913	-13.2903
243.000000	82.881	-13.0190
247.000000	82.837	-12.6787
250.000000	82.802	-12.4242
254.000000	82.755	-12.0917
258.000000	82.707	-11.7494
262.000000	82.660	-11.3861
265.000000	82.627	-11.1040
269.000000	82.583	-10.7296
272.000000	82.552	-10.4615
276.000000	82.512	-10.1145
280.000000	82.473	-9.7569
285.000000	82.426	-9.2930
290.000000	82.382	-8.8260
295.000000	82.340	-8.3686
300.000000	82.299	-7.9226
304.000000	82.266	-7.5549
307.000000	82.243	-7.2760
311.000000	82.211	-6.9062
315.000000	82.181	-6.5357
320.000000	82.144	-6.0786
325.000000	82.110	-5.6298
330.000000	82.079	-5.1753
335.000000	82.047	-4.7211
340.000000	82.017	-4.2818
345.000000	81.989	-3.8421
350.000000	81.963	-3.3986
355.000000	81.939	-2.9589
360.000000	81.914	-2.5120
365.000000	81.890	-2.0683
370.000000	81.866	-1.6225
375.000000	81.843	-1.1794
382.000000	81.814	-0.5639
387.000000	81.795	-0.1231
395.000000	81.769	0.5602
400.000000	81.753	0.9813
406.000000	81.734	1.4901
412.000000	81.716	2.0205
418.000000	81.700	2.5475
425.000000	81.684	3.1300
431.000000	81.669	3.6255
437.000000	81.656	4.1238
444.000000	81.643	4.6981
450.000000	81.632	5.1878
455.000000	81.624	5.5954
462.000000	81.612	6.1644
468.000000	81.604	6.6507
475.000000	81.595	7.2240
482.000000	81.587	7.7889
487.000000	81.582	8.1895
494.000000	81.576	8.7494
500.000000	81.572	9.2294
508.000000	81.568	9.8717
515.000000	81.566	10.4266
522.000000	81.565	10.9767
530.000000	81.566	11.6086
538.000000	81.568	12.2335
545.000000	81.570	12.7818
552.000000	81.573	13.3335
560.000000	81.577	13.9624
570.000000	81.584	14.7478
580.000000	81.592	15.5273
590.000000	81.603	16.3042
600.000000	81.616	17.0743
608.000000	81.627	17.6911
615.000000	81.638	18.2314
622.000000	81.651	18.7703
630.000000	81.666	19.3884
640.000000	81.685	20.1603
650.000000	81.708	20.9277
660.000000	81.732	21.6912
670.000000	81.757	22.4574
680.000000	81.784	23.2240
690.000000	81.814	23.9852
700.000000	81.847	24.7490
710.000000	81.882	25.5125
720.000000	81.918	26.2695
730.000000	81.956	27.0275
740.000000	81.996	27.7815
750.000000	82.038	28.5377
762.000000	82.091	29.4493
775.000000	82.150	30.4367
788.000000	82.214	31.4303
800.000000	82.277	32.3564
812.000000	82.344	33.2808
825.000000	82.423	34.2852
838.000000	82.508	35.2877
850.000000	82.593	36.2032
862.000000	82.684	37.1073
875.000000	82.787	38.0689
885.000000	82.872	38.7905
900.000000	83.005	39.8460
912.000000	83.115	40.6631
925.000000	83.239	41.5158
938.000000	83.367	42.3364
950.000000	83.488	43.0672
962.000000	83.613	43.7702
975.000000	83.750	44.4994
988.000000	83.891	45.1989
1000.000000	84.023	45.8150
1015.000000	84.191	46.5427
1030.000000	84.362	47.2266
1044.000000	84.523	47.8286
1060.000000	84.708	48.4694
1075.000000	84.883	49.0236
1090.000000	85.057	49.5319
1106.000000	85.244	50.0295
1120.000000	85.406	50.4298
1138.000000	85.615	50.9033
1150.000000	85.754	51.1958
1172.000000	86.008	51.6786
1180.000000	86.101	51.8355
1206.000000	86.396	52.2990
1220.000000	86.555	52.5293
1241.000000	86.793	52.8305
1250.000000	86.894	52.9460
1265.000000	87.062	53.1255
1280.000000	87.230	53.2918
1315.000000	87.621	53.6150
1320.000000	87.677	53.6541
1340.000000	87.902	53.7946
1360.000000	88.129	53.9075
1380.000000	88.357	53.9922
1400.000000	88.588	54.0498
1430.000000	88.938	54.0772
1450.000000	89.177	54.0511
1475.000000	89.479	53.9656
1500.000000	89.786	53.8119
1525.000000	90.100	53.5786
1550.000000	90.421	53.2626
1575.000000	90.747	52.8459
1600.000000	91.080	52.3217
1625.000000	91.418	51.6768
1650.000000	91.762	50.8941
1675.000000	92.108	49.9630
1700.000000	92.456	48.8707
1725.000000	92.803	47.5961
1750.000000	93.147	46.1298
1775.000000	93.484	44.4627
1800.000000	93.811	42.5870
1825.000000	94.123	40.4877
1850.000000	94.414	38.1680
1875.000000	94.680	35.6404
1900.000000	94.915	32.9139
1925.000000	95.111	30.0153
1950.000000	95.266	26.9886
1975.000000	95.377	23.8736
2000.000000	95.441	20.7099
2030.000000	95.457	16.9157
2060.000000	95.410	13.1887
2090.000000	95.299	9.5877
2120.000000	95.132	6.1776
2140.000000	94.992	4.0428
2180.000000	94.656	0.1631
2200.000000	94.466	-1.5689
2240.000000	94.055	-4.6183
2270.000000	93.731	-6.5465
2300.000000	93.399	-8.1900
2330.000000	93.064	-9.5684
2360.000000	92.730	-10.7016
2400.000000	92.294	-11.8692
2430.000000	91.975	-12.5160
2470.000000	91.566	-13.1113
2500.000000	91.272	-13.3820
2540.000000	90.898	-13.5416
2580.000000	90.544	-13.5016
2620.000000	90.212	-13.2868
2650.000000	89.977	-13.0264
2690.000000	89.681	-12.5656
2720.000000	89.472	-12.1452
2760.000000	89.211	-11.4970
2800.000000	88.968	-10.7616
2850.000000	88.690	-9.7348
2900.000000	88.439	-8.6067
2950.000000	88.212	-7.3933
3000.000000	88.010	-6.1062
3040.000000	87.865	-5.0276
3070.000000	87.766	-4.1922
3110.000000	87.645	-3.0425
3150.000000	87.538	-1.8527
3200.000000	87.426	-0.3022
3250.000000	87.338	1.3229
3300.000000	87.280	3.0211
3350.000000	87.260	4.7615
3400.000000	87.283	6.4657
3450.000000	87.343	8.0362
3500.000000	87.426	9.4112
3550.000000	87.518	10.6116
3600.000000	87.612	11.7139
3650.000000	87.709	12.7801
3700.000000	87.814	13.8383
3750.000000	87.933	14.8863
3820.000000	88.130	16.3180
3870.000000	88.294	17.2903
3950.000000	88.605	18.6998
4000.000000	88.830	19.4528
4060.000000	89.132	20.1673
4120.000000	89.464	20.6236
4180.000000	89.821	20.7858
4250.000000	90.265	20.5635
4310.000000	90.664	19.9689
4370.000000	91.075	18.9424
4440.000000	91.554	17.1142
4500.000000	91.945	14.9347
4550.000000	92.240	12.6763
4620.000000	92.579	8.9151
4680.000000	92.782	5.2502
4750.000000	92.902	0.6343
4820.000000	92.894	-4.1508
4870.000000	92.813	-7.5770
4940.000000	92.595	-12.3030
5000.000000	92.306	-16.2166
5080.000000	91.770	-21.0117
5150.000000	91.173	-24.5301
5220.000000	90.488	-27.2140
5300.000000	89.649	-29.1893
5380.000000	88.802	-30.0593
5450.000000	88.083	-30.0290
5520.000000	87.399	-29.3755
5600.000000	86.672	-27.9861
5700.000000	85.863	-25.4865
5800.000000	85.170	-22.3870
5900.000000	84.587	-18.8983
6000.000000	84.105	-15.1635
6080.000000	83.784	-12.0526
6150.000000	83.546	-9.2653
6220.000000	83.347	-6.4297
6300.000000	83.165	-3.1383
6400.000000	83.004	1.0347
6500.000000	82.917	5.2544
6600.000000	82.905	9.5052
6700.000000	82.974	13.7581
6800.000000	83.125	17.9677
6900.000000	83.365	22.0929
7000.000000	83.700	26.0830
7100.000000	84.138	29.8615
7200.000000	84.688	33.3296
7300.000000	85.363	36.3600
7400.000000	86.177	38.7581
7500.000000	87.144	40.2290
7620.000000	88.504	40.1185
7750.000000	90.144	36.4424
7880.000000	91.662	27.6689
8000.000000	92.503	15.2035
8120.000000	92.455	0.9857
8250.000000	91.413	-12.3737
8380.000000	89.766	-20.9234
8500.000000	88.134	-24.4622
8620.000000	86.630	-24.8940
8750.000000	85.234	-23.1078
8850.000000	84.328	-20.7246
9000.000000	83.217	-16.1474
9120.000000	82.515	-11.9525
9250.000000	81.916	-7.1007
9380.000000	81.467	-2.0688
9500.000000	81.175	2.6441
9620.000000	80.990	7.3504
9750.000000	80.903	12.3689
9880.000000	80.926	17.2446
10000.000000	81.039	21.5665
10150.000000	81.300	26.6474
10300.000000	81.688	31.2826
10440.000000	82.162	35.1073
10600.000000	82.830	38.7122
10750.000000	83.567	41.1179
10900.000000	84.381	42.3118
11060.000000	85.265	42.0163
11200.000000	85.983	40.4309
11380.000000	86.739	36.9338
11500.000000	87.112	34.0568
11720.000000	87.541	28.5858
11800.000000	87.639	26.7182
12060.000000	87.896	21.1395
12200.000000	88.040	18.1581
12410.000000	88.290	13.2570
12500.000000	88.408	10.8303
12650.000000	88.591	6.1059
12800.000000	88.705	0.4028
13150.000000	88.320	-15.7488
13200.000000	88.167	-18.1564
13400.000000	87.316	-27.3443
13600.000000	86.147	-35.1978
13800.000000	84.776	-41.3022
14000.000000	83.309	-45.5499
14300.000000	81.110	-48.6723
14500.000000	79.742	-48.8889
14750.000000	78.227	-47.6110
15000.000000	76.987	-45.2114
15250.000000	76.058	-42.3316
15500.000000	75.474	-39.5959
15750.000000	75.306	-37.8531
16000.000000	75.682	-38.9343
16250.000000	76.549	-46.9608
16500.000000	76.834	-65.7548
16750.000000	75.032	-89.3457
17000.000000	71.115	-107.2016
17250.000000	65.902	-115.1222
17500.000000	59.981	-113.3609
17750.000000	53.570	-98.0216
18000.000000	49.022	0.8325
18250.000000	50.630	42.3358
18500.000000	52.327	44.8618
18750.000000	52.086	47.7448
19000.000000	51.415	62.9957
19250.000000	51.962	82.6472
19500.000000	53.322	95.7834
19750.000000	54.656	102.6181
20000.000000	55.427	105.1035
