* Measurement data measured by REW V5.31.3
* Source: Microphone (JadeAudio JA11), MICROPHONE (Master Volume), L, volume: 0.250
* Format: 512k Log Swept Sine, 1 sweep at -14.9 dBFS with no timing reference
* Dated: May 21, 2025 7:58:29 PM
* REW Settings:
*  C-weighting compensation: Off
*  Target level: 75.0 dB
* Note: 
* Measurement: L Konoka (11, T300B, AT, G)
* Smoothing: 1/24 octave
* Frequency Step: 1/48 octave
* Start Frequency: 20.300 Hz
*
* Freq(Hz)	SPL(dB)	Phase(degrees)
20.299999	88.953	9.2989
20.600000	88.965	8.9362
20.900000	88.976	8.5241
21.200001	88.986	8.1261
21.400000	88.992	7.8747
21.799999	89.000	7.4089
22.000000	89.001	7.1886
22.400000	88.995	6.7206
22.700001	88.987	6.3816
23.000000	88.979	6.0463
23.299999	88.969	5.6722
23.600000	88.961	5.3014
24.000000	88.949	4.8181
24.299999	88.939	4.4218
24.700001	88.924	3.9077
25.000000	88.912	3.5378
25.400000	88.899	3.0166
25.799999	88.887	2.5159
26.200001	88.879	2.0189
26.500000	88.873	1.6450
26.900000	88.865	1.1577
27.200001	88.859	0.8049
27.600000	88.852	0.3540
28.000000	88.846	-0.0747
28.500000	88.839	-0.5710
29.000000	88.833	-1.0490
29.500000	88.822	-1.5046
30.000000	88.809	-1.9426
30.400000	88.797	-2.2816
30.700001	88.787	-2.5273
31.100000	88.772	-2.8500
31.500000	88.755	-3.1790
32.000000	88.731	-3.5780
32.500000	88.705	-3.9919
33.000000	88.676	-4.3824
33.500000	88.647	-4.7805
34.000000	88.618	-5.1736
34.500000	88.592	-5.5889
35.000000	88.569	-6.0033
35.500000	88.547	-6.4061
36.000000	88.525	-6.7755
36.500000	88.503	-7.1225
37.000000	88.481	-7.4719
37.500000	88.459	-7.8338
38.200001	88.427	-8.3484
38.700001	88.401	-8.6902
39.500000	88.358	-9.1827
40.000000	88.332	-9.4645
40.599998	88.298	-9.7949
41.200001	88.263	-10.1248
41.799999	88.227	-10.4806
42.500000	88.184	-10.9217
43.099998	88.148	-11.2805
43.700001	88.111	-11.6175
44.400002	88.069	-12.0174
45.000000	88.031	-12.3782
45.500000	87.999	-12.6664
46.200001	87.956	-13.0187
46.799999	87.923	-13.2966
47.500000	87.886	-13.6363
48.200001	87.845	-13.9847
48.700001	87.813	-14.2285
49.400002	87.767	-14.5713
50.000000	87.728	-14.8674
50.799999	87.679	-15.2471
51.500000	87.636	-15.5514
52.200001	87.591	-15.8498
53.000000	87.536	-16.2066
53.799999	87.485	-16.5629
54.500000	87.442	-16.8618
55.200001	87.396	-17.1731
56.000000	87.336	-17.5246
57.000000	87.264	-17.9125
58.000000	87.194	-18.3647
59.000000	87.120	-18.6342
60.000000	87.053	-18.7830
60.799999	86.997	-19.2385
61.500000	86.944	-19.7480
62.200001	86.892	-20.1422
63.000000	86.831	-20.5041
64.000000	86.752	-20.9916
65.000000	86.669	-21.4448
66.000000	86.583	-21.8996
67.000000	86.492	-22.3886
68.000000	86.395	-22.9014
69.000000	86.294	-23.4494
70.000000	86.188	-24.0234
71.000000	86.074	-24.6429
72.000000	85.942	-25.3148
73.000000	85.785	-26.0215
74.000000	85.596	-26.7104
75.000000	85.373	-27.2723
76.199997	85.080	-27.7187
77.500000	84.743	-27.8978
78.800003	84.395	-27.8609
80.000000	84.021	-27.6195
81.199997	83.605	-26.8212
82.500000	83.139	-25.0149
83.800003	82.816	-21.4820
85.000000	82.885	-18.2660
86.199997	83.209	-17.9860
87.500000	83.272	-22.7183
88.500000	82.819	-28.4812
90.000000	81.491	-17.5631
91.199997	82.111	18.6675
92.500000	83.163	21.6614
93.800003	84.784	26.3444
95.000000	86.309	21.4056
96.199997	87.021	14.3948
97.500000	87.502	8.8042
98.800003	87.837	4.3859
100.000000	88.018	0.9156
101.500000	88.070	-2.6177
103.000000	87.988	-5.4209
104.400002	87.841	-7.5491
106.000000	87.642	-9.5457
107.500000	87.453	-10.9939
109.000000	87.264	-12.1256
110.599998	87.077	-13.1398
112.000000	86.942	-13.8360
113.800003	86.796	-14.3570
115.000000	86.699	-14.5032
117.199997	86.509	-14.6596
118.000000	86.444	-14.7512
120.599998	86.282	-14.9975
122.000000	86.209	-14.9550
124.099998	86.097	-14.8418
125.000000	86.053	-14.8233
126.500000	85.997	-14.7865
128.000000	85.952	-14.6516
131.500000	85.850	-14.2931
132.000000	85.841	-14.2372
134.000000	85.809	-13.9198
136.000000	85.782	-13.6355
138.000000	85.780	-13.3050
140.000000	85.782	-12.9375
143.000000	85.823	-12.4135
145.000000	85.869	-12.0947
147.500000	85.953	-11.6621
150.000000	86.068	-11.2319
152.500000	86.234	-10.8002
155.000000	86.479	-10.4996
157.500000	86.807	-10.6773
160.000000	87.185	-11.8016
162.500000	87.523	-14.0666
165.000000	87.720	-17.0682
167.500000	87.774	-19.9890
170.000000	87.787	-22.4614
172.500000	87.831	-24.9988
175.000000	87.859	-28.1964
177.500000	87.780	-31.9709
180.000000	87.566	-35.9351
182.500000	87.203	-39.8943
185.000000	86.660	-43.3801
187.500000	85.976	-45.7952
190.000000	85.235	-46.8657
192.500000	84.518	-46.6922
195.000000	83.865	-45.3835
197.500000	83.333	-43.0869
200.000000	82.970	-40.4033
203.000000	82.718	-37.5811
206.000000	82.573	-35.4091
209.000000	82.475	-33.7275
212.000000	82.411	-32.4019
214.000000	82.385	-31.7364
218.000000	82.330	-31.0899
220.000000	82.279	-31.0431
224.000000	82.106	-31.1307
227.000000	81.917	-31.0628
230.000000	81.686	-30.6723
233.000000	81.438	-29.8536
236.000000	81.214	-28.5918
240.000000	81.007	-26.4451
243.000000	80.927	-24.7779
247.000000	80.895	-22.8554
250.000000	80.901	-21.7531
254.000000	80.913	-20.6456
258.000000	80.908	-19.7375
262.000000	80.888	-18.8448
265.000000	80.868	-18.1434
269.000000	80.849	-17.2023
272.000000	80.844	-16.5225
276.000000	80.848	-15.6930
280.000000	80.859	-14.9729
285.000000	80.885	-14.2074
290.000000	80.918	-13.6491
295.000000	80.941	-13.3364
300.000000	80.934	-13.2613
304.000000	80.892	-13.2947
307.000000	80.837	-13.3151
311.000000	80.738	-13.2562
315.000000	80.616	-13.0300
320.000000	80.449	-12.4723
325.000000	80.282	-11.5890
330.000000	80.132	-10.4282
335.000000	80.010	-9.0838
340.000000	79.910	-7.6317
345.000000	79.827	-5.9872
350.000000	79.779	-4.0768
355.000000	79.797	-1.9532
360.000000	79.905	0.1594
365.000000	80.101	1.9347
370.000000	80.342	3.0533
375.000000	80.574	3.4737
382.000000	80.813	3.3002
387.000000	80.914	2.9623
395.000000	80.988	2.4604
400.000000	80.999	2.2439
406.000000	80.991	2.0913
412.000000	80.972	2.0606
418.000000	80.946	2.1308
425.000000	80.912	2.3212
431.000000	80.880	2.5420
437.000000	80.846	2.8168
444.000000	80.809	3.2262
450.000000	80.783	3.6383
455.000000	80.767	3.9987
462.000000	80.751	4.5016
468.000000	80.740	4.9353
475.000000	80.730	5.4395
482.000000	80.723	5.9375
487.000000	80.719	6.2895
494.000000	80.714	6.7837
500.000000	80.710	7.2091
508.000000	80.707	7.7771
515.000000	80.705	8.2737
522.000000	80.705	8.7698
530.000000	80.706	9.3345
538.000000	80.708	9.9028
545.000000	80.713	10.4034
552.000000	80.720	10.9020
560.000000	80.730	11.4609
570.000000	80.747	12.1258
580.000000	80.766	12.7600
590.000000	80.785	13.3649
600.000000	80.804	13.9268
608.000000	80.819	14.3208
615.000000	80.826	14.6119
622.000000	80.823	14.8683
630.000000	80.803	15.1653
640.000000	80.752	15.6544
650.000000	80.688	16.4004
660.000000	80.638	17.4100
670.000000	80.620	18.5376
680.000000	80.627	19.6740
690.000000	80.657	20.7809
700.000000	80.703	21.8159
710.000000	80.756	22.7645
720.000000	80.813	23.6528
730.000000	80.871	24.5003
740.000000	80.930	25.3175
750.000000	80.989	26.1135
762.000000	81.061	27.0510
775.000000	81.143	28.0529
788.000000	81.228	29.0488
800.000000	81.311	29.9600
812.000000	81.399	30.8555
825.000000	81.501	31.8042
838.000000	81.608	32.7268
850.000000	81.710	33.5522
862.000000	81.816	34.3554
875.000000	81.934	35.1999
885.000000	82.027	35.8311
900.000000	82.172	36.7455
912.000000	82.291	37.4482
925.000000	82.423	38.1793
938.000000	82.558	38.8817
950.000000	82.686	39.5042
962.000000	82.816	40.0990
975.000000	82.959	40.7155
988.000000	83.106	41.3044
1000.000000	83.246	41.8177
1015.000000	83.426	42.3848
1030.000000	83.600	42.8637
1044.000000	83.761	43.3235
1060.000000	83.951	43.7997
1075.000000	84.132	44.1740
1090.000000	84.311	44.4819
1106.000000	84.498	44.7518
1120.000000	84.656	44.9579
1138.000000	84.855	45.1995
1150.000000	84.985	45.3312
1172.000000	85.197	45.5229
1180.000000	85.263	45.6936
1206.000000	85.604	46.7048
1220.000000	85.818	46.5990
1241.000000	86.061	46.3623
1250.000000	86.159	46.3287
1265.000000	86.324	46.2945
1280.000000	86.492	46.2501
1315.000000	86.883	46.0418
1320.000000	86.938	46.0007
1340.000000	87.160	45.8102
1360.000000	87.381	45.5777
1380.000000	87.603	45.3029
1400.000000	87.824	44.9850
1430.000000	88.154	44.4215
1450.000000	88.375	43.9821
1475.000000	88.650	43.3560
1500.000000	88.924	42.6411
1525.000000	89.196	41.8272
1550.000000	89.466	40.9088
1575.000000	89.734	39.8803
1600.000000	89.997	38.7353
1625.000000	90.254	37.4681
1650.000000	90.503	36.0772
1675.000000	90.741	34.5588
1700.000000	90.966	32.9121
1725.000000	91.175	31.1411
1750.000000	91.366	29.2504
1775.000000	91.537	27.2472
1800.000000	91.684	25.1490
1825.000000	91.806	22.9699
1850.000000	91.902	20.7283
1875.000000	91.968	18.4497
1900.000000	92.005	16.1584
1925.000000	92.012	13.8780
1950.000000	91.991	11.6347
1975.000000	91.942	9.4487
2000.000000	91.869	7.3369
2030.000000	91.751	4.9258
2060.000000	91.606	2.6597
2090.000000	91.434	0.5528
2120.000000	91.241	-1.3750
2140.000000	91.102	-2.5552
2180.000000	90.807	-4.6616
2200.000000	90.654	-5.5915
2240.000000	90.341	-7.2267
2270.000000	90.103	-8.2610
2300.000000	89.864	-9.1396
2330.000000	89.627	-9.8705
2360.000000	89.392	-10.4661
2400.000000	89.086	-11.0669
2430.000000	88.864	-11.3840
2470.000000	88.578	-11.6495
2500.000000	88.372	-11.7441
2540.000000	88.111	-11.7493
2580.000000	87.864	-11.6318
2620.000000	87.631	-11.4057
2650.000000	87.465	-11.1724
2690.000000	87.256	-10.7879
2720.000000	87.108	-10.4520
2760.000000	86.923	-9.9473
2800.000000	86.750	-9.3812
2850.000000	86.552	-8.5966
2900.000000	86.375	-7.7389
2950.000000	86.217	-6.8157
3000.000000	86.077	-5.8308
3040.000000	85.978	-4.9998
3070.000000	85.912	-4.3514
3110.000000	85.833	-3.4499
3150.000000	85.770	-2.5046
3200.000000	85.715	-1.2563
3250.000000	85.696	0.0379
3300.000000	85.718	1.3003
3350.000000	85.781	2.4145
3400.000000	85.868	3.2859
3450.000000	85.960	3.9173
3500.000000	86.045	4.3851
3550.000000	86.122	4.7729
3600.000000	86.196	5.1279
3650.000000	86.272	5.4606
3700.000000	86.355	5.7633
3750.000000	86.445	6.0215
3820.000000	86.583	6.2858
3870.000000	86.690	6.3841
3950.000000	86.877	6.3583
4000.000000	87.001	6.2133
4060.000000	87.156	5.8825
4120.000000	87.314	5.3604
4180.000000	87.471	4.6289
4250.000000	87.646	3.4849
4310.000000	87.779	2.2421
4370.000000	87.888	0.7654
4440.000000	87.970	-1.1962
4500.000000	87.996	-3.0145
4550.000000	87.987	-4.5817
4620.000000	87.928	-6.7996
4680.000000	87.839	-8.6981
4750.000000	87.691	-10.9007
4820.000000	87.492	-13.0769
4870.000000	87.315	-14.5916
4940.000000	87.014	-16.5969
5000.000000	86.705	-18.1387
5080.000000	86.229	-19.8058
5150.000000	85.763	-20.7989
5220.000000	85.272	-21.3062
5300.000000	84.698	-21.2858
5380.000000	84.134	-20.6440
5450.000000	83.662	-19.6160
5520.000000	83.223	-18.2205
5600.000000	82.769	-16.2724
5700.000000	82.273	-13.4570
5800.000000	81.850	-10.3147
5900.000000	81.501	-6.9043
6000.000000	81.228	-3.2880
6080.000000	81.065	-0.2994
6150.000000	80.963	2.3490
6220.000000	80.896	5.0071
6300.000000	80.860	8.0389
6400.000000	80.873	11.7958
6500.000000	80.947	15.5106
6600.000000	81.085	19.1744
6700.000000	81.288	22.7689
6800.000000	81.562	26.2708
6900.000000	81.913	29.6465
7000.000000	82.351	32.8503
7100.000000	82.885	35.7992
7200.000000	83.527	38.3642
7300.000000	84.287	40.3764
7400.000000	85.173	41.6070
7500.000000	86.185	41.7312
7620.000000	87.542	39.7573
7750.000000	89.055	33.9725
7880.000000	90.295	23.6827
8000.000000	90.829	11.0171
8120.000000	90.575	-2.2587
8250.000000	89.526	-14.2605
8380.000000	88.041	-22.1635
8500.000000	86.599	-25.9890
8620.000000	85.256	-27.3236
8750.000000	83.981	-26.8906
8850.000000	83.134	-25.6864
9000.000000	82.066	-23.0180
9120.000000	81.366	-20.4523
9250.000000	80.738	-17.4613
9380.000000	80.225	-14.3843
9500.000000	79.839	-11.5445
9620.000000	79.523	-8.7572
9750.000000	79.247	-5.8360
9880.000000	79.029	-3.0330
10000.000000	78.871	-0.5649
10150.000000	78.719	2.3633
10300.000000	78.609	5.1478
10440.000000	78.537	7.6569
10600.000000	78.492	10.4829
10750.000000	78.495	13.1441
10900.000000	78.561	15.7844
11060.000000	78.712	18.4011
11200.000000	78.903	20.3354
11380.000000	79.195	22.2336
11500.000000	79.403	23.1690
11720.000000	79.805	24.3528
11800.000000	79.962	24.6309
12060.000000	80.538	24.7978
12200.000000	80.887	24.2134
12410.000000	81.425	22.1718
12500.000000	81.648	20.8216
12650.000000	81.987	17.8959
12800.000000	82.258	14.1385
13150.000000	82.461	2.7535
13200.000000	82.431	0.9183
13400.000000	82.149	-6.6830
13600.000000	81.605	-14.3701
13800.000000	80.811	-21.7034
14000.000000	79.797	-28.2465
14300.000000	77.992	-35.8568
14500.000000	76.716	-39.2386
14750.000000	75.194	-41.8456
15000.000000	73.852	-43.4238
15250.000000	72.717	-44.7820
15500.000000	71.788	-46.7020
15750.000000	71.001	-50.1282
16000.000000	70.205	-55.6201
16250.000000	69.424	-63.5986
16500.000000	68.486	-78.3178
16750.000000	65.825	-98.0794
17000.000000	60.817	-111.8636
17250.000000	54.065	-104.1543
17500.000000	49.430	24.0233
17750.000000	50.940	39.7925
18000.000000	52.875	48.9917
18250.000000	54.573	58.4717
18500.000000	56.279	63.6882
18750.000000	57.315	62.3082
19000.000000	57.418	60.2025
19250.000000	57.088	60.8151
19500.000000	56.753	62.8366
19750.000000	56.544	64.2107
20000.000000	56.466	64.2466
