* Measurement data measured by REW V5.31.3
* Source: Microphone (JadeAudio JA11), MICROPHONE (Master Volume), R, volume: 0.250
* Format: 512k Log Swept Sine, 1 sweep at -13.3 dBFS with no timing reference
* Dated: Jun 15, 2025 6:16:22 PM
* REW Settings:
*  C-weighting compensation: Off
*  Target level: 75.0 dB
* Note: 
* Measurement: L Daiso 7301
* Smoothing: 1/24 octave
* Frequency Step: 96 ppo
* Start Frequency: 20.141602 Hz
*
* Freq(Hz) SPL(dB) Phase(degrees)
20.141602 91.772 -159.1969
20.287556 91.793 -159.3063
20.434568 91.821 -159.5543
20.582645 91.851 -159.8650
20.731796 91.878 -160.1988
20.882027 91.900 -160.5307
21.033346 91.915 -160.8463
21.185763 91.924 -161.1378
21.339284 91.927 -161.3923
21.493917 91.924 -161.6080
21.649671 91.917 -161.7876
21.806553 91.908 -161.9376
21.964572 91.899 -162.0710
22.123737 91.892 -162.2196
22.284054 91.889 -162.3857
22.445534 91.892 -162.5788
22.608183 91.901 -162.8076
22.772012 91.917 -163.0769
22.937027 91.939 -163.3851
23.103238 91.963 -163.7437
23.270654 91.989 -164.1335
23.439282 92.013 -164.5260
23.609133 92.031 -164.9056
23.780215 92.043 -165.2592
23.952536 92.048 -165.5763
24.126106 92.044 -165.8766
24.300934 92.034 -166.1472
24.477028 92.020 -166.3859
24.654399 92.006 -166.6040
24.833055 91.994 -166.8127
25.013005 91.987 -167.0264
25.194260 91.988 -167.2729
25.376828 91.997 -167.5353
25.560719 92.013 -167.8126
25.745942 92.033 -168.0995
25.932508 92.055 -168.3889
26.120426 92.076 -168.6794
26.309705 92.093 -168.9633
26.500356 92.105 -169.2348
26.692388 92.111 -169.4968
26.885812 92.113 -169.7560
27.080638 92.112 -170.0197
27.276876 92.111 -170.2954
27.474535 92.111 -170.5883
27.673627 92.114 -170.8971
27.874161 92.120 -171.2137
28.076149 92.128 -171.5226
28.279600 92.136 -171.8055
28.484526 92.142 -172.0540
28.690937 92.144 -172.2589
28.898843 92.143 -172.4202
29.108256 92.138 -172.5453
29.319186 92.133 -172.6529
29.531645 92.129 -172.7690
29.745644 92.129 -172.9185
29.961193 92.134 -173.1192
30.178304 92.145 -173.3815
30.396989 92.161 -173.6991
30.617258 92.179 -174.0551
30.839123 92.195 -174.4252
31.062596 92.209 -174.7881
31.287688 92.216 -175.1271
31.514412 92.218 -175.4245
31.742778 92.215 -175.6802
31.972800 92.209 -175.9054
32.204488 92.202 -176.1317
32.437855 92.196 -176.3631
32.672913 92.191 -176.6092
32.909674 92.187 -176.8738
33.148151 92.184 -177.1630
33.388356 92.179 -177.4618
33.630302 92.174 -177.7513
33.874001 92.166 -178.0222
34.119466 92.159 -178.2784
34.366710 92.152 -178.5245
34.615745 92.147 -178.7630
34.866585 92.144 -179.0041
35.119243 92.144 -179.2584
35.373731 92.143 -179.5288
35.630064 92.142 -179.8082
35.888254 92.139 179.9099
36.148315 92.134 179.6324
36.410261 92.127 179.3647
36.674104 92.119 179.1087
36.939860 92.113 178.8626
37.207542 92.110 178.6255
37.477163 92.109 178.3908
37.748738 92.110 178.1543
38.022281 92.112 177.9140
38.297806 92.113 177.6711
38.575327 92.113 177.4236
38.854860 92.110 177.1731
39.136419 92.104 176.9207
39.420017 92.096 176.6697
39.705671 92.087 176.4242
39.993395 92.077 176.1863
40.283203 92.067 175.9510
40.575112 92.056 175.7209
40.869136 92.046 175.4923
41.165290 92.036 175.2570
41.463591 92.027 175.0145
41.764053 92.018 174.7699
42.066693 92.007 174.5235
42.371525 91.996 174.2723
42.678567 91.983 174.0238
42.987834 91.970 173.7766
43.299341 91.956 173.5231
43.613106 91.944 173.2701
43.929145 91.935 173.0219
44.247473 91.928 172.7808
44.568109 91.922 172.5530
44.891068 91.916 172.3375
45.216367 91.908 172.1249
45.544023 91.898 171.9048
45.874054 91.886 171.6693
46.206476 91.872 171.4161
46.541307 91.859 171.1508
46.878565 91.847 170.8835
47.218266 91.836 170.6227
47.560429 91.825 170.3721
47.905072 91.812 170.1301
48.252212 91.798 169.8920
48.601867 91.782 169.6567
48.954056 91.766 169.4266
49.308798 91.749 169.2020
49.666109 91.733 168.9870
50.026010 91.717 168.7788
50.388520 91.700 168.5678
50.753656 91.684 168.3522
51.121437 91.667 168.1292
51.491884 91.650 167.8991
51.865016 91.633 167.6661
52.240851 91.617 167.4300
52.619410 91.601 167.1938
53.000712 91.585 166.9631
53.384777 91.569 166.7411
53.771625 91.554 166.5353
54.161276 91.539 166.3405
54.553751 91.523 166.1440
54.949070 91.505 165.9342
55.347254 91.486 165.7038
55.748323 91.468 165.4628
56.152298 91.452 165.2239
56.559201 91.439 164.9946
56.969052 91.426 164.7737
57.381873 91.413 164.5526
57.797686 91.397 164.3372
58.216512 91.379 164.1429
58.638373 91.361 163.9849
59.063291 91.343 163.8585
59.491288 91.324 163.7333
59.922386 91.303 163.5692
60.356608 91.278 163.3411
60.793977 91.250 163.0615
61.234515 91.223 162.7649
61.678246 91.199 162.4875
62.125192 91.176 162.2481
62.575377 91.154 162.0423
63.028824 91.130 161.8521
63.485557 91.106 161.6567
63.945599 91.081 161.4448
64.408975 91.057 161.2153
64.875709 91.034 160.9842
65.345825 91.009 160.7642
65.819348 90.984 160.5619
66.296302 90.957 160.3680
66.776713 90.930 160.1703
67.260604 90.906 159.9632
67.748002 90.883 159.7516
68.238932 90.861 159.5430
68.733420 90.839 159.3391
69.231490 90.815 159.1392
69.733170 90.790 158.9441
70.238485 90.765 158.7554
70.747463 90.739 158.5715
71.260128 90.713 158.3856
71.776508 90.685 158.1914
72.296630 90.656 157.9890
72.820521 90.628 157.7853
73.348209 90.600 157.5875
73.879720 90.573 157.4003
74.415083 90.546 157.2205
74.954326 90.519 157.0416
75.497475 90.492 156.8575
76.044561 90.465 156.6718
76.595612 90.439 156.4891
77.150655 90.411 156.3129
77.709720 90.383 156.1357
78.272837 90.356 155.9494
78.840034 90.328 155.7548
79.411342 90.301 155.5599
79.986789 90.272 155.3697
80.566406 90.242 155.1844
81.150224 90.212 155.0049
81.738272 90.181 154.8345
82.330581 90.149 154.6751
82.927182 90.117 154.5246
83.528107 90.084 154.3760
84.133386 90.051 154.2177
84.743051 90.017 154.0375
85.357134 89.985 153.8421
85.975667 89.953 153.6562
86.598682 89.923 153.4992
87.226212 89.894 153.3656
87.858289 89.863 153.2327
88.494946 89.830 153.0815
89.136217 89.796 152.9066
89.782135 89.764 152.7157
90.432733 89.732 152.5304
91.088046 89.700 152.3709
91.748108 89.665 152.2322
92.412952 89.631 152.0931
93.082615 89.596 151.9437
93.757130 89.562 151.7910
94.436533 89.529 151.6387
95.120859 89.496 151.4830
95.810144 89.461 151.3239
96.504423 89.425 151.1669
97.203734 89.389 151.0137
97.908112 89.352 150.8609
98.617595 89.317 150.7094
99.332219 89.280 150.5642
100.052021 89.242 150.4230
100.777039 89.205 150.2756
101.507311 89.170 150.1140
102.242875 89.139 149.9427
102.983769 89.108 149.7828
103.730032 89.075 149.6565
104.481702 89.038 149.5638
105.238820 88.997 149.4739
106.001424 88.956 149.3564
106.769554 88.916 149.2117
107.543250 88.876 149.0659
108.322553 88.836 148.9393
109.107503 88.797 148.8309
109.898141 88.758 148.7258
110.694508 88.720 148.6064
111.496646 88.682 148.4681
112.304596 88.643 148.3256
113.118402 88.603 148.1967
113.938104 88.563 148.0810
114.763747 88.521 147.9717
115.595372 88.478 147.8699
116.433024 88.436 147.7788
117.276746 88.396 147.6846
118.126581 88.357 147.5727
118.982575 88.318 147.4537
119.844772 88.278 147.3416
120.713217 88.238 147.2330
121.587954 88.198 147.1232
122.469031 88.155 147.0100
123.356492 88.111 146.9011
124.250384 88.067 146.8086
125.150753 88.024 146.7258
126.057647 87.982 146.6380
126.971113 87.941 146.5465
127.891198 87.900 146.4575
128.817950 87.858 146.3740
129.751418 87.816 146.2914
130.691651 87.772 146.2047
131.638696 87.729 146.1121
132.592604 87.686 146.0197
133.553425 87.643 145.9310
134.521208 87.599 145.8412
135.496004 87.555 145.7439
136.477864 87.510 145.6498
137.466839 87.464 145.5749
138.462981 87.417 145.5201
139.466340 87.368 145.4720
140.476971 87.320 145.4101
141.494925 87.275 145.3340
142.520256 87.232 145.2680
143.553016 87.187 145.2175
144.593260 87.138 145.1586
145.641043 87.089 145.0771
146.696418 87.043 144.9981
147.759441 86.997 144.9539
148.830166 86.946 144.9276
149.908651 86.893 144.8855
150.994951 86.842 144.8260
152.089123 86.793 144.7709
153.191223 86.742 144.7170
154.301310 86.692 144.6584
155.419441 86.645 144.6053
156.545674 86.600 144.5542
157.680069 86.553 144.5091
158.822683 86.504 144.4901
159.973578 86.452 144.4999
161.132813 86.395 144.5152
162.300447 86.337 144.4917
163.476543 86.281 144.4464
164.661162 86.227 144.4168
165.854364 86.171 144.3850
167.056213 86.115 144.3344
168.266772 86.059 144.2763
169.486102 86.002 144.2205
170.714268 85.945 144.1772
171.951334 85.886 144.1541
173.197364 85.825 144.1478
174.452424 85.761 144.1522
175.716578 85.695 144.1686
176.989893 85.625 144.2113
178.272434 85.555 144.2735
179.564270 85.485 144.3392
180.865467 85.415 144.4066
182.176092 85.344 144.4865
183.496216 85.271 144.5844
184.825905 85.194 144.6879
186.165229 85.112 144.7850
187.514259 85.024 144.9046
188.873065 84.926 145.0852
190.241717 84.817 145.3537
191.620287 84.700 145.7311
193.008847 84.578 146.2332
194.407468 84.453 146.9074
195.816225 84.335 147.8763
197.235190 84.251 149.2376
198.664438 84.237 150.9221
200.104042 84.311 152.6537
201.554078 84.475 154.0805
203.014622 84.714 154.9502
204.485750 84.991 155.0861
205.967538 85.253 154.4389
207.460064 85.448 153.2596
208.963405 85.555 151.9525
210.477640 85.588 150.7870
212.002848 85.569 149.8753
213.539108 85.513 149.2702
215.086500 85.427 148.9004
216.645105 85.325 148.6362
218.215005 85.224 148.3234
219.796281 85.134 147.8710
221.389015 85.057 147.4291
222.993292 84.979 147.1486
224.609193 84.894 147.0382
226.236804 84.807 146.9936
227.876209 84.727 146.9405
229.527494 84.658 146.9212
231.190745 84.597 146.9512
232.866048 84.536 147.0374
234.553491 84.462 147.1796
236.253163 84.378 147.2564
237.965150 84.300 147.2680
239.689544 84.238 147.2965
241.426433 84.185 147.4004
243.175909 84.131 147.5441
244.938062 84.076 147.6457
246.712984 84.025 147.6796
248.500768 83.980 147.7040
250.301507 83.934 147.7432
252.115295 83.885 147.7582
253.942226 83.832 147.7550
255.782396 83.782 147.7418
257.635901 83.734 147.7249
259.502837 83.684 147.7170
261.383301 83.632 147.7294
263.277392 83.577 147.7775
265.185209 83.520 147.8546
267.106850 83.464 147.9409
269.042417 83.408 148.0266
270.992009 83.353 148.1105
272.955729 83.303 148.1819
274.933678 83.254 148.2542
276.925961 83.200 148.3577
278.932681 83.141 148.4871
280.953942 83.084 148.6217
282.989850 83.031 148.7561
285.040511 82.982 148.8862
287.106032 82.932 149.0159
289.186521 82.880 149.1409
291.282086 82.824 149.2448
293.392836 82.770 149.3369
295.518881 82.716 149.4529
297.660333 82.661 149.5974
299.817302 82.605 149.7491
301.989902 82.550 149.8928
304.178245 82.496 150.0300
306.382446 82.446 150.1821
308.602620 82.398 150.3610
310.838882 82.349 150.5421
313.091348 82.297 150.6991
315.360137 82.247 150.8534
317.645367 82.196 151.0317
319.947156 82.142 151.2263
322.265625 82.085 151.4097
324.600895 82.030 151.5898
326.953086 81.976 151.7736
329.322323 81.923 151.9512
331.708729 81.869 152.1252
334.112427 81.816 152.3042
336.533543 81.765 152.4929
338.972204 81.714 152.6895
341.428536 81.663 152.8808
343.902668 81.613 153.0696
346.394729 81.564 153.2700
348.904848 81.514 153.4872
351.433156 81.466 153.7147
353.979786 81.417 153.9533
356.544869 81.366 154.1902
359.128540 81.312 154.3661
361.730934 81.258 154.4632
364.352185 81.209 154.5841
366.992431 81.162 154.8399
369.651810 81.112 155.1781
372.330459 81.061 155.4886
375.028519 81.010 155.7612
377.746130 80.956 156.0147
380.483434 80.903 156.2636
383.240574 80.853 156.5180
386.017693 80.804 156.7703
388.814937 80.755 157.0132
391.632450 80.705 157.2584
394.470380 80.654 157.4977
397.328875 80.604 157.7335
400.208084 80.554 157.9757
403.108157 80.506 158.2367
406.029245 80.458 158.5108
408.971500 80.410 158.7787
411.935076 80.359 159.0385
414.920127 80.307 159.3263
417.926810 80.255 159.6566
420.955280 80.205 160.0028
424.005695 80.156 160.3390
427.078215 80.107 160.6591
430.173000 80.059 160.9587
433.290211 80.009 161.2349
436.430010 79.958 161.5033
439.592562 79.909 161.7844
442.778031 79.861 162.0837
445.986583 79.814 162.3941
449.218386 79.766 162.7098
452.473607 79.718 163.0305
455.752418 79.670 163.3590
459.054987 79.622 163.7026
462.381489 79.573 164.0540
465.732096 79.523 164.4036
469.106983 79.473 164.7452
472.506325 79.423 165.0816
475.930301 79.374 165.4348
479.379088 79.329 165.7930
482.852867 79.287 166.1508
486.351817 79.245 166.5282
489.876123 79.197 166.9217
493.425968 79.144 167.3018
497.001536 79.090 167.6396
500.603014 79.040 167.9620
504.230589 78.995 168.3110
507.884452 78.951 168.6823
511.564792 78.906 169.0669
515.271802 78.861 169.4607
519.005673 78.816 169.8629
522.766602 78.772 170.2728
526.554785 78.727 170.6862
530.370418 78.681 171.0991
534.213700 78.635 171.5104
538.084833 78.589 171.9346
541.984018 78.545 172.3682
545.911457 78.503 172.7980
549.867357 78.462 173.2215
553.851922 78.421 173.6526
557.865362 78.377 174.0929
561.907884 78.331 174.5375
565.979700 78.286 174.9866
570.081022 78.241 175.4362
574.212064 78.198 175.8846
578.373042 78.153 176.3372
582.564171 78.108 176.8024
586.785671 78.065 177.2801
591.037762 78.023 177.7626
595.320665 77.981 178.2446
599.634604 77.940 178.7254
603.979804 77.899 179.2108
608.356491 77.858 179.7043
612.764893 77.817 -179.7969
617.205240 77.778 -179.2930
621.677763 77.739 -178.7824
626.182696 77.700 -178.2650
630.720274 77.660 -177.7399
635.290733 77.620 -177.2091
639.894312 77.579 -176.6747
644.531250 77.539 -176.1387
649.201789 77.498 -175.6020
653.906173 77.459 -175.0602
658.644647 77.420 -174.5101
663.417457 77.383 -173.9509
668.224854 77.347 -173.3826
673.067086 77.312 -172.8107
677.944408 77.277 -172.2350
682.857073 77.243 -171.6592
687.805336 77.210 -171.0799
692.789457 77.178 -170.4992
697.809695 77.145 -169.9168
702.866312 77.111 -169.3241
707.959571 77.077 -168.7144
713.089738 77.044 -168.0887
718.257080 77.012 -167.4583
723.461867 76.981 -166.8284
728.704370 76.951 -166.1966
733.984862 76.921 -165.5571
739.303619 76.892 -164.9144
744.660918 76.864 -164.2701
750.057038 76.837 -163.6245
755.492260 76.810 -162.9755
760.966869 76.784 -162.3190
766.481148 76.759 -161.6513
772.035387 76.735 -160.9731
777.629873 76.713 -160.2906
783.264900 76.690 -159.6044
788.940760 76.668 -158.9152
794.657750 76.647 -158.2184
800.416168 76.628 -157.5121
806.216313 76.610 -156.7951
812.058489 76.593 -156.0757
817.943000 76.576 -155.3615
823.870152 76.560 -154.6464
829.840255 76.546 -153.9225
835.853619 76.533 -153.1879
841.910559 76.522 -152.4440
848.011390 76.512 -151.6955
854.156430 76.504 -150.9485
860.346000 76.496 -150.2055
866.580422 76.490 -149.4623
872.860020 76.484 -148.7127
879.185124 76.479 -147.9555
885.556062 76.475 -147.1920
891.973166 76.472 -146.4266
898.436771 76.470 -145.6616
904.947215 76.470 -144.8966
911.504835 76.473 -144.1313
918.109975 76.477 -143.3672
924.762978 76.482 -142.6002
931.464192 76.488 -141.8295
938.213966 76.496 -141.0595
945.012651 76.506 -140.2934
951.860602 76.516 -139.5293
958.758176 76.528 -138.7661
965.705733 76.542 -138.0069
972.703635 76.556 -137.2495
979.752246 76.570 -136.4904
986.851935 76.586 -135.7278
994.003071 76.602 -134.9645
1001.206027 76.621 -134.2111
1008.461179 76.642 -133.4706
1015.768904 76.664 -132.7370
1023.129584 76.686 -132.0046
1030.543603 76.709 -131.2705
1038.011347 76.733 -130.5393
1045.533205 76.757 -129.8156
1053.109569 76.782 -129.1012
1060.740836 76.807 -128.3947
1068.427401 76.832 -127.6940
1076.169666 76.858 -126.9959
1083.968035 76.884 -126.3019
1091.822915 76.911 -125.6097
1099.734713 76.938 -124.9202
1107.703844 76.964 -124.2374
1115.730723 76.991 -123.5621
1123.815768 77.016 -122.8909
1131.959400 77.042 -122.2247
1140.162045 77.067 -121.5614
1148.424129 77.091 -120.9023
1156.746083 77.114 -120.2468
1165.128342 77.137 -119.5900
1173.571343 77.160 -118.9286
1182.075524 77.183 -118.2665
1190.641331 77.205 -117.6083
1199.269209 77.226 -116.9498
1207.959608 77.247 -116.2881
1216.712981 77.267 -115.6263
1225.529785 77.287 -114.9703
1234.410479 77.307 -114.3178
1243.355526 77.326 -113.6587
1252.365393 77.343 -112.9858
1261.440549 77.358 -112.3029
1270.581467 77.373 -111.6122
1279.788624 77.386 -110.9145
1289.062500 77.400 -110.2122
1298.403578 77.414 -109.5051
1307.812346 77.426 -108.7900
1317.289293 77.438 -108.0624
1326.834914 77.448 -107.3181
1336.449707 77.457 -106.5568
1346.134173 77.464 -105.7781
1355.888816 77.471 -104.9712
1365.714145 77.476 -104.1183
1375.610673 77.481 -103.2000
1385.578915 77.488 -102.2033
1395.619391 77.503 -101.1226
1405.732624 77.536 -99.9605
1415.919142 77.596 -98.7553
1426.179476 77.688 -97.6067
1436.514160 77.805 -96.6548
1446.923734 77.927 -95.9987
1457.408740 78.030 -95.6189
1467.969724 78.099 -95.3823
1478.607238 78.134 -95.1385
1489.321836 78.144 -94.7951
1500.114076 78.141 -94.3257
1510.984521 78.135 -93.7437
1521.933737 78.129 -93.0752
1532.962297 78.126 -92.3471
1544.070773 78.127 -91.5762
1555.259747 78.131 -90.7696
1566.529800 78.138 -89.9375
1577.881521 78.148 -89.0882
1589.315501 78.159 -88.2280
1600.832336 78.171 -87.3555
1612.432627 78.185 -86.4701
1624.116978 78.200 -85.5707
1635.886000 78.216 -84.6604
1647.740304 78.234 -83.7433
1659.680509 78.255 -82.8213
1671.707238 78.279 -81.8920
1683.821118 78.303 -80.9497
1696.022780 78.328 -79.9917
1708.312860 78.354 -79.0216
1720.692000 78.381 -78.0465
1733.160843 78.409 -77.0681
1745.720041 78.439 -76.0826
1758.370248 78.470 -75.0879
1771.112124 78.501 -74.0820
1783.946332 78.533 -73.0637
1796.873543 78.565 -72.0348
1809.894429 78.598 -70.9964
1823.009670 78.632 -69.9471
1836.219950 78.669 -68.8902
1849.525956 78.706 -67.8248
1862.928384 78.744 -66.7499
1876.427931 78.783 -65.6641
1890.025301 78.822 -64.5663
1903.721204 78.862 -63.4536
1917.516352 78.904 -62.3267
1931.411466 78.947 -61.1869
1945.407270 78.991 -60.0361
1959.504493 79.038 -58.8716
1973.703870 79.085 -57.6895
1988.006142 79.132 -56.4878
2002.412054 79.181 -55.2671
2016.922357 79.231 -54.0272
2031.537808 79.283 -52.7706
2046.259169 79.337 -51.4921
2061.087206 79.393 -50.1858
2076.022694 79.451 -48.8495
2091.066410 79.511 -47.4789
2106.219139 79.575 -46.0741
2121.481671 79.644 -44.6315
2136.854802 79.717 -43.1523
2152.339333 79.795 -41.6322
2167.936071 79.879 -40.0678
2183.645829 79.971 -38.4544
2199.469427 80.074 -36.7935
2215.407689 80.189 -35.0896
2231.461446 80.319 -33.3455
2247.631536 80.467 -31.5701
2263.918800 80.634 -29.7867
2280.324089 80.823 -28.0243
2296.848258 81.034 -26.3181
2313.492167 81.267 -24.7063
2330.256685 81.520 -23.2263
2347.142685 81.789 -21.9129
2364.151049 82.066 -20.7907
2381.282662 82.345 -19.8721
2398.538418 82.616 -19.1438
2415.919216 82.872 -18.5769
2433.425962 83.109 -18.1354
2451.059570 83.325 -17.7796
2468.820958 83.520 -17.4674
2486.711052 83.696 -17.1609
2504.730786 83.855 -16.8330
2522.881098 84.000 -16.4658
2541.162934 84.134 -16.0445
2559.577248 84.259 -15.5650
2578.125000 84.379 -15.0264
2596.807157 84.496 -14.4298
2615.624692 84.612 -13.7746
2634.578586 84.728 -13.0646
2653.669829 84.846 -12.3053
2672.899414 84.966 -11.5048
2692.268345 85.090 -10.6677
2711.777632 85.219 -9.8005
2731.428290 85.352 -8.9057
2751.221345 85.491 -7.9882
2771.157829 85.635 -7.0566
2791.238781 85.787 -6.1195
2811.465248 85.944 -5.1844
2831.838284 86.108 -4.2585
2852.358952 86.278 -3.3488
2873.028321 86.452 -2.4514
2893.847468 86.630 -1.5631
2914.817480 86.812 -0.6894
2935.939449 87.000 0.1588
2957.214476 87.194 0.9761
2978.643672 87.392 1.7614
3000.228152 87.592 2.5121
3021.969041 87.796 3.2231
3043.867475 88.001 3.8974
3065.924593 88.207 4.5367
3088.141547 88.415 5.1463
3110.519493 88.622 5.7300
3133.059600 88.829 6.2846
3155.763041 89.038 6.8123
3178.631001 89.247 7.3147
3201.664672 89.456 7.8003
3224.865254 89.666 8.2724
3248.233957 89.879 8.7306
3271.771999 90.095 9.1732
3295.480608 90.317 9.5951
3319.361019 90.547 9.9820
3343.414477 90.785 10.3119
3367.642236 91.030 10.5620
3392.045560 91.279 10.7128
3416.625721 91.530 10.7536
3441.383999 91.778 10.6791
3466.321686 92.019 10.4921
3491.440082 92.253 10.1979
3516.740496 92.474 9.8028
3542.224247 92.680 9.3189
3567.892664 92.867 8.7574
3593.747085 93.033 8.1289
3619.788858 93.180 7.4314
3646.019340 93.308 6.6645
3672.439900 93.416 5.8459
3699.051913 93.500 4.9956
3725.856768 93.562 4.1264
3752.855862 93.605 3.2547
3780.050603 93.632 2.4051
3807.442408 93.646 1.6077
3835.032705 93.645 0.9010
3862.822933 93.628 0.3371
3890.814540 93.595 -0.0354
3919.008986 93.552 -0.1934
3947.407741 93.509 -0.1476
3976.012284 93.476 0.0666
4004.824108 93.457 0.3955
4033.844715 93.451 0.7880
4063.075616 93.452 1.2058
4092.518337 93.457 1.6254
4122.174412 93.463 2.0305
4152.045387 93.473 2.4148
4182.132820 93.485 2.7897
4212.438278 93.497 3.1727
4242.963342 93.508 3.5746
4273.709604 93.516 4.0047
4304.678665 93.521 4.4719
4335.872141 93.523 4.9818
4367.291658 93.524 5.5353
4398.938854 93.527 6.1357
4430.815378 93.533 6.7846
4462.922893 93.543 7.4794
4495.263072 93.556 8.2256
4527.837601 93.568 9.0316
4560.648179 93.581 9.8987
4593.696515 93.597 10.8225
4626.984334 93.615 11.8041
4660.513370 93.638 12.8474
4694.285371 93.668 13.9578
4728.302098 93.704 15.1413
4762.565324 93.751 16.3801
4797.076835 93.808 17.6098
4831.838432 93.869 18.7756
4866.851925 93.928 19.9167
4902.119140 93.989 21.1380
4937.641916 94.062 22.4450
4973.422105 94.147 23.6941
5009.461572 94.236 24.7324
5045.762195 94.320 25.5216
5082.325868 94.397 26.1018
5119.154496 94.469 26.5205
5156.250000 94.536 26.7974
5193.614313 94.598 26.9314
5231.249383 94.656 26.9038
5269.157173 94.711 26.6913
5307.339658 94.762 26.2693
5345.798829 94.809 25.6141
5384.536691 94.851 24.7064
5423.555263 94.887 23.5354
5462.856580 94.918 22.0953
5502.442691 94.943 20.3936
5542.315659 94.963 18.4452
5582.477563 94.976 16.2795
5622.930497 94.983 13.9338
5663.676569 94.984 11.4593
5704.717904 94.978 8.9169
5746.056642 94.965 6.3757
5787.694937 94.945 3.9118
5829.634960 94.917 1.6001
5871.878898 94.880 -0.4873
5914.428953 94.834 -2.2922
5957.287343 94.778 -3.7694
6000.456303 94.711 -4.8894
6043.938083 94.630 -5.6439
6087.734950 94.536 -6.0369
6131.849187 94.427 -6.0842
6176.283094 94.302 -5.8094
6221.038987 94.158 -5.2368
6266.119200 93.993 -4.3957
6311.526083 93.801 -3.3104
6357.262002 93.579 -2.0000
6403.329344 93.326 -0.4837
6449.730508 93.050 1.2184
6496.467914 92.762 3.0824
6543.543998 92.475 5.0881
6590.961215 92.199 7.2194
6638.722037 91.941 9.4607
6686.828954 91.705 11.8009
6735.284473 91.492 14.2274
6784.091120 91.302 16.7329
6833.251441 91.136 19.3064
6882.767998 90.994 21.9411
6932.643372 90.877 24.6270
6982.880164 90.787 27.3544
7033.480992 90.723 30.1129
7084.448495 90.688 32.8909
7135.785329 90.683 35.6737
7187.494171 90.709 38.4476
7239.577717 90.766 41.1980
7292.038681 90.857 43.9095
7344.879799 90.984 46.5640
7398.103826 91.149 49.1395
7451.713536 91.354 51.6058
7505.711724 91.603 53.9220
7560.101205 91.898 56.0358
7614.884815 92.235 57.8804
7670.065409 92.606 59.3658
7725.645865 92.994 60.3873
7781.629080 93.370 60.8343
7838.017972 93.709 60.5886
7894.815481 93.995 59.4951
7952.024569 94.225 57.3780
8009.648217 94.398 54.1010
8067.689429 94.510 49.6263
8126.151233 94.558 44.0827
8185.036674 94.530 37.8201
8244.348824 94.414 31.3795
8304.090774 94.186 25.3717
8364.265639 93.813 20.3081
8424.876556 93.264 16.4788
8485.926684 92.529 13.9367
8547.419207 91.638 12.5658
8609.357330 90.654 12.2119
8671.744282 89.635 12.7398
8734.583316 88.627 14.0196
8797.877707 87.652 15.9220
8861.630756 86.722 18.3320
8925.845785 85.839 21.1547
8990.526143 85.002 24.3157
9055.675202 84.209 27.7590
9121.296357 83.456 31.4406
9187.393031 82.742 35.3311
9253.968668 82.065 39.4018
9321.026740 81.421 43.6297
9388.570742 80.810 47.9958
9456.604196 80.228 52.4858
9525.130648 79.674 57.0882
9594.153671 79.146 61.7919
9663.676863 78.644 66.5864
9733.703850 78.165 71.4640
9804.238280 77.709 76.4188
9875.283832 77.275 81.4486
9946.844210 76.861 86.5477
10018.923143 76.468 91.7110
10091.524390 76.093 96.9350
10164.651736 75.738 102.2193
10238.308993 75.401 107.5637
10312.500000 75.082 112.9677
10387.228626 74.781 118.4258
10462.498767 74.497 123.9349
10538.314345 74.231 129.4938
10614.679315 73.982 135.1026
10691.597657 73.750 140.7598
10769.073381 73.535 146.4603
10847.110526 73.338 152.2049
10925.713161 73.159 157.9931
11004.885382 72.998 163.8252
11084.631318 72.855 169.7008
11164.955126 72.730 175.6148
11245.860993 72.623 -178.4337
11327.353138 72.534 -172.4439
11409.435808 72.464 -166.4172
11492.113283 72.413 -160.3531
11575.389873 72.380 -154.2556
11659.269920 72.369 -148.1189
11743.757796 72.380 -141.9373
11828.857906 72.416 -135.7203
11914.574686 72.477 -129.4746
12000.912606 72.564 -123.2040
12087.876166 72.677 -116.9091
12175.469900 72.820 -110.5927
12263.698373 72.994 -104.2614
12352.566187 73.201 -97.9141
12442.077974 73.443 -91.5518
12532.238400 73.723 -85.1824
12623.052165 74.043 -78.8123
12714.524005 74.409 -72.4482
12806.658687 74.825 -66.1036
12899.461015 75.299 -59.7926
12992.935827 75.836 -53.5381
13087.087996 76.447 -47.3679
13181.922430 77.144 -41.3256
13277.444074 77.943 -35.4796
13373.657907 78.863 -29.9406
13470.568945 79.924 -24.8933
13568.182241 81.142 -20.6284
13666.502883 82.513 -17.5703
13765.535996 84.001 -16.2607
13865.286744 85.523 -17.2620
13965.760328 86.946 -20.9646
14066.961984 88.111 -27.3784
14168.896989 88.859 -35.9589
14271.570658 89.079 -45.5872
14374.988342 88.751 -54.7961
14479.155433 87.953 -62.2387
14584.077362 86.836 -67.0729
14689.759598 85.573 -69.0525
14796.207652 84.321 -68.4188
14903.427072 83.191 -65.6955
15011.423448 82.247 -61.4779
15120.202410 81.510 -56.2874
15229.769630 80.981 -50.5238
15340.130819 80.654 -44.4852
15451.291730 80.526 -38.4265
15563.258160 80.604 -32.6073
15676.035944 80.896 -27.3610
15789.630962 81.406 -23.1591
15904.049137 82.112 -20.6353
16019.296433 82.940 -20.5026
16135.378859 83.749 -23.3226
16252.302465 84.342 -29.1930
16370.073348 84.516 -37.5129
16488.697648 84.121 -46.9539
16608.181548 83.119 -55.8130
16728.531278 81.584 -62.6148
16849.753112 79.663 -66.4927
16971.853368 77.524 -67.2203
17094.838414 75.321 -65.0734
17218.714660 73.171 -60.6165
17343.488565 71.146 -54.4875
17469.166632 69.274 -47.2314
17595.755415 67.549 -39.2318
17723.261512 65.951 -30.7202
17851.691571 64.458 -21.8230
17981.052287 63.049 -12.5966
18111.350404 61.710 -3.0782
18242.592715 60.432 6.7078
18374.786062 59.207 16.7433
18507.937336 58.032 27.0010
18642.053479 56.901 37.4532
18777.141484 55.810 48.0671
18913.208391 54.752 58.8226
19050.261296 53.725 69.7393
19188.307342 52.727 80.8547
19327.353727 51.759 92.1672
19467.407699 50.827 103.6921
19608.476560 49.949 115.4283
19750.567664 49.172 127.1457
19893.688419 48.579 137.8762
20037.846286 48.266 145.0566
