* Measurement data measured by REW V5.31.3
* Source: Microphone (JadeAudio JA11), MICROPHONE (Master Volume), L, volume: 1.000
* Format: 512k Log Swept Sine, 1 sweep at -17.3 dBFS with no timing reference
* Dated: Mar 20, 2026 10:24:23 PM
* REW Settings:
*  C-weighting compensation: Off
*  Target level: 75.0 dB
* Note: 
* Measurement: R Daiso 6088
* Smoothing: 1/24 octave
* Frequency Step: 1/48 octave
* Start Frequency: 20.300 Hz
*
* Freq(Hz)	SPL(dB)	Phase(degrees)
20.299999	107.093	160.9541
20.600000	107.081	160.7851
20.900000	107.066	160.5640
21.200001	107.052	160.3271
21.400000	107.043	160.1648
21.799999	107.029	159.8410
22.000000	107.020	159.6794
22.400000	106.996	159.3173
22.700001	106.974	159.0567
23.000000	106.950	158.8055
23.299999	106.925	158.5260
23.600000	106.901	158.2630
24.000000	106.869	157.9400
24.299999	106.843	157.6665
24.700001	106.805	157.3009
25.000000	106.777	157.0227
25.400000	106.744	156.6021
25.799999	106.717	156.2010
26.200001	106.695	155.8288
26.500000	106.678	155.5681
26.900000	106.652	155.2388
27.200001	106.630	154.9900
27.600000	106.599	154.6368
28.000000	106.571	154.2618
28.500000	106.543	153.8133
29.000000	106.519	153.4125
29.500000	106.490	153.0686
30.000000	106.456	152.7447
30.400000	106.429	152.4855
30.700001	106.409	152.2963
31.100000	106.380	152.0523
31.500000	106.349	151.8083
32.000000	106.306	151.5112
32.500000	106.260	151.1759
33.000000	106.216	150.8423
33.500000	106.175	150.5019
34.000000	106.134	150.1839
34.500000	106.091	149.8546
35.000000	106.047	149.5167
35.500000	106.005	149.1675
36.000000	105.966	148.8329
36.500000	105.928	148.5181
37.000000	105.890	148.2138
37.500000	105.852	147.9143
38.200001	105.799	147.4996
38.700001	105.760	147.2224
39.500000	105.698	146.8102
40.000000	105.657	146.5641
40.599998	105.607	146.2629
41.200001	105.556	145.9616
41.799999	105.504	145.6580
42.500000	105.443	145.3070
43.099998	105.391	145.0152
43.700001	105.339	144.7228
44.400002	105.279	144.3829
45.000000	105.228	144.0944
45.500000	105.186	143.8589
46.200001	105.128	143.5400
46.799999	105.078	143.2748
47.500000	105.020	142.9757
48.200001	104.961	142.6912
48.700001	104.920	142.4930
49.400002	104.862	142.2147
50.000000	104.812	141.9803
50.799999	104.744	141.6776
51.500000	104.685	141.4207
52.200001	104.626	141.1645
53.000000	104.559	140.8754
53.799999	104.492	140.5935
54.500000	104.434	140.3549
55.200001	104.377	140.1223
56.000000	104.310	139.8590
57.000000	104.226	139.5357
58.000000	104.144	139.2300
59.000000	104.062	138.9338
60.000000	103.982	138.6392
60.799999	103.918	138.4162
61.500000	103.863	138.2319
62.200001	103.806	138.0509
63.000000	103.742	137.8489
64.000000	103.662	137.6067
65.000000	103.583	137.3660
66.000000	103.503	137.1269
67.000000	103.423	136.8970
68.000000	103.344	136.6747
69.000000	103.266	136.4618
70.000000	103.188	136.2607
71.000000	103.110	136.0661
72.000000	103.034	135.8781
73.000000	102.958	135.6982
74.000000	102.883	135.5213
75.000000	102.807	135.3513
76.199997	102.718	135.1571
77.500000	102.622	134.9538
78.800003	102.526	134.7542
80.000000	102.440	134.5780
81.199997	102.353	134.4172
82.500000	102.258	134.2585
83.800003	102.164	134.1029
85.000000	102.079	133.9648
86.199997	101.994	133.8297
87.500000	101.902	133.6949
88.500000	101.833	133.5952
90.000000	101.730	133.4472
91.199997	101.648	133.3426
92.500000	101.560	133.2340
93.800003	101.473	133.1320
95.000000	101.393	133.0461
96.199997	101.313	132.9642
97.500000	101.229	132.8788
98.800003	101.144	132.7974
100.000000	101.067	132.7255
101.500000	100.972	132.6427
103.000000	100.877	132.5720
104.400002	100.789	132.5126
106.000000	100.690	132.4514
107.500000	100.598	132.3996
109.000000	100.507	132.3541
110.599998	100.411	132.3155
112.000000	100.328	132.2873
113.800003	100.222	132.2514
115.000000	100.152	132.2318
117.199997	100.025	132.2059
118.000000	99.980	132.2000
120.599998	99.834	132.1895
122.000000	99.756	132.1871
124.099998	99.641	132.1903
125.000000	99.593	132.1971
126.500000	99.514	132.2161
128.000000	99.435	132.2406
131.500000	99.255	132.2995
132.000000	99.230	132.3073
134.000000	99.130	132.3386
136.000000	99.030	132.3810
138.000000	98.932	132.4280
140.000000	98.835	132.4773
143.000000	98.691	132.5732
145.000000	98.596	132.6429
147.500000	98.479	132.7380
150.000000	98.364	132.8479
152.500000	98.251	132.9556
155.000000	98.140	133.0714
157.500000	98.029	133.1977
160.000000	97.919	133.3202
162.500000	97.808	133.4456
165.000000	97.697	133.5847
167.500000	97.587	133.7181
170.000000	97.477	133.8711
172.500000	97.368	134.0350
175.000000	97.262	134.1922
177.500000	97.158	134.3463
180.000000	97.054	134.5093
182.500000	96.952	134.6868
185.000000	96.850	134.8685
187.500000	96.750	135.0494
190.000000	96.652	135.2423
192.500000	96.553	135.4426
195.000000	96.454	135.6354
197.500000	96.357	135.8165
200.000000	96.266	136.0062
203.000000	96.161	136.2639
206.000000	96.056	136.5096
209.000000	95.955	136.7621
212.000000	95.853	137.0294
214.000000	95.786	137.2054
218.000000	95.654	137.6029
220.000000	95.588	137.8118
224.000000	95.458	138.2491
227.000000	95.365	138.5965
230.000000	95.275	138.9619
233.000000	95.190	139.3463
236.000000	95.113	139.7532
240.000000	95.019	140.3044
243.000000	94.956	140.6859
247.000000	94.882	141.0970
250.000000	94.825	141.3033
254.000000	94.734	141.4900
258.000000	94.627	141.6943
262.000000	94.514	141.9361
265.000000	94.428	142.1849
269.000000	94.314	142.5850
272.000000	94.231	142.9171
276.000000	94.129	143.3881
280.000000	94.037	143.8047
285.000000	93.918	144.2548
290.000000	93.795	144.7410
295.000000	93.674	145.2451
300.000000	93.553	145.7657
304.000000	93.458	146.1989
307.000000	93.388	146.5265
311.000000	93.296	146.9710
315.000000	93.208	147.4337
320.000000	93.105	148.0175
325.000000	93.007	148.5601
330.000000	92.907	149.0784
335.000000	92.806	149.6134
340.000000	92.705	150.1621
345.000000	92.607	150.7209
350.000000	92.510	151.2854
355.000000	92.416	151.8557
360.000000	92.324	152.4216
365.000000	92.233	152.9870
370.000000	92.144	153.5592
375.000000	92.057	154.1354
382.000000	91.937	154.9446
387.000000	91.853	155.5279
395.000000	91.723	156.4632
400.000000	91.643	157.0497
406.000000	91.549	157.7522
412.000000	91.457	158.4583
418.000000	91.367	159.1642
425.000000	91.264	159.9908
431.000000	91.179	160.7003
437.000000	91.096	161.4180
444.000000	91.001	162.2603
450.000000	90.919	162.9863
455.000000	90.852	163.5893
462.000000	90.761	164.4251
468.000000	90.685	165.1394
475.000000	90.600	165.9760
482.000000	90.516	166.8162
487.000000	90.456	167.4153
494.000000	90.372	168.2605
500.000000	90.302	168.9933
508.000000	90.212	169.9769
515.000000	90.137	170.8494
522.000000	90.065	171.7276
530.000000	89.988	172.7248
538.000000	89.912	173.7060
545.000000	89.846	174.5538
552.000000	89.781	175.4049
560.000000	89.708	176.3863
570.000000	89.618	177.6119
580.000000	89.532	178.8384
590.000000	89.450	-179.9210
600.000000	89.371	-178.6791
608.000000	89.309	-177.6867
615.000000	89.256	-176.8169
622.000000	89.205	-175.9428
630.000000	89.148	-174.9420
640.000000	89.081	-173.6896
650.000000	89.017	-172.4296
660.000000	88.956	-171.1713
670.000000	88.897	-169.9116
680.000000	88.840	-168.6446
690.000000	88.787	-167.3751
700.000000	88.737	-166.1089
710.000000	88.690	-164.8397
720.000000	88.645	-163.5649
730.000000	88.603	-162.2908
740.000000	88.564	-161.0135
750.000000	88.527	-159.7328
762.000000	88.487	-158.1971
775.000000	88.447	-156.5374
788.000000	88.412	-154.8741
800.000000	88.382	-153.3375
812.000000	88.352	-151.8026
825.000000	88.323	-150.1421
838.000000	88.300	-148.4831
850.000000	88.283	-146.9530
862.000000	88.269	-145.4285
875.000000	88.258	-143.7889
885.000000	88.253	-142.5338
900.000000	88.251	-140.6611
912.000000	88.254	-139.1701
925.000000	88.260	-137.5659
938.000000	88.271	-135.9797
950.000000	88.284	-134.5265
962.000000	88.300	-133.0863
975.000000	88.320	-131.5407
988.000000	88.343	-130.0116
1000.000000	88.363	-128.6112
1015.000000	88.389	-126.8734
1030.000000	88.415	-125.1538
1044.000000	88.441	-123.5607
1060.000000	88.474	-121.7543
1075.000000	88.507	-120.0721
1090.000000	88.540	-118.4075
1106.000000	88.573	-116.6436
1120.000000	88.595	-115.0505
1138.000000	88.632	-112.8464
1150.000000	88.668	-111.3401
1172.000000	88.747	-108.4738
1180.000000	88.788	-107.3133
1206.000000	89.049	-103.6988
1220.000000	89.220	-102.2104
1241.000000	89.463	-100.3106
1250.000000	89.565	-99.5654
1265.000000	89.734	-98.4167
1280.000000	89.900	-97.3915
1315.000000	90.247	-95.4282
1320.000000	90.290	-95.1838
1340.000000	90.448	-94.2544
1360.000000	90.580	-93.3597
1380.000000	90.690	-92.4659
1400.000000	90.782	-91.5457
1430.000000	90.893	-90.0787
1450.000000	90.955	-89.0302
1475.000000	91.025	-87.6378
1500.000000	91.090	-86.1637
1525.000000	91.153	-84.6248
1550.000000	91.217	-83.0349
1575.000000	91.282	-81.3997
1600.000000	91.350	-79.7270
1625.000000	91.425	-78.0217
1650.000000	91.505	-76.2859
1675.000000	91.589	-74.5265
1700.000000	91.677	-72.7586
1725.000000	91.768	-70.9849
1750.000000	91.862	-69.2028
1775.000000	91.959	-67.4117
1800.000000	92.059	-65.6122
1825.000000	92.162	-63.8085
1850.000000	92.269	-62.0033
1875.000000	92.380	-60.1955
1900.000000	92.495	-58.3871
1925.000000	92.614	-56.5826
1950.000000	92.736	-54.7842
1975.000000	92.861	-52.9908
2000.000000	92.989	-51.2039
2030.000000	93.146	-49.0671
2060.000000	93.308	-46.9392
2090.000000	93.474	-44.8208
2120.000000	93.644	-42.7149
2140.000000	93.760	-41.3184
2180.000000	93.999	-38.5419
2200.000000	94.123	-37.1639
2240.000000	94.376	-34.4345
2270.000000	94.571	-32.4105
2300.000000	94.770	-30.4097
2330.000000	94.973	-28.4293
2360.000000	95.180	-26.4673
2400.000000	95.461	-23.8739
2430.000000	95.676	-21.9448
2470.000000	95.968	-19.3827
2500.000000	96.192	-17.4688
2540.000000	96.499	-14.9348
2580.000000	96.817	-12.4286
2620.000000	97.150	-9.9644
2650.000000	97.409	-8.1700
2690.000000	97.764	-5.8840
2720.000000	98.031	-4.2432
2760.000000	98.382	-2.1041
2800.000000	98.728	0.0531
2850.000000	99.164	2.8879
2900.000000	99.634	5.9988
2950.000000	100.195	9.3906
3000.000000	100.908	12.6475
3040.000000	101.580	14.6116
3070.000000	102.105	15.5092
3110.000000	102.782	15.9781
3150.000000	103.401	15.8691
3200.000000	104.092	15.3359
3250.000000	104.714	14.5778
3300.000000	105.290	13.6125
3350.000000	105.824	12.4102
3400.000000	106.310	10.9412
3450.000000	106.739	9.2274
3500.000000	107.107	7.3174
3550.000000	107.411	5.2214
3600.000000	107.633	2.9335
3650.000000	107.746	0.5891
3700.000000	107.738	-1.4700
3750.000000	107.639	-2.8369
3820.000000	107.495	-3.4069
3870.000000	107.458	-3.3502
3950.000000	107.455	-3.3519
4000.000000	107.438	-3.4113
4060.000000	107.383	-3.3612
4120.000000	107.302	-3.0509
4180.000000	107.209	-2.4318
4250.000000	107.102	-1.3282
4310.000000	107.021	-0.0654
4370.000000	106.956	1.4773
4440.000000	106.914	3.6149
4500.000000	106.918	5.7107
4550.000000	106.961	7.5836
4620.000000	107.084	10.2468
4680.000000	107.239	12.4678
4750.000000	107.460	14.9841
4820.000000	107.731	17.5351
4870.000000	107.975	19.3417
4940.000000	108.384	21.6035
5000.000000	108.783	23.2472
5080.000000	109.385	24.9926
5150.000000	109.982	25.9489
5220.000000	110.637	26.1671
5300.000000	111.431	25.2479
5380.000000	112.209	22.7896
5450.000000	112.784	19.1981
5520.000000	113.185	14.2372
5600.000000	113.393	7.1667
5700.000000	113.245	-2.4335
5800.000000	112.620	-10.6942
5900.000000	111.554	-16.1349
6000.000000	110.273	-18.6642
6080.000000	109.243	-18.8947
6150.000000	108.390	-18.0571
6220.000000	107.596	-16.4589
6300.000000	106.768	-13.9133
6400.000000	105.854	-9.9229
6500.000000	105.070	-5.2780
6600.000000	104.412	-0.1727
6700.000000	103.875	5.2437
6800.000000	103.450	10.8611
6900.000000	103.134	16.6050
7000.000000	102.925	22.4190
7100.000000	102.827	28.2387
7200.000000	102.845	33.9758
7300.000000	102.984	39.5260
7400.000000	103.253	44.7755
7500.000000	103.663	49.5776
7620.000000	104.367	54.3900
7750.000000	105.413	57.6335
7880.000000	106.703	57.3320
8000.000000	107.880	52.3455
8120.000000	108.605	42.4308
8250.000000	108.371	28.6006
8380.000000	106.968	16.3683
8500.000000	104.988	9.6378
8620.000000	102.795	7.6726
8750.000000	100.511	9.6803
8850.000000	98.915	13.2122
9000.000000	96.806	20.5071
9120.000000	95.344	27.4128
9250.000000	93.954	35.4951
9380.000000	92.726	43.9382
9500.000000	91.709	51.9429
9620.000000	90.785	60.1055
9750.000000	89.874	69.0872
9880.000000	89.045	78.1852
10000.000000	88.345	86.6642
10150.000000	87.544	97.3509
10300.000000	86.823	108.1265
10440.000000	86.218	118.2499
10600.000000	85.602	129.8905
10750.000000	85.097	140.8750
10900.000000	84.662	151.9127
11060.000000	84.275	163.7222
11200.000000	83.999	174.0687
11380.000000	83.729	-172.6401
11500.000000	83.601	-163.8013
11720.000000	83.472	-147.6587
11800.000000	83.459	-141.8076
12060.000000	83.543	-122.8586
12200.000000	83.672	-112.7031
12410.000000	83.985	-97.5551
12500.000000	84.166	-91.0808
12650.000000	84.541	-80.3141
12800.000000	85.017	-69.6174
13150.000000	86.587	-45.1710
13200.000000	86.875	-41.7639
13400.000000	88.236	-28.4794
13600.000000	90.028	-16.1575
13800.000000	92.413	-6.0234
14000.000000	95.425	-1.0398
14300.000000	99.809	-11.8890
14500.000000	100.971	-30.4983
14750.000000	99.509	-51.5035
15000.000000	96.441	-57.2358
15250.000000	93.856	-50.0463
15500.000000	92.474	-37.5277
15750.000000	92.304	-24.4203
16000.000000	93.482	-14.7914
16250.000000	95.664	-15.1783
16500.000000	97.126	-29.6533
16750.000000	96.130	-50.3409
17000.000000	92.799	-62.8328
17250.000000	88.620	-61.8218
17500.000000	84.819	-51.0261
17750.000000	81.772	-35.6646
18000.000000	79.346	-18.5217
18250.000000	77.348	-0.5691
18500.000000	75.657	17.8648
18750.000000	74.203	36.6558
19000.000000	72.944	55.7379
19250.000000	71.860	75.1009
19500.000000	70.943	94.7062
19750.000000	70.225	114.0466
20000.000000	69.832	129.0853
