* Measurement data measured by REW V5.31.3
* Source: Microphone (JadeAudio JA11), MICROPHONE (Master Volume), L, volume: 1.000
* Format: 512k Log Swept Sine, 1 sweep at -17.3 dBFS with no timing reference
* Dated: Mar 20, 2026 10:29:05 PM
* REW Settings:
*  C-weighting compensation: Off
*  Target level: 75.0 dB
* Note: 
* Measurement: L Daiso 6088
* Smoothing: 1/24 octave
* Frequency Step: 1/48 octave
* Start Frequency: 20.300 Hz
*
* Freq(Hz)	SPL(dB)	Phase(degrees)
20.299999	106.728	165.4525
20.600000	106.727	165.2901
20.900000	106.723	165.0782
21.200001	106.718	164.8615
21.400000	106.714	164.7213
21.799999	106.704	164.4604
22.000000	106.698	164.3362
22.400000	106.681	164.0502
22.700001	106.666	163.8396
23.000000	106.650	163.6278
23.299999	106.635	163.3758
23.600000	106.621	163.1309
24.000000	106.604	162.8279
24.299999	106.590	162.5767
24.700001	106.570	162.2632
25.000000	106.553	162.0421
25.400000	106.530	161.7095
25.799999	106.507	161.3840
26.200001	106.485	161.0518
26.500000	106.469	160.7961
26.900000	106.451	160.4576
27.200001	106.439	160.2069
27.600000	106.427	159.8772
28.000000	106.419	159.5563
28.500000	106.409	159.1922
29.000000	106.393	158.8631
29.500000	106.371	158.5755
30.000000	106.347	158.3051
30.400000	106.328	158.0842
30.700001	106.314	157.9148
31.100000	106.296	157.6822
31.500000	106.276	157.4408
32.000000	106.246	157.1619
32.500000	106.213	156.8770
33.000000	106.180	156.6037
33.500000	106.150	156.2963
34.000000	106.122	155.9789
34.500000	106.093	155.6502
35.000000	106.064	155.3421
35.500000	106.037	155.0409
36.000000	106.011	154.7369
36.500000	105.986	154.4174
37.000000	105.958	154.0936
37.500000	105.929	153.7968
38.200001	105.891	153.4447
38.700001	105.866	153.2204
39.500000	105.824	152.8351
40.000000	105.793	152.5755
40.599998	105.753	152.2637
41.200001	105.714	151.9747
41.799999	105.676	151.6943
42.500000	105.634	151.3611
43.099998	105.598	151.0740
43.700001	105.559	150.7863
44.400002	105.514	150.4627
45.000000	105.475	150.1938
45.500000	105.443	149.9691
46.200001	105.400	149.6492
46.799999	105.363	149.3778
47.500000	105.321	149.0802
48.200001	105.277	148.8003
48.700001	105.245	148.6013
49.400002	105.201	148.3195
50.000000	105.163	148.0835
50.799999	105.112	147.7718
51.500000	105.066	147.4989
52.200001	105.021	147.2336
53.000000	104.970	146.9471
53.799999	104.918	146.6637
54.500000	104.871	146.4115
55.200001	104.824	146.1562
56.000000	104.773	145.8672
57.000000	104.709	145.5244
58.000000	104.643	145.1946
59.000000	104.580	144.8736
60.000000	104.516	144.5638
60.799999	104.464	144.3206
61.500000	104.419	144.1176
62.200001	104.373	143.9171
63.000000	104.322	143.6821
64.000000	104.258	143.3975
65.000000	104.193	143.1251
66.000000	104.125	142.8492
67.000000	104.060	142.5868
68.000000	103.996	142.3303
69.000000	103.932	142.0786
70.000000	103.868	141.8400
71.000000	103.803	141.6080
72.000000	103.739	141.3804
73.000000	103.676	141.1571
74.000000	103.612	140.9390
75.000000	103.548	140.7290
76.199997	103.473	140.4797
77.500000	103.391	140.2155
78.800003	103.311	139.9595
80.000000	103.237	139.7336
81.199997	103.162	139.5222
82.500000	103.081	139.3018
83.800003	103.001	139.0835
85.000000	102.927	138.8850
86.199997	102.853	138.6960
87.500000	102.774	138.4992
88.500000	102.713	138.3527
90.000000	102.621	138.1464
91.199997	102.549	137.9879
92.500000	102.472	137.8172
93.800003	102.395	137.6570
95.000000	102.324	137.5160
96.199997	102.254	137.3796
97.500000	102.178	137.2347
98.800003	102.104	137.0916
100.000000	102.035	136.9657
101.500000	101.950	136.8170
103.000000	101.865	136.6713
104.400002	101.786	136.5475
106.000000	101.695	136.4188
107.500000	101.612	136.3222
109.000000	101.534	136.1907
110.599998	101.443	136.0431
112.000000	101.365	135.9545
113.800003	101.257	135.8423
115.000000	101.187	135.8871
117.199997	101.106	135.8720
118.000000	101.072	135.7413
120.599998	100.921	135.5075
122.000000	100.847	135.5123
124.099998	100.749	135.4694
125.000000	100.706	135.4279
126.500000	100.631	135.3503
128.000000	100.552	135.2749
131.500000	100.373	135.1120
132.000000	100.349	135.0963
134.000000	100.258	135.0701
136.000000	100.166	135.0737
138.000000	100.074	135.0627
140.000000	99.984	135.0869
143.000000	99.832	135.1285
145.000000	99.738	135.0435
147.500000	99.634	135.0009
150.000000	99.526	135.0693
152.500000	99.410	135.0716
155.000000	99.314	135.0677
157.500000	99.213	135.1424
160.000000	99.100	135.1742
162.500000	98.989	135.2119
165.000000	98.881	135.2712
167.500000	98.773	135.3516
170.000000	98.667	135.4334
172.500000	98.563	135.5113
175.000000	98.459	135.5905
177.500000	98.356	135.6687
180.000000	98.254	135.7514
182.500000	98.154	135.8500
185.000000	98.054	135.9553
187.500000	97.956	136.0640
190.000000	97.859	136.1780
192.500000	97.762	136.2967
195.000000	97.667	136.4175
197.500000	97.572	136.5411
200.000000	97.481	136.6705
203.000000	97.376	136.8346
206.000000	97.273	137.0000
209.000000	97.173	137.1742
212.000000	97.073	137.3551
214.000000	97.007	137.4791
218.000000	96.875	137.7371
220.000000	96.808	137.8663
224.000000	96.675	138.1307
227.000000	96.573	138.3473
230.000000	96.467	138.5863
233.000000	96.354	138.8839
236.000000	96.236	139.3194
240.000000	96.110	140.2926
243.000000	96.094	141.1178
247.000000	96.133	141.3842
250.000000	96.105	141.1026
254.000000	95.992	140.8981
258.000000	95.858	140.9635
262.000000	95.732	141.1734
265.000000	95.641	141.3780
269.000000	95.522	141.6778
272.000000	95.435	141.9157
276.000000	95.319	142.2417
280.000000	95.201	142.6030
285.000000	95.059	143.1681
290.000000	94.959	143.7895
295.000000	94.872	144.1814
300.000000	94.760	144.4780
304.000000	94.661	144.7731
307.000000	94.587	145.0182
311.000000	94.491	145.3651
315.000000	94.398	145.7333
320.000000	94.286	146.1960
325.000000	94.177	146.6557
330.000000	94.068	147.1222
335.000000	93.962	147.5949
340.000000	93.857	148.0691
345.000000	93.754	148.5540
350.000000	93.653	149.0476
355.000000	93.553	149.5424
360.000000	93.455	150.0392
365.000000	93.359	150.5430
370.000000	93.265	151.0531
375.000000	93.172	151.5639
382.000000	93.045	152.2838
387.000000	92.956	152.8012
395.000000	92.816	153.6321
400.000000	92.731	154.1562
406.000000	92.629	154.7867
412.000000	92.531	155.4213
418.000000	92.433	156.0649
425.000000	92.322	156.8160
431.000000	92.229	157.4607
437.000000	92.138	158.1092
444.000000	92.034	158.8684
450.000000	91.946	159.5250
455.000000	91.875	160.0755
462.000000	91.776	160.8434
468.000000	91.692	161.5015
475.000000	91.596	162.2803
482.000000	91.502	163.0779
487.000000	91.435	163.6497
494.000000	91.346	164.4216
500.000000	91.274	165.0968
508.000000	91.180	166.0004
515.000000	91.095	166.7841
522.000000	91.014	167.5915
530.000000	90.923	168.5124
538.000000	90.829	169.4035
545.000000	90.749	170.1909
552.000000	90.671	170.9998
560.000000	90.585	171.9373
570.000000	90.483	173.1146
580.000000	90.385	174.2951
590.000000	90.289	175.4781
600.000000	90.196	176.6580
608.000000	90.123	177.6056
615.000000	90.061	178.4402
622.000000	90.000	179.2785
630.000000	89.933	-179.7612
640.000000	89.852	-178.5590
650.000000	89.774	-177.3538
660.000000	89.699	-176.1477
670.000000	89.626	-174.9340
680.000000	89.556	-173.7143
690.000000	89.490	-172.4913
700.000000	89.425	-171.2632
710.000000	89.363	-170.0347
720.000000	89.303	-168.7982
730.000000	89.247	-167.5570
740.000000	89.193	-166.3138
750.000000	89.142	-165.0693
762.000000	89.084	-163.5693
775.000000	89.026	-161.9388
788.000000	88.972	-160.3098
800.000000	88.925	-158.8028
812.000000	88.879	-157.2919
825.000000	88.832	-155.6534
838.000000	88.789	-154.0206
850.000000	88.754	-152.5150
862.000000	88.722	-151.0104
875.000000	88.692	-149.3820
885.000000	88.672	-148.1338
900.000000	88.647	-146.2675
912.000000	88.632	-144.7845
925.000000	88.618	-143.1842
938.000000	88.609	-141.5913
950.000000	88.603	-140.1283
962.000000	88.601	-138.6753
975.000000	88.601	-137.1136
988.000000	88.602	-135.5592
1000.000000	88.604	-134.1284
1015.000000	88.604	-132.3460
1030.000000	88.604	-130.5641
1044.000000	88.606	-128.8974
1060.000000	88.611	-126.9830
1075.000000	88.618	-125.1635
1090.000000	88.628	-123.2997
1106.000000	88.649	-121.2375
1120.000000	88.685	-119.3611
1138.000000	88.778	-116.9846
1150.000000	88.856	-115.6650
1172.000000	88.927	-113.5976
1180.000000	88.934	-112.7097
1206.000000	88.987	-109.3923
1220.000000	89.039	-107.4131
1241.000000	89.201	-104.0472
1250.000000	89.325	-102.6647
1265.000000	89.573	-100.8470
1280.000000	89.815	-99.5439
1315.000000	90.289	-97.2984
1320.000000	90.348	-97.0318
1340.000000	90.569	-96.0769
1360.000000	90.758	-95.2511
1380.000000	90.916	-94.4968
1400.000000	91.045	-93.7625
1430.000000	91.194	-92.6140
1450.000000	91.272	-91.7905
1475.000000	91.349	-90.6729
1500.000000	91.412	-89.4432
1525.000000	91.468	-88.1154
1550.000000	91.521	-86.6948
1575.000000	91.575	-85.2088
1600.000000	91.632	-83.6781
1625.000000	91.692	-82.0988
1650.000000	91.755	-80.4779
1675.000000	91.821	-78.8192
1700.000000	91.891	-77.1308
1725.000000	91.964	-75.4152
1750.000000	92.041	-73.6792
1775.000000	92.121	-71.9286
1800.000000	92.205	-70.1632
1825.000000	92.293	-68.3906
1850.000000	92.386	-66.6146
1875.000000	92.482	-64.8334
1900.000000	92.582	-63.0466
1925.000000	92.686	-61.2621
1950.000000	92.794	-59.4821
1975.000000	92.906	-57.7093
2000.000000	93.019	-55.9460
2030.000000	93.158	-53.8361
2060.000000	93.299	-51.7225
2090.000000	93.446	-49.6090
2120.000000	93.598	-47.5041
2140.000000	93.703	-46.1076
2180.000000	93.918	-43.3323
2200.000000	94.027	-41.9519
2240.000000	94.253	-39.2101
2270.000000	94.426	-37.1681
2300.000000	94.603	-35.1382
2330.000000	94.783	-33.1181
2360.000000	94.966	-31.1054
2400.000000	95.215	-28.4201
2430.000000	95.404	-26.3894
2470.000000	95.664	-23.6300
2500.000000	95.870	-21.5094
2540.000000	96.169	-18.6609
2580.000000	96.499	-15.9231
2620.000000	96.841	-13.3732
2650.000000	97.096	-11.5372
2690.000000	97.434	-9.0959
2720.000000	97.690	-7.2285
2760.000000	98.049	-4.6418
2800.000000	98.450	-1.9384
2850.000000	99.048	1.3527
2900.000000	99.742	3.9650
2950.000000	100.443	5.6097
3000.000000	101.081	6.6147
3040.000000	101.548	7.2482
3070.000000	101.883	7.6943
3110.000000	102.319	8.2577
3150.000000	102.754	8.7571
3200.000000	103.301	9.2109
3250.000000	103.848	9.3686
3300.000000	104.379	9.1791
3350.000000	104.880	8.6617
3400.000000	105.345	7.8521
3450.000000	105.766	6.7793
3500.000000	106.139	5.4493
3550.000000	106.448	3.8699
3600.000000	106.674	2.1152
3650.000000	106.797	0.3845
3700.000000	106.824	-0.9960
3750.000000	106.797	-1.7611
3820.000000	106.780	-1.9151
3870.000000	106.814	-1.7906
3950.000000	106.891	-1.7319
4000.000000	106.919	-1.7539
4060.000000	106.915	-1.6953
4120.000000	106.877	-1.4257
4180.000000	106.816	-0.8542
4250.000000	106.736	0.2673
4310.000000	106.681	1.6277
4370.000000	106.658	3.2968
4440.000000	106.685	5.4960
4500.000000	106.755	7.4707
4550.000000	106.844	9.1221
4620.000000	107.007	11.4098
4680.000000	107.181	13.3313
4750.000000	107.420	15.5032
4820.000000	107.694	17.6044
4870.000000	107.916	19.0918
4940.000000	108.278	21.1474
5000.000000	108.650	22.7441
5080.000000	109.226	24.4121
5150.000000	109.800	25.2980
5220.000000	110.430	25.4561
5300.000000	111.191	24.4765
5380.000000	111.936	21.9931
5450.000000	112.495	18.4578
5520.000000	112.887	13.7059
5600.000000	113.081	7.0901
5700.000000	112.909	-1.7548
5800.000000	112.255	-9.3202
5900.000000	111.205	-14.3660
6000.000000	109.987	-16.7285
6080.000000	109.011	-16.9283
6150.000000	108.197	-16.1159
6220.000000	107.436	-14.5685
6300.000000	106.641	-12.0928
6400.000000	105.759	-8.1932
6500.000000	105.004	-3.6409
6600.000000	104.371	1.3697
6700.000000	103.854	6.6963
6800.000000	103.450	12.2317
6900.000000	103.154	17.8968
7000.000000	102.965	23.6252
7100.000000	102.887	29.3439
7200.000000	102.924	34.9745
7300.000000	103.084	40.4168
7400.000000	103.375	45.5503
7500.000000	103.813	50.2172
7620.000000	104.560	54.8093
7750.000000	105.663	57.6173
7880.000000	106.993	56.5040
8000.000000	108.134	50.4977
8120.000000	108.722	39.7155
8250.000000	108.274	25.7020
8380.000000	106.694	14.1594
8500.000000	104.637	8.3740
8620.000000	102.444	7.2797
8750.000000	100.220	9.9487
8850.000000	98.684	13.7471
9000.000000	96.662	21.1156
9120.000000	95.252	27.9025
9250.000000	93.895	35.8016
9380.000000	92.683	44.0750
9500.000000	91.671	51.9501
9620.000000	90.746	60.0070
9750.000000	89.831	68.9047
9880.000000	88.997	77.9563
10000.000000	88.291	86.4225
10150.000000	87.485	97.1227
10300.000000	86.762	107.9305
10440.000000	86.159	118.0850
10600.000000	85.548	129.7484
10750.000000	85.049	140.7366
10900.000000	84.618	151.7742
11060.000000	84.232	163.5894
11200.000000	83.958	173.9487
11380.000000	83.692	-172.7207
11500.000000	83.567	-163.8427
11720.000000	83.449	-147.6215
11800.000000	83.440	-141.7439
12060.000000	83.545	-122.7013
12200.000000	83.689	-112.4920
12410.000000	84.028	-97.2629
12500.000000	84.223	-90.7603
12650.000000	84.625	-79.9673
12800.000000	85.128	-69.2743
13150.000000	86.782	-44.8861
13200.000000	87.086	-41.4969
13400.000000	88.524	-28.3367
13600.000000	90.428	-16.3156
13800.000000	92.959	-6.9875
14000.000000	96.068	-3.8171
14300.000000	100.134	-18.5960
14500.000000	100.757	-38.1094
14750.000000	98.748	-56.7065
15000.000000	95.590	-59.2686
15250.000000	93.154	-50.3444
15500.000000	91.907	-37.1058
15750.000000	91.811	-23.5610
16000.000000	93.039	-13.3663
16250.000000	95.312	-12.9427
16500.000000	96.949	-26.8378
16750.000000	96.150	-47.8178
17000.000000	92.929	-61.1756
17250.000000	88.772	-60.8934
17500.000000	84.960	-50.4437
17750.000000	81.914	-35.1899
18000.000000	79.507	-18.0713
18250.000000	77.542	-0.1060
18500.000000	75.893	18.3577
18750.000000	74.490	37.1736
19000.000000	73.289	56.2914
19250.000000	72.267	75.6855
19500.000000	71.418	95.3250
19750.000000	70.768	114.6662
20000.000000	70.416	129.6372
