* Measurement data measured by REW V5.31.3
* Source: Microphone (JadeAudio JA11), MICROPHONE (Master Volume), R, volume: 0.250
* Format: 512k Log Swept Sine, 1 sweep at -13.3 dBFS with no timing reference
* Dated: Jun 15, 2025 6:19:05 PM
* REW Settings:
*  C-weighting compensation: Off
*  Target level: 75.0 dB
* Note: 
* Measurement: R Daiso 7301
* Smoothing: 1/24 octave
* Frequency Step: 96 ppo
* Start Frequency: 20.141602 Hz
*
* Freq(Hz) SPL(dB) Phase(degrees)
20.141602 94.346 -158.6884
20.287556 94.346 -158.7642
20.434568 94.346 -158.9523
20.582645 94.345 -159.1839
20.731796 94.343 -159.4301
20.882027 94.341 -159.6843
21.033346 94.338 -159.9482
21.185763 94.336 -160.2274
21.339284 94.335 -160.5196
21.493917 94.336 -160.8248
21.649671 94.338 -161.1408
21.806553 94.343 -161.4642
21.964572 94.348 -161.7889
22.123737 94.354 -162.1263
22.284054 94.360 -162.4577
22.445534 94.365 -162.7720
22.608183 94.369 -163.0661
22.772012 94.371 -163.3379
22.937027 94.371 -163.5881
23.103238 94.369 -163.8401
23.270654 94.365 -164.0904
23.439282 94.361 -164.3324
23.609133 94.356 -164.5720
23.780215 94.354 -164.8143
23.952536 94.353 -165.0636
24.126106 94.355 -165.3450
24.300934 94.359 -165.6451
24.477028 94.365 -165.9542
24.654399 94.373 -166.2698
24.833055 94.381 -166.5889
25.013005 94.388 -166.9091
25.194260 94.393 -167.2472
25.376828 94.396 -167.5780
25.560719 94.396 -167.8991
25.745942 94.393 -168.2087
25.932508 94.389 -168.5064
26.120426 94.384 -168.7996
26.309705 94.380 -169.0876
26.500356 94.377 -169.3701
26.692388 94.375 -169.6515
26.885812 94.375 -169.9369
27.080638 94.376 -170.2296
27.276876 94.379 -170.5327
27.474535 94.383 -170.8479
27.673627 94.387 -171.1733
27.874161 94.390 -171.5037
28.076149 94.394 -171.8290
28.279600 94.397 -172.1384
28.484526 94.400 -172.4295
28.690937 94.403 -172.6972
28.898843 94.406 -172.9415
29.108256 94.410 -173.1644
29.319186 94.414 -173.3758
29.531645 94.418 -173.5902
29.745644 94.421 -173.8207
29.961193 94.424 -174.0769
30.178304 94.425 -174.3654
30.396989 94.424 -174.6823
30.617258 94.422 -175.0183
30.839123 94.418 -175.3595
31.062596 94.413 -175.6943
31.287688 94.408 -176.0139
31.514412 94.403 -176.3039
31.742778 94.399 -176.5635
31.972800 94.396 -176.7996
32.204488 94.395 -177.0382
32.437855 94.396 -177.2786
32.672913 94.398 -177.5283
32.909674 94.401 -177.7923
33.148151 94.404 -178.0814
33.388356 94.405 -178.3864
33.630302 94.404 -178.6939
33.874001 94.400 -178.9980
34.119466 94.393 -179.3022
34.366710 94.383 -179.6070
34.615745 94.372 -179.9082
34.866585 94.361 179.7921
35.119243 94.351 179.4902
35.373731 94.344 179.1885
35.630064 94.339 178.8962
35.888254 94.335 178.6180
36.148315 94.333 178.3565
36.410261 94.330 178.1097
36.674104 94.327 177.8720
36.939860 94.324 177.6351
37.207542 94.322 177.3941
37.477163 94.321 177.1434
37.748738 94.323 176.8833
38.022281 94.325 176.6187
38.297806 94.328 176.3578
38.575327 94.329 176.1015
38.854860 94.327 175.8491
39.136419 94.321 175.5950
39.420017 94.312 175.3333
39.705671 94.304 175.0620
39.993395 94.297 174.7827
40.283203 94.293 174.4964
40.575112 94.292 174.2161
40.869136 94.292 173.9475
41.165290 94.291 173.6851
41.463591 94.288 173.4240
41.764053 94.282 173.1583
42.066693 94.274 172.8770
42.371525 94.268 172.5710
42.678567 94.264 172.2506
42.987834 94.263 171.9242
43.299341 94.264 171.5964
43.613106 94.266 171.2836
43.929145 94.268 170.9930
44.247473 94.269 170.7242
44.568109 94.269 170.4787
44.891068 94.269 170.2534
45.216367 94.269 170.0398
45.544023 94.269 169.8297
45.874054 94.267 169.6149
46.206476 94.262 169.3885
46.541307 94.253 169.1467
46.878565 94.244 168.8898
47.218266 94.233 168.6194
47.560429 94.224 168.3387
47.905072 94.215 168.0508
48.252212 94.208 167.7584
48.601867 94.202 167.4685
48.954056 94.198 167.1913
49.308798 94.196 166.9336
49.666109 94.195 166.7036
50.026010 94.194 166.4968
50.388520 94.189 166.2950
50.753656 94.180 166.0829
51.121437 94.168 165.8457
51.491884 94.155 165.5814
51.865016 94.143 165.3039
52.240851 94.135 165.0289
52.619410 94.129 164.7688
53.000712 94.123 164.5238
53.384777 94.116 164.2798
53.771625 94.108 164.0305
54.161276 94.100 163.7750
54.553751 94.094 163.5237
54.949070 94.088 163.2899
55.347254 94.080 163.0716
55.748323 94.071 162.8570
56.152298 94.061 162.6277
56.559201 94.053 162.3766
56.969052 94.047 162.1184
57.381873 94.041 161.8729
57.797686 94.035 161.6559
58.216512 94.026 161.4583
58.638373 94.015 161.2555
59.063291 94.006 161.0256
59.491288 93.996 160.7653
59.922386 93.986 160.4899
60.356608 93.973 160.2169
60.793977 93.958 159.9588
61.234515 93.942 159.7158
61.678246 93.927 159.4862
62.125192 93.915 159.2725
62.575377 93.905 159.0745
63.028824 93.896 158.8829
63.485557 93.887 158.6776
63.945599 93.875 158.4437
64.408975 93.859 158.1806
64.875709 93.842 157.9095
65.345825 93.824 157.6492
65.819348 93.807 157.4097
66.296302 93.792 157.1843
66.776713 93.777 156.9633
67.260604 93.763 156.7417
67.748002 93.751 156.5195
68.238932 93.740 156.2971
68.733420 93.729 156.0721
69.231490 93.716 155.8433
69.733170 93.699 155.6127
70.238485 93.681 155.3829
70.747463 93.663 155.1553
71.260128 93.646 154.9319
71.776508 93.627 154.7170
72.296630 93.608 154.5135
72.820521 93.587 154.3185
73.348209 93.566 154.1218
73.879720 93.544 153.9177
74.415083 93.520 153.7063
74.954326 93.497 153.4939
75.497475 93.474 153.2838
76.044561 93.451 153.0770
76.595612 93.429 152.8695
77.150655 93.407 152.6642
77.709720 93.384 152.4651
78.272837 93.360 152.2740
78.840034 93.335 152.0853
79.411342 93.310 151.8915
79.986789 93.286 151.6933
80.566406 93.260 151.5002
81.150224 93.233 151.3163
81.738272 93.204 151.1281
82.330581 93.175 150.9177
82.927182 93.147 150.6904
83.528107 93.119 150.4771
84.133386 93.091 150.3029
84.743051 93.062 150.1521
85.357134 93.030 149.9857
85.975667 92.996 149.7859
86.598682 92.957 149.5728
87.226212 92.917 149.3723
87.858289 92.881 149.1844
88.494946 92.849 148.9969
89.136217 92.819 148.8151
89.782135 92.785 148.6499
90.432733 92.746 148.4986
91.088046 92.706 148.3466
91.748108 92.670 148.1828
92.412952 92.637 148.0042
93.082615 92.605 147.8125
93.757130 92.571 147.6169
94.436533 92.535 147.4284
95.120859 92.498 147.2492
95.810144 92.462 147.0748
96.504423 92.427 146.9062
97.203734 92.391 146.7474
97.908112 92.355 146.5929
98.617595 92.320 146.4362
99.332219 92.286 146.2805
100.052021 92.252 146.1235
100.777039 92.214 145.9545
101.507311 92.174 145.7781
102.242875 92.134 145.6137
102.983769 92.094 145.4614
103.730032 92.054 145.3030
104.481702 92.014 145.1395
105.238820 91.974 144.9854
106.001424 91.933 144.8414
106.769554 91.893 144.6986
107.543250 91.852 144.5523
108.322553 91.812 144.3976
109.107503 91.772 144.2346
109.898141 91.732 144.0728
110.694508 91.692 143.9177
111.496646 91.653 143.7678
112.304596 91.614 143.6229
113.118402 91.576 143.4871
113.938104 91.536 143.3636
114.763747 91.497 143.2493
115.595372 91.455 143.1309
116.433024 91.413 143.0035
117.276746 91.369 142.8716
118.126581 91.324 142.7345
118.982575 91.278 142.5884
119.844772 91.235 142.4355
120.713217 91.193 142.2895
121.587954 91.150 142.1674
122.469031 91.107 142.0630
123.356492 91.063 141.9528
124.250384 91.020 141.8251
125.150753 90.977 141.6898
126.057647 90.935 141.5638
126.971113 90.892 141.4500
127.891198 90.848 141.3322
128.817950 90.803 141.2000
129.751418 90.759 141.0631
130.691651 90.715 140.9414
131.638696 90.670 140.8391
132.592604 90.624 140.7466
133.553425 90.578 140.6520
134.521208 90.533 140.5521
135.496004 90.487 140.4518
136.477864 90.441 140.3570
137.466839 90.394 140.2665
138.462981 90.347 140.1732
139.466340 90.301 140.0717
140.476971 90.257 139.9587
141.494925 90.213 139.8393
142.520256 90.167 139.7242
143.553016 90.121 139.6205
144.593260 90.073 139.5323
145.641043 90.023 139.4493
146.696418 89.972 139.3581
147.759441 89.920 139.2646
148.830166 89.868 139.1754
149.908651 89.814 139.0900
150.994951 89.762 139.0003
152.089123 89.709 138.9085
153.191223 89.658 138.8225
154.301310 89.608 138.7477
155.419441 89.559 138.6881
156.545674 89.512 138.6401
157.680069 89.465 138.5888
158.822683 89.418 138.5267
159.973578 89.370 138.4549
161.132813 89.321 138.3790
162.300447 89.267 138.2976
163.476543 89.209 138.2107
164.661162 89.150 138.1324
165.854364 89.092 138.0840
167.056213 89.036 138.0565
168.266772 88.980 138.0260
169.486102 88.923 137.9823
170.714268 88.867 137.9346
171.951334 88.810 137.8925
173.197364 88.755 137.8568
174.452424 88.703 137.8275
175.716578 88.650 137.8040
176.989893 88.590 137.7797
178.272434 88.520 137.7405
179.564270 88.448 137.6945
180.865467 88.376 137.6619
182.176092 88.302 137.6556
183.496216 88.223 137.6759
184.825905 88.140 137.7234
186.165229 88.053 137.8005
187.514259 87.964 137.9142
188.873065 87.869 138.0782
190.241717 87.768 138.3165
191.620287 87.665 138.6625
193.008847 87.563 139.1535
194.407468 87.470 139.8108
195.816225 87.396 140.6328
197.235190 87.355 141.5898
198.664438 87.360 142.6000
200.104042 87.417 143.5269
201.554078 87.516 144.2121
203.014622 87.631 144.5473
204.485750 87.735 144.5032
205.967538 87.813 144.1562
207.460064 87.856 143.7007
208.963405 87.870 143.3011
210.477640 87.867 142.9875
212.002848 87.859 142.7485
213.539108 87.859 142.5406
215.086500 87.870 142.3083
216.645105 87.883 142.0163
218.215005 87.887 141.6453
219.796281 87.876 141.2004
221.389015 87.848 140.7306
222.993292 87.804 140.2792
224.609193 87.750 139.8528
226.236804 87.690 139.4802
227.876209 87.627 139.2208
229.527494 87.560 139.0775
231.190745 87.489 138.9881
232.866048 87.414 138.8976
234.553491 87.339 138.8037
236.253163 87.267 138.7379
237.965150 87.198 138.7071
239.689544 87.130 138.6832
241.426433 87.064 138.6453
243.175909 86.999 138.5992
244.938062 86.935 138.5732
246.712984 86.872 138.5778
248.500768 86.809 138.5897
250.301507 86.748 138.6053
252.115295 86.691 138.6400
253.942226 86.635 138.6906
255.782396 86.579 138.7444
257.635901 86.524 138.8057
259.502837 86.468 138.8677
261.383301 86.410 138.9286
263.277392 86.354 138.9903
265.185209 86.303 139.0537
267.106850 86.255 139.1006
269.042417 86.204 139.1232
270.992009 86.146 139.1550
272.955729 86.087 139.2261
274.933678 86.035 139.3044
276.925961 85.989 139.3375
278.932681 85.946 139.3232
280.953942 85.904 139.2958
282.989850 85.861 139.3166
285.040511 85.811 139.3977
287.106032 85.751 139.4846
289.186521 85.689 139.5842
291.282086 85.634 139.7128
293.392836 85.584 139.8156
295.518881 85.532 139.8755
297.660333 85.478 139.9335
299.817302 85.422 140.0150
301.989902 85.368 140.1154
304.178245 85.316 140.2305
306.382446 85.268 140.3533
308.602620 85.224 140.4546
310.838882 85.180 140.5232
313.091348 85.131 140.5883
315.360137 85.078 140.6757
317.645367 85.026 140.7876
319.947156 84.975 140.9056
322.265625 84.924 141.0123
324.600895 84.871 141.1133
326.953086 84.815 141.2201
329.322323 84.755 141.3332
331.708729 84.695 141.4464
334.112427 84.635 141.5646
336.533543 84.578 141.6888
338.972204 84.524 141.8132
341.428536 84.474 141.9368
343.902668 84.425 142.0704
346.394729 84.377 142.2192
348.904848 84.331 142.3656
351.433156 84.285 142.4853
353.979786 84.240 142.5849
356.544869 84.194 142.7137
359.128540 84.146 142.8846
361.730934 84.095 143.0561
364.352185 84.042 143.2070
366.992431 83.987 143.3644
369.651810 83.931 143.5244
372.330459 83.875 143.6639
375.028519 83.821 143.7903
377.746130 83.769 143.9204
380.483434 83.716 144.0674
383.240574 83.664 144.2358
386.017693 83.614 144.4182
388.814937 83.566 144.6061
391.632450 83.517 144.7913
394.470380 83.467 144.9668
397.328875 83.415 145.1360
400.208084 83.362 145.3063
403.108157 83.308 145.4846
406.029245 83.253 145.6745
408.971500 83.198 145.8798
411.935076 83.142 146.1028
414.920127 83.091 146.3401
417.926810 83.044 146.5688
420.955280 83.001 146.7803
424.005695 82.956 146.9895
427.078215 82.911 147.2173
430.173000 82.868 147.4765
433.290211 82.826 147.7256
436.430010 82.785 147.9201
439.592562 82.743 148.0736
442.778031 82.700 148.2315
445.986583 82.656 148.4183
449.218386 82.611 148.6251
452.473607 82.563 148.8306
455.752418 82.514 149.0379
459.054987 82.466 149.2682
462.381489 82.417 149.5316
465.732096 82.366 149.8063
469.106983 82.311 150.0529
472.506325 82.257 150.2725
475.930301 82.207 150.5091
479.379088 82.160 150.7736
482.852867 82.113 151.0405
486.351817 82.066 151.2996
489.876123 82.019 151.5428
493.425968 81.974 151.7823
497.001536 81.931 152.0333
500.603014 81.887 152.2965
504.230589 81.842 152.5616
507.884452 81.798 152.8289
511.564792 81.754 153.1190
515.271802 81.710 153.4374
519.005673 81.664 153.7564
522.766602 81.616 154.0468
526.554785 81.570 154.3246
530.370418 81.525 154.6098
534.213700 81.481 154.8979
538.084833 81.438 155.1902
541.984018 81.395 155.4892
545.911457 81.351 155.7959
549.867357 81.307 156.1042
553.851922 81.263 156.4180
557.865362 81.219 156.7361
561.907884 81.176 157.0556
565.979700 81.132 157.3784
570.081022 81.089 157.7065
574.212064 81.045 158.0366
578.373042 81.003 158.3674
582.564171 80.961 158.7039
586.785671 80.921 159.0438
591.037762 80.880 159.3755
595.320665 80.840 159.7026
599.634604 80.800 160.0428
603.979804 80.759 160.4037
608.356491 80.719 160.7758
612.764893 80.679 161.1527
617.205240 80.640 161.5350
621.677763 80.602 161.9160
626.182696 80.564 162.2890
630.720274 80.527 162.6573
635.290733 80.489 163.0311
639.894312 80.450 163.4181
644.531250 80.411 163.8197
649.201789 80.373 164.2299
653.906173 80.334 164.6418
658.644647 80.297 165.0508
663.417457 80.260 165.4592
668.224854 80.224 165.8733
673.067086 80.189 166.2963
677.944408 80.155 166.7282
682.857073 80.120 167.1579
687.805336 80.086 167.5828
692.789457 80.053 168.0060
697.809695 80.022 168.4358
702.866312 79.992 168.8806
707.959571 79.962 169.3354
713.089738 79.932 169.7938
718.257080 79.902 170.2514
723.461867 79.873 170.7122
728.704370 79.844 171.1741
733.984862 79.815 171.6395
739.303619 79.787 172.1102
744.660918 79.761 172.5923
750.057038 79.735 173.0829
755.492260 79.710 173.5773
760.966869 79.687 174.0681
766.481148 79.664 174.5535
772.035387 79.642 175.0436
777.629873 79.620 175.5461
783.264900 79.598 176.0644
788.940760 79.577 176.5893
794.657750 79.557 177.1152
800.416168 79.538 177.6390
806.216313 79.520 178.1611
812.058489 79.503 178.6832
817.943000 79.488 179.2096
823.870152 79.474 179.7438
829.840255 79.461 -179.7157
835.853619 79.450 -179.1740
841.910559 79.440 -178.6323
848.011390 79.431 -178.0873
854.156430 79.424 -177.5375
860.346000 79.418 -176.9824
866.580422 79.413 -176.4227
872.860020 79.409 -175.8653
879.185124 79.406 -175.3143
885.556062 79.406 -174.7628
891.973166 79.406 -174.2058
898.436771 79.406 -173.6482
904.947215 79.409 -173.0915
911.504835 79.414 -172.5338
918.109975 79.422 -171.9809
924.762978 79.429 -171.4350
931.464192 79.437 -170.8865
938.213966 79.445 -170.3306
945.012651 79.455 -169.7748
951.860602 79.467 -169.2253
958.758176 79.483 -168.6791
965.705733 79.500 -168.1344
972.703635 79.517 -167.5953
979.752246 79.535 -167.0625
986.851935 79.554 -166.5358
994.003071 79.575 -166.0185
1001.206027 79.598 -165.5147
1008.461179 79.621 -165.0197
1015.768904 79.645 -164.5277
1023.129584 79.668 -164.0370
1030.543603 79.692 -163.5472
1038.011347 79.716 -163.0631
1045.533205 79.742 -162.5880
1053.109569 79.768 -162.1208
1060.740836 79.795 -161.6607
1068.427401 79.824 -161.2122
1076.169666 79.853 -160.7764
1083.968035 79.883 -160.3513
1091.822915 79.912 -159.9318
1099.734713 79.941 -159.5182
1107.703844 79.970 -159.1163
1115.730723 79.999 -158.7316
1123.815768 80.028 -158.3624
1131.959400 80.056 -158.0083
1140.162045 80.082 -157.6661
1148.424129 80.105 -157.3352
1156.746083 80.122 -157.0105
1165.128342 80.134 -156.6779
1173.571343 80.141 -156.3121
1182.075524 80.145 -155.8893
1190.641331 80.153 -155.4093
1199.269209 80.166 -154.8919
1207.959608 80.186 -154.3607
1216.712981 80.212 -153.8372
1225.529785 80.244 -153.3448
1234.410479 80.278 -152.8939
1243.355526 80.313 -152.4835
1252.365393 80.347 -152.1068
1261.440549 80.378 -151.7489
1270.581467 80.407 -151.3956
1279.788624 80.435 -151.0390
1289.062500 80.461 -150.6785
1298.403578 80.486 -150.3160
1307.812346 80.510 -149.9505
1317.289293 80.532 -149.5801
1326.834914 80.554 -149.2040
1336.449707 80.576 -148.8217
1346.134173 80.597 -148.4369
1355.888816 80.617 -148.0491
1365.714145 80.637 -147.6572
1375.610673 80.657 -147.2633
1385.578915 80.677 -146.8665
1395.619391 80.696 -146.4636
1405.732624 80.714 -146.0504
1415.919142 80.732 -145.6280
1426.179476 80.750 -145.2022
1436.514160 80.769 -144.7749
1446.923734 80.787 -144.3413
1457.408740 80.805 -143.8980
1467.969724 80.823 -143.4442
1478.607238 80.841 -142.9858
1489.321836 80.860 -142.5257
1500.114076 80.880 -142.0632
1510.984521 80.900 -141.5962
1521.933737 80.920 -141.1179
1532.962297 80.941 -140.6296
1544.070773 80.962 -140.1358
1555.259747 80.983 -139.6346
1566.529800 81.005 -139.1267
1577.881521 81.028 -138.6107
1589.315501 81.051 -138.0877
1600.832336 81.075 -137.5560
1612.432627 81.100 -137.0151
1624.116978 81.127 -136.4654
1635.886000 81.156 -135.9112
1647.740304 81.186 -135.3548
1659.680509 81.218 -134.7981
1671.707238 81.250 -134.2423
1683.821118 81.283 -133.6883
1696.022780 81.317 -133.1347
1708.312860 81.350 -132.5759
1720.692000 81.383 -132.0082
1733.160843 81.417 -131.4321
1745.720041 81.451 -130.8484
1758.370248 81.487 -130.2593
1771.112124 81.523 -129.6625
1783.946332 81.561 -129.0553
1796.873543 81.599 -128.4386
1809.894429 81.638 -127.8145
1823.009670 81.676 -127.1812
1836.219950 81.716 -126.5408
1849.525956 81.756 -125.8915
1862.928384 81.797 -125.2308
1876.427931 81.838 -124.5562
1890.025301 81.881 -123.8692
1903.721204 81.926 -123.1726
1917.516352 81.972 -122.4685
1931.411466 82.021 -121.7520
1945.407270 82.072 -121.0192
1959.504493 82.125 -120.2684
1973.703870 82.180 -119.4995
1988.006142 82.237 -118.7142
2002.412054 82.297 -117.9131
2016.922357 82.359 -117.0912
2031.537808 82.423 -116.2443
2046.259169 82.490 -115.3681
2061.087206 82.561 -114.4636
2076.022694 82.636 -113.5322
2091.066410 82.717 -112.5707
2106.219139 82.806 -111.5807
2121.481671 82.903 -110.5587
2136.854802 83.008 -109.5048
2152.339333 83.125 -108.4227
2167.936071 83.255 -107.3273
2183.645829 83.399 -106.2310
2199.469427 83.558 -105.1488
2215.407689 83.735 -104.1015
2231.461446 83.929 -103.1122
2247.631536 84.140 -102.2045
2263.918800 84.366 -101.4068
2280.324089 84.601 -100.7448
2296.848258 84.842 -100.2338
2313.492167 85.081 -99.8744
2330.256685 85.314 -99.6580
2347.142685 85.537 -99.5678
2364.151049 85.747 -99.5754
2381.282662 85.942 -99.6535
2398.538418 86.121 -99.7715
2415.919216 86.285 -99.9036
2433.425962 86.434 -100.0279
2451.059570 86.573 -100.1284
2468.820958 86.703 -100.1914
2486.711052 86.825 -100.2071
2504.730786 86.943 -100.1741
2522.881098 87.059 -100.0986
2541.162934 87.175 -99.9846
2559.577248 87.291 -99.8383
2578.125000 87.409 -99.6626
2596.807157 87.529 -99.4606
2615.624692 87.651 -99.2341
2634.578586 87.776 -98.9888
2653.669829 87.904 -98.7305
2672.899414 88.035 -98.4639
2692.268345 88.170 -98.1892
2711.777632 88.309 -97.9121
2731.428290 88.453 -97.6352
2751.221345 88.602 -97.3591
2771.157829 88.754 -97.0833
2791.238781 88.910 -96.8089
2811.465248 89.070 -96.5369
2831.838284 89.234 -96.2683
2852.358952 89.403 -96.0082
2873.028321 89.577 -95.7578
2893.847468 89.757 -95.5176
2914.817480 89.942 -95.2897
2935.939449 90.133 -95.0796
2957.214476 90.330 -94.8931
2978.643672 90.533 -94.7359
3000.228152 90.743 -94.6151
3021.969041 90.959 -94.5400
3043.867475 91.179 -94.5113
3065.924593 91.403 -94.5319
3088.141547 91.630 -94.6062
3110.519493 91.860 -94.7420
3133.059600 92.092 -94.9487
3155.763041 92.324 -95.2267
3178.631001 92.554 -95.5812
3201.664672 92.776 -96.0091
3224.865254 92.985 -96.5002
3248.233957 93.175 -97.0418
3271.771999 93.349 -97.6304
3295.480608 93.506 -98.2687
3319.361019 93.650 -98.9520
3343.414477 93.779 -99.6646
3367.642236 93.893 -100.3969
3392.045560 93.995 -101.1544
3416.625721 94.087 -101.9441
3441.383999 94.172 -102.7763
3466.321686 94.250 -103.6668
3491.440082 94.323 -104.6370
3516.740496 94.390 -105.7081
3542.224247 94.450 -106.8919
3567.892664 94.503 -108.1957
3593.747085 94.549 -109.6127
3619.788858 94.589 -111.1297
3646.019340 94.623 -112.7278
3672.439900 94.652 -114.3842
3699.051913 94.675 -116.0818
3725.856768 94.695 -117.8059
3752.855862 94.711 -119.5412
3780.050603 94.722 -121.2758
3807.442408 94.730 -122.9979
3835.032705 94.735 -124.6978
3862.822933 94.736 -126.3668
3890.814540 94.734 -127.9918
3919.008986 94.728 -129.5529
3947.407741 94.719 -131.0281
3976.012284 94.706 -132.3887
4004.824108 94.688 -133.6036
4033.844715 94.669 -134.6429
4063.075616 94.649 -135.4893
4092.518337 94.630 -136.1394
4122.174412 94.614 -136.6087
4152.045387 94.601 -136.9305
4182.132820 94.590 -137.1491
4212.438278 94.582 -137.3082
4242.963342 94.577 -137.4426
4273.709604 94.574 -137.5741
4304.678665 94.574 -137.7135
4335.872141 94.576 -137.8605
4367.291658 94.579 -138.0117
4398.938854 94.582 -138.1602
4430.815378 94.585 -138.2985
4462.922893 94.589 -138.4187
4495.263072 94.593 -138.5078
4527.837601 94.597 -138.5467
4560.648179 94.603 -138.5089
4593.696515 94.613 -138.3782
4626.984334 94.632 -138.1834
4660.513370 94.658 -138.0266
4694.285371 94.685 -138.0353
4728.302098 94.707 -138.2487
4762.565324 94.725 -138.5796
4797.076835 94.743 -138.9108
4831.838432 94.762 -139.1829
4866.851925 94.782 -139.3992
4902.119140 94.803 -139.5845
4937.641916 94.825 -139.7698
4973.422105 94.849 -139.9803
5009.461572 94.874 -140.2404
5045.762195 94.901 -140.5691
5082.325868 94.928 -140.9890
5119.154496 94.956 -141.5247
5156.250000 94.985 -142.2072
5193.614313 95.013 -143.0667
5231.249383 95.041 -144.1378
5269.157173 95.067 -145.4533
5307.339658 95.092 -147.0429
5345.798829 95.115 -148.9334
5384.536691 95.135 -151.1471
5423.555263 95.151 -153.6981
5462.856580 95.164 -156.5934
5502.442691 95.174 -159.8213
5542.315659 95.179 -163.3559
5582.477563 95.180 -167.1473
5622.930497 95.178 -171.1273
5663.676569 95.173 -175.2055
5704.717904 95.166 -179.2818
5746.056642 95.156 176.7442
5787.694937 95.142 172.9670
5829.634960 95.124 169.4627
5871.878898 95.103 166.2883
5914.428953 95.077 163.4756
5957.287343 95.047 161.0381
6000.456303 95.012 158.9741
6043.938083 94.972 157.2657
6087.734950 94.926 155.8893
6131.849187 94.876 154.8163
6176.283094 94.821 154.0157
6221.038987 94.761 153.4597
6266.119200 94.697 153.1188
6311.526083 94.628 152.9674
6357.262002 94.554 152.9823
6403.329344 94.475 153.1428
6449.730508 94.393 153.4334
6496.467914 94.308 153.8401
6543.543998 94.219 154.3531
6590.961215 94.130 154.9610
6638.722037 94.039 155.6498
6686.828954 93.948 156.4119
6735.284473 93.859 157.2409
6784.091120 93.772 158.1339
6833.251441 93.691 159.0826
6882.767998 93.617 160.0798
6932.643372 93.556 161.1117
6982.880164 93.510 162.1675
7033.480992 93.479 163.2385
7084.448495 93.467 164.3124
7135.785329 93.475 165.3719
7187.494171 93.505 166.3992
7239.577717 93.556 167.3762
7292.038681 93.626 168.2852
7344.879799 93.711 169.1086
7398.103826 93.809 169.8235
7451.713536 93.916 170.3945
7505.711724 94.032 170.7751
7560.101205 94.154 170.9108
7614.884815 94.278 170.7355
7670.065409 94.403 170.1616
7725.645865 94.524 169.0778
7781.629080 94.639 167.3455
7838.017972 94.745 164.8049
7894.815481 94.838 161.2847
7952.024569 94.914 156.6301
8009.648217 94.967 150.7590
8067.689429 94.992 143.7296
8126.151233 94.984 135.8055
8185.036674 94.939 127.4711
8244.348824 94.851 119.3380
8304.090774 94.712 111.9861
8364.265639 94.506 105.8084
8424.876556 94.205 100.9436
8485.926684 93.775 97.3418
8547.419207 93.190 94.8596
8609.357330 92.453 93.3003
8671.744282 91.606 92.4568
8734.583316 90.707 92.1809
8797.877707 89.804 92.3783
8861.630756 88.925 92.9754
8925.845785 88.084 93.9060
8990.526143 87.284 95.1135
9055.675202 86.524 96.5544
9121.296357 85.802 98.1934
9187.393031 85.115 100.0075
9253.968668 84.461 101.9740
9321.026740 83.840 104.0739
9388.570742 83.249 106.2880
9456.604196 82.686 108.6019
9525.130648 82.151 111.0067
9594.153671 81.640 113.4942
9663.676863 81.153 116.0545
9733.703850 80.689 118.6804
9804.238280 80.247 121.3655
9875.283832 79.826 124.1055
9946.844210 79.426 126.8943
10018.923143 79.045 129.7293
10091.524390 78.682 132.6078
10164.651736 78.338 135.5296
10238.308993 78.011 138.4940
10312.500000 77.703 141.4989
10387.228626 77.412 144.5398
10462.498767 77.139 147.6141
10538.314345 76.883 150.7181
10614.679315 76.643 153.8508
10691.597657 76.421 157.0129
10769.073381 76.216 160.2019
10847.110526 76.027 163.4195
10925.713161 75.856 166.6636
11004.885382 75.701 169.9316
11084.631318 75.564 173.2252
11164.955126 75.445 176.5445
11245.860993 75.345 179.8922
11327.353138 75.264 -176.7363
11409.435808 75.204 -173.3530
11492.113283 75.163 -169.9621
11575.389873 75.143 -166.5623
11659.269920 75.143 -163.1479
11743.757796 75.165 -159.7166
11828.857906 75.211 -156.2755
11914.574686 75.281 -152.8276
12000.912606 75.376 -149.3758
12087.876166 75.498 -145.9222
12175.469900 75.649 -142.4683
12263.698373 75.829 -139.0182
12352.566187 76.042 -135.5733
12442.077974 76.290 -132.1366
12532.238400 76.576 -128.7165
12623.052165 76.904 -125.3215
12714.524005 77.279 -121.9602
12806.658687 77.705 -118.6469
12899.461015 78.189 -115.3990
12992.935827 78.738 -112.2427
13087.087996 79.363 -109.2115
13181.922430 80.076 -106.3572
13277.444074 80.893 -103.7578
13373.657907 81.833 -101.5347
13470.568945 82.915 -99.8811
13568.182241 84.151 -99.0887
13666.502883 85.536 -99.5651
13765.535996 87.025 -101.8071
13865.286744 88.529 -106.3075
13965.760328 89.912 -113.3806
14066.961984 91.015 -122.9725
14168.896989 91.686 -134.4989
14271.570658 91.828 -146.8422
14374.988342 91.437 -158.6085
14479.155433 90.602 -168.5910
14584.077362 89.480 -176.0991
14689.759598 88.239 179.0039
14796.207652 87.029 176.4356
14903.427072 85.954 175.6968
15011.423448 85.066 176.2505
15120.202410 84.384 177.6338
15229.769630 83.906 179.4857
15340.130819 83.629 -178.4758
15451.291730 83.555 -176.5119
15563.258160 83.693 -174.9151
15676.035944 84.051 -174.0772
15789.630962 84.624 -174.5247
15904.049137 85.365 -176.8879
16019.296433 86.167 178.2396
16135.378859 86.858 170.5381
16252.302465 87.235 160.2261
16370.073348 87.118 148.2073
16488.697648 86.412 135.9472
16608.181548 85.138 124.9791
16728.531278 83.410 116.3919
16849.753112 81.387 110.6595
16971.853368 79.230 107.7269
17094.838414 77.076 107.1909
17218.714660 75.020 108.5034
17343.488565 73.110 111.1356
17469.166632 71.357 114.6739
17595.755415 69.748 118.8300
17723.261512 68.264 123.4198
17851.691571 66.884 128.3310
17981.052287 65.589 133.4984
18111.350404 64.366 138.8722
18242.592715 63.205 144.4211
18374.786062 62.096 150.1265
18507.937336 61.032 155.9713
18642.053479 60.007 161.9547
18777.141484 59.019 168.0909
18913.208391 58.068 174.3920
19050.261296 57.156 -179.1443
19188.307342 56.283 -172.5272
19327.353727 55.452 -165.7786
19467.407699 54.668 -158.9182
19608.476560 53.944 -151.9963
19750.567664 53.312 -145.1877
19893.688419 52.831 -139.0512
20037.846286 52.578 -134.9811
