20.000000	3.547
20.299999	3.548
20.600000	3.548
20.900000	3.548
21.200001	3.547
21.400000	3.546
21.799999	3.545
22.000000	3.544
22.400000	3.543
22.700001	3.542
23.000000	3.540
23.299999	3.538
23.600000	3.536
24.000000	3.532
24.299999	3.529
24.700001	3.526
25.000000	3.522
25.400000	3.517
25.799999	3.513
26.200001	3.509
26.500000	3.505
26.900000	3.501
27.200001	3.498
27.600000	3.494
28.000000	3.491
28.500000	3.487
29.000000	3.485
29.500000	3.483
30.000000	3.482
30.400000	3.482
30.700001	3.482
31.100000	3.482
31.500000	3.483
32.000000	3.485
32.500000	3.487
33.000000	3.489
33.500000	3.491
34.000000	3.493
34.500000	3.494
35.000000	3.495
35.500000	3.496
36.000000	3.496
36.500000	3.495
37.000000	3.494
37.500000	3.492
38.200001	3.488
38.700001	3.484
39.500000	3.477
40.000000	3.471
40.599998	3.464
41.200001	3.455
41.799999	3.447
42.500000	3.436
43.099998	3.426
43.700001	3.415
44.400002	3.403
45.000000	3.391
45.500000	3.381
46.200001	3.367
46.799999	3.354
47.500000	3.339
48.200001	3.323
48.700001	3.311
49.400002	3.294
50.000000	3.279
50.799999	3.258
51.500000	3.239
52.200001	3.219
53.000000	3.195
53.799999	3.170
54.500000	3.147
55.200001	3.123
56.000000	3.095
57.000000	3.058
58.000000	3.020
59.000000	2.980
60.000000	2.938
60.799999	2.903
61.500000	2.871
62.200001	2.839
63.000000	2.801
64.000000	2.752
65.000000	2.702
66.000000	2.651
67.000000	2.599
68.000000	2.546
69.000000	2.491
70.000000	2.436
71.000000	2.381
72.000000	2.325
73.000000	2.269
74.000000	2.213
75.000000	2.156
76.199997	2.088
77.500000	2.014
78.800003	1.940
80.000000	1.873
81.199997	1.805
82.500000	1.732
83.800003	1.659
85.000000	1.592
86.199997	1.526
87.500000	1.454
88.500000	1.399
90.000000	1.317
91.199997	1.252
92.500000	1.181
93.800003	1.110
95.000000	1.044
96.199997	0.979
97.500000	0.909
98.800003	0.838
100.000000	0.773
101.500000	0.692
103.000000	0.612
104.400002	0.538
106.000000	0.453
107.500000	0.375
109.000000	0.297
110.599998	0.216
112.000000	0.145
113.800003	0.056
115.000000	-0.003
117.199997	-0.107
118.000000	-0.144
120.599998	-0.261
122.000000	-0.322
124.099998	-0.411
125.000000	-0.447
126.500000	-0.507
128.000000	-0.564
131.500000	-0.691
132.000000	-0.709
134.000000	-0.776
136.000000	-0.840
138.000000	-0.901
140.000000	-0.960
143.000000	-1.043
145.000000	-1.096
147.500000	-1.160
150.000000	-1.221
152.500000	-1.280
155.000000	-1.336
157.500000	-1.391
160.000000	-1.444
162.500000	-1.496
165.000000	-1.546
167.500000	-1.595
170.000000	-1.643
172.500000	-1.689
175.000000	-1.735
177.500000	-1.778
180.000000	-1.821
182.500000	-1.862
185.000000	-1.902
187.500000	-1.940
190.000000	-1.977
192.500000	-2.013
195.000000	-2.046
197.500000	-2.078
200.000000	-2.108
203.000000	-2.142
206.000000	-2.174
209.000000	-2.203
212.000000	-2.229
214.000000	-2.244
218.000000	-2.272
220.000000	-2.283
224.000000	-2.301
227.000000	-2.310
230.000000	-2.315
233.000000	-2.317
236.000000	-2.314
240.000000	-2.305
243.000000	-2.293
247.000000	-2.272
250.000000	-2.253
254.000000	-2.223
258.000000	-2.188
262.000000	-2.149
265.000000	-2.119
269.000000	-2.077
272.000000	-2.044
276.000000	-1.999
280.000000	-1.954
285.000000	-1.895
290.000000	-1.837
295.000000	-1.779
300.000000	-1.721
304.000000	-1.675
307.000000	-1.640
311.000000	-1.596
315.000000	-1.554
320.000000	-1.505
325.000000	-1.461
330.000000	-1.423
335.000000	-1.391
340.000000	-1.366
345.000000	-1.345
350.000000	-1.327
355.000000	-1.311
360.000000	-1.296
365.000000	-1.282
370.000000	-1.268
375.000000	-1.253
382.000000	-1.233
387.000000	-1.219
395.000000	-1.195
400.000000	-1.180
406.000000	-1.162
412.000000	-1.143
418.000000	-1.125
425.000000	-1.103
431.000000	-1.084
437.000000	-1.065
444.000000	-1.043
450.000000	-1.023
455.000000	-1.007
462.000000	-0.984
468.000000	-0.965
475.000000	-0.942
482.000000	-0.919
487.000000	-0.903
494.000000	-0.881
500.000000	-0.861
508.000000	-0.836
515.000000	-0.814
522.000000	-0.793
530.000000	-0.769
538.000000	-0.744
545.000000	-0.724
552.000000	-0.704
560.000000	-0.681
570.000000	-0.654
580.000000	-0.627
590.000000	-0.600
600.000000	-0.574
608.000000	-0.553
615.000000	-0.534
622.000000	-0.516
630.000000	-0.495
640.000000	-0.469
650.000000	-0.442
660.000000	-0.415
670.000000	-0.387
680.000000	-0.358
690.000000	-0.329
700.000000	-0.299
710.000000	-0.269
720.000000	-0.238
730.000000	-0.206
740.000000	-0.174
750.000000	-0.141
762.000000	-0.101
775.000000	-0.057
788.000000	-0.013
800.000000	0.027
812.000000	0.068
825.000000	0.112
838.000000	0.155
850.000000	0.195
862.000000	0.234
875.000000	0.275
885.000000	0.305
900.000000	0.347
912.000000	0.378
925.000000	0.407
938.000000	0.433
950.000000	0.453
962.000000	0.471
975.000000	0.487
988.000000	0.503
1000.000000	0.516
1015.000000	0.534
1030.000000	0.553
1044.000000	0.572
1060.000000	0.596
1075.000000	0.622
1090.000000	0.651
1106.000000	0.686
1120.000000	0.722
1138.000000	0.775
1150.000000	0.815
1172.000000	0.898
1180.000000	0.931
1206.000000	1.046
1220.000000	1.112
1241.000000	1.216
1250.000000	1.262
1265.000000	1.340
1280.000000	1.419
1315.000000	1.609
1320.000000	1.636
1340.000000	1.747
1360.000000	1.860
1380.000000	1.975
1400.000000	2.091
1430.000000	2.269
1450.000000	2.389
1475.000000	2.542
1500.000000	2.697
1525.000000	2.855
1550.000000	3.015
1575.000000	3.178
1600.000000	3.343
1625.000000	3.511
1650.000000	3.681
1675.000000	3.853
1700.000000	4.027
1725.000000	4.203
1750.000000	4.380
1775.000000	4.560
1800.000000	4.740
1825.000000	4.923
1850.000000	5.107
1875.000000	5.296
1900.000000	5.489
1925.000000	5.689
1950.000000	5.896
1975.000000	6.109
2000.000000	6.327
2030.000000	6.593
2060.000000	6.860
2090.000000	7.125
2120.000000	7.385
2140.000000	7.555
2180.000000	7.886
2200.000000	8.047
2240.000000	8.360
2270.000000	8.586
2300.000000	8.806
2330.000000	9.017
2360.000000	9.217
2400.000000	9.461
2430.000000	9.625
2470.000000	9.821
2500.000000	9.957
2540.000000	10.128
2580.000000	10.289
2620.000000	10.439
2650.000000	10.544
2690.000000	10.673
2720.000000	10.760
2760.000000	10.865
2800.000000	10.954
2850.000000	11.046
2900.000000	11.117
2950.000000	11.169
3000.000000	11.203
3040.000000	11.219
3070.000000	11.225
3110.000000	11.225
3150.000000	11.216
3200.000000	11.193
3250.000000	11.155
3300.000000	11.104
3350.000000	11.039
3400.000000	10.963
3450.000000	10.876
3500.000000	10.782
3550.000000	10.682
3600.000000	10.577
3650.000000	10.470
3700.000000	10.361
3750.000000	10.250
3820.000000	10.094
3870.000000	9.981
3950.000000	9.800
4000.000000	9.687
4060.000000	9.551
4120.000000	9.416
4180.000000	9.282
4250.000000	9.127
4310.000000	8.996
4370.000000	8.867
4440.000000	8.719
4500.000000	8.595
4550.000000	8.493
4620.000000	8.354
4680.000000	8.237
4750.000000	8.105
4820.000000	7.977
4870.000000	7.888
4940.000000	7.767
5000.000000	7.666
5080.000000	7.537
5150.000000	7.428
5220.000000	7.323
5300.000000	7.207
5380.000000	7.096
5450.000000	7.002
5520.000000	6.912
5600.000000	6.813
5700.000000	6.694
5800.000000	6.581
5900.000000	6.473
6000.000000	6.369
6080.000000	6.288
6150.000000	6.218
6220.000000	6.148
6300.000000	6.068
6400.000000	5.963
6500.000000	5.849
6600.000000	5.724
6700.000000	5.588
6800.000000	5.442
6900.000000	5.287
7000.000000	5.128
7100.000000	4.965
7200.000000	4.802
7300.000000	4.639
7400.000000	4.478
7500.000000	4.318
7620.000000	4.127
7750.000000	3.923
7880.000000	3.719
8000.000000	3.533
8120.000000	3.347
8250.000000	3.145
8380.000000	2.943
8500.000000	2.758
8620.000000	2.571
8750.000000	2.369
8850.000000	2.214
9000.000000	1.979
9120.000000	1.790
9250.000000	1.585
9380.000000	1.379
9500.000000	1.187
9620.000000	0.994
9750.000000	0.783
9880.000000	0.571
10000.000000	0.372
10150.000000	0.121
10300.000000	-0.133
10440.000000	-0.375
10600.000000	-0.656
10750.000000	-0.925
10900.000000	-1.200
11060.000000	-1.502
11200.000000	-1.773
11380.000000	-2.131
11500.000000	-2.375
11720.000000	-2.826
11800.000000	-2.987
12060.000000	-3.481
12200.000000	-3.713
12410.000000	-4.004
12500.000000	-4.109
12650.000000	-4.262
12800.000000	-4.399
13150.000000	-4.703
13200.000000	-4.748
13400.000000	-4.935
13600.000000	-5.134
13800.000000	-5.347
14000.000000	-5.571
14300.000000	-5.927
14500.000000	-6.177
14750.000000	-6.502
15000.000000	-6.843
15250.000000	-7.197
15500.000000	-7.567
15750.000000	-7.952
16000.000000	-8.351
16250.000000	-8.763
16500.000000	-9.189
16750.000000	-9.628
17000.000000	-10.078
17250.000000	-10.540
17500.000000	-11.012
17750.000000	-11.493
18000.000000	-11.984
18250.000000	-12.482
18500.000000	-12.987
18750.000000	-13.498
19000.000000	-14.016
19250.000000	-14.558
19500.000000	-15.222
19750.000000	-16.232
20000.000000	-17.511
