20,95.9217995984363
20.2909066987505,95.9161884050163
20.5860447328698,95.9105768213104
20.8854756485483,95.904964202394
21.1892618871859,95.8993501052219
21.4974667984139,95.8937349085641
21.8101546533052,95.8881203061728
22.1273906577767,95.8825096096304
22.4492409661875,95.876908028874
22.7757726951339,95.8713228975352
23.1070539374455,95.8657637320913
23.4431537763851,95.8602418648222
23.7841423000544,95.8547700668797
24.1300906160105,95.8493621989587
24.4810708660931,95.8440324965853
24.8371562414697,95.8387945532578
25.1984209978975,95.8336605134188
25.5649404712087,95.8286402291203
25.9367910930202,95.8237403099313
26.3140504066728,95.8189631715679
26.6967970834007,95.8143061910167
27.0851109387379,95.8097611498106
27.4790729491618,95.8053136136946
27.87876526898,95.8009424338006
28.284271247462,95.7966194491102
28.6956754462201,95.7923093482212
29.1130636568438,95.7879695676153
29.5365229187901,95.7835504681821
29.9661415375337,95.7789957493977
30.4020091029824,95.7742430102639
30.8442165081589,95.7692244413293
31.2928559681556,95.763867352698
31.7480210393641,95.7580947865226
32.2098066389852,95.7518263322378
32.6783090648221,95.7449788998742
33.1536260153619,95.7374675481427
33.6358566101487,95.7292065698994
34.1251014104538,95.7201106668136
34.6214624402459,95.7100959956132
35.1250432074661,95.6990808417516
35.6359487256137,95.6869862781989
36.1542855356442,95.6737371185073
36.680161728187,95.6592624072111
37.213686966086,95.6434952778231
37.7549725072679,95.6263727786739
38.3041312279431,95.6078360555424
38.8612776461444,95.5878306371792
39.4265279456077,95.5663067318693
40.0000000000002,95.5432198761227
40.5818133975012,95.5185320315771
41.1720894657399,95.4922125686565
41.7709512970968,95.4642385170539
42.378523774372,95.434594638899
42.9949335968281,95.4032740211084
43.6203093066106,95.3702786930176
44.2547813155536,95.3356194353176
44.8984819323752,95.2993153119119
45.551545390268,95.2613934194462
46.2141078748912,95.2218887091133
46.8863075527704,95.1808431072828
47.5682846001092,95.1383043771012
48.2601812320212,95.0943251287447
48.9621417321865,95.0489613581999
49.6743124829397,95.0022703194385
50.3968419957953,94.9543082551905
51.1298809424176,94.905128573723
51.8735821860408,94.8547807494471
52.6281008133459,94.8033101111659
53.3935941668018,94.7507581253823
54.1702218774761,94.6971626256034
54.958145898324,94.6425574895812
55.7575305379604,94.5869716535781
56.5685424949243,94.5304279170791
57.3913508924405,94.4729424061916
58.226127313688,94.41452686009
59.0730458375805,94.3551925274253
59.9322830750678,94.294954582708
60.8040182059651,94.2338362824702
61.6884330163182,94.171870836047
62.5857119363115,94.109099151144
63.4960420787286,94.0455648648184
64.4196132779708,93.9813096140186
65.3566181296446,93.9163710170949
66.3072520307241,93.8507831262924
67.2717132202978,93.7845776246483
68.2502028209081,93.717784894024
69.2429248804921,93.6504344768963
70.2500864149327,93.5825549394751
71.2718974512278,93.5141732101407
72.3085710712888,93.4453135684692
73.3603234563744,93.3759960608282
74.4273739321725,93.3062342495845
75.5099450145362,93.236032339038
76.6082624558867,93.1653825917636
77.7225552922893,93.0942655268186
78.8530558912158,93.0226524129345
80.0000000000008,92.9505083540181
81.1636267950027,92.8777951053652
82.3441789314802,92.8044736245445
83.541902594194,92.7305063956998
84.7570475487445,92.6558594948829
85.9898671936567,92.5805042904685
87.2406186132216,92.5044188483242
88.5095626311076,92.4275890007623
89.7969638647508,92.350009260638
91.1030907805364,92.2716833471269
92.4282157497829,92.1926243110055
93.7726151055412,92.1128544278479
95.1365692002188,92.0324045721584
96.5203624640429,91.951313315354
97.9242834643736,91.8696255211185
99.3486249658799,91.7873903644848
100.793683991591,91.7046588502641
102.259761884836,91.6214814457626
103.747164372082,91.5379085919419
105.256201626692,91.4539934236086
106.787188333604,91.3697945537018
108.340443754953,91.2853784919529
109.916291796649,91.2008213670009
111.515061075921,91.1162098653214
113.137084989849,91.0316414164388
114.782701784881,90.9472234033536
116.452254627376,90.8630716342851
118.146091675161,90.7793076652559
119.864566150136,90.6960551724326
121.608036411931,90.6134369665952
123.376866032637,90.5315749504236
125.171423872624,90.4505905542756
126.992084157458,90.3706042677922
128.839226555942,90.2917338921771
130.71323625929,90.2140914974777
132.614504061449,90.1377793128182
134.543426440596,90.0628847487509
136.500405641817,89.9894766048185
138.485849760985,89.9176028305968
140.500172829866,89.847288181409
142.543794902456,89.7785314774583
144.617142142578,89.7113057274006
146.72064691275,89.6455614909683
148.854747864346,89.581231042835
151.019890029073,89.5182322136709
153.216524911774,89.456471829673
155.445110584579,89.3958488653882
157.706111782432,89.3362575798548
160.000000000002,89.2775905061476
162.327253590006,89.2197406578756
164.688357862961,89.1626036976846
167.083805188389,89.1060805764203
169.51409509749,89.0500801319989
171.979734387314,88.9945209320037
174.481237226444,88.9393324089405
177.019125262216,88.8844567708219
179.593927729503,88.829850443569
182.206181561074,88.7754845468879
184.856431499567,88.7213446620538
187.545230211083,88.6674305326943
190.273138400438,88.6137554409361
193.040724928087,88.5603441386723
195.848566928748,88.5072301400403
198.697249931761,88.4544531433332
201.587367983183,88.4020554086987
204.519523769672,88.3500779895523
207.494328744165,88.2985596206504
210.512403253386,88.2475388867151
213.574376667209,88.1970557353483
216.680887509907,88.1471516965316
219.832583593298,88.0978698665866
223.030122151844,88.0492551834969
226.274169979699,88.0013532033536
229.565403569764,87.9542074166281
232.904509254754,87.907857326707
236.292183350324,87.8623369301582
239.729132300273,87.8176715418745
243.216072823863,87.7738755485234
246.753732065275,87.7309531457003
250.342847745248,87.6888991526438
253.984168314917,87.6476988016185
257.678453111885,87.6073278196062
261.426472518581,87.567753606626
265.229008122899,87.5289364690381
269.086852881194,87.4908296546537
273.000811283635,87.4533793484454
276.971699521971,87.4165261509881
281.000345659733,87.3802063297243
285.087589804914,87.3443521314782
289.234284285158,87.3088929914238
293.441293825501,87.2737585480796
297.709495728693,87.2388820170563
302.039780058148,87.2042024014506
306.43304982355,87.1696653658449
310.89022116916,87.1352245848958
315.412223564866,87.100843787181
320.000000000007,87.0664983650762
324.654507180014,87.0321765548059
329.376715725924,86.9978811017837
334.167610376779,86.9636305183987
339.028190194982,86.9294595139153
343.95946877463,86.8954184896834
348.96247445289,86.8615730724075
354.038250524434,86.8280031812516
359.187855459007,86.7948014642104
364.412363122149,86.7620711621853
369.712862999135,86.7299236100065
375.090460422169,86.6984758370887
380.546276800879,86.6678478505294
386.081449856175,86.638158813126
391.697133857498,86.6095225059109
397.394499863524,86.5820423922827
403.174735966368,86.5558066034806
409.039047539347,86.5308835834676
414.988657488332,86.5073187557164
421.024806506773,86.4851322907624
427.148753334421,86.4643178999875
433.361775019815,86.4448434612099
439.665167186598,86.4266528646782
446.06024430369,86.4096693255375
452.548339959401,86.3938001570948
459.130807139531,86.3789427563542
465.809018509511,86.3649915659851
472.584366700651,86.3518458359192
479.458264600549,86.3394165943683
486.432145647728,86.3276324423441
493.507464130553,86.3164453034091
500.685695490499,86.3058351130522
507.968336629836,86.2958129465501
515.356906223774,86.2864217378207
522.852945037164,86.2777337070837
530.458016245801,86.2698460256797
538.17370576239,86.2628762890417
546.001622567272,86.2569588790961
553.943399043945,86.2522423625253
562.000691319469,86.2488888500481
570.175179609831,86.2470730000508
578.468568570319,86.2469781087021
586.882587651004,86.2487899741472
595.418991457388,86.2526889975936
604.079560116299,86.2588417885116
612.866099647102,86.2673936819258
621.780442338323,86.2784674491938
630.824447129736,86.292170024778
640.000000000016,86.3086014959667
649.309014360031,86.3278596188383
658.753431451852,86.3500380721445
668.335220753562,86.375221105734
678.056380389966,86.4034769661738
687.918937549263,86.4348512847287
697.924948905783,86.4693629726702
708.076501048872,86.5070014210513
718.375710918017,86.5477238291999
728.824726244302,86.5914535111372
739.425725998274,86.6380823718563
750.18092084434,86.6874770395625
761.092553601761,86.739485366304
772.162899712354,86.7939408227695
783.394267715,86.8506619921143
794.788999727051,86.9094500087984
806.34947193274,86.9700868121846
818.078095078697,87.0323347094888
829.977314976668,87.0959387711887
842.049613013551,87.1606334190336
854.297506668845,87.2261469598507
866.723550039635,87.292205190681
879.330334373201,87.3585329775418
892.120488607384,87.4248567807087
905.096679918806,87.4909022816789
918.261614279065,87.5563863333161
931.618037019026,87.6210092031435
945.168733401306,87.6844521547151
958.916529201103,87.7463783217925
972.864291295461,87.8064398830185
987.01492826111,87.86430359226
1001.371390981,87.91969018424
1015.93667325968,87.9724147827849
1030.71381244755,88.0224200072769
1045.70589007433,88.0697942838334
1060.91603249161,88.1147708002536
1076.34741152479,88.1577056749989
1092.00324513455,88.1990492180553
1107.88679808789,88.239318527964
1124.00138263894,88.2790622795946
1140.35035921967,88.3188173265932
1156.93713714064,88.3590722708733
1173.76517530201,88.4002569110405
1190.83798291478,88.4427442043502
1208.1591202326,88.4868566728024
1225.73219929421,88.5328757084493
1243.56088467665,88.5810576144787
1261.64889425948,88.6316497743208
1280.00000000004,88.6849090229163
1298.61802872007,88.7411428570154
1317.50686290371,88.8007519497118
1336.67044150713,88.8642412930021
1356.11276077994,88.9321955701301
1375.83787509853,89.0052406571547
1395.84989781157,89.0840063848066
1416.15300209775,89.1691003502324
1436.75142183604,89.2610897570195
1457.64945248861,89.3604714546746
1478.85145199655,89.467632935887
1500.36184168869,89.5828193761739
1522.18510720353,89.7061090130962
1544.32579942472,89.8374035726247
1566.78853543001,89.9764637552082
1589.57799945411,90.1229561810912
1612.69894386549,90.2764769967674
1636.1561901574,90.4365578887663
1659.95462995334,90.6026915607887
1684.09922602711,90.7743630954079
1708.5950133377,90.9510576709646
1733.44710007928,91.1322512635264
1758.66066874641,91.3174030643537
1784.24097721478,91.5059554010009
1810.19335983762,91.6973267827642
1836.52322855814,91.8908912752533
1863.23607403806,92.0859686866001
1890.33746680262,92.2818331402965
1917.83305840221,92.4777295786086
1945.72858259093,92.6728993159815
1974.02985652223,92.866630743196
2002.74278196202,93.0583544910661
2031.87334651936,93.2477677128855
2061.42762489511,93.4348953796495
2091.41178014868,93.6199594032063
2121.83206498322,93.8031977544705
2152.69482304958,93.9847484608742
2184.00649026911,94.1645793868869
2215.7735961758,94.3424469428766
2248.0027652779,94.5179136129884
2280.70071843935,94.6904379700054
2313.8742742813,94.8594716259446
2347.53035060404,95.0245586752615
2381.67596582958,95.1854903342623
2416.31824046522,95.3424463226071
2451.46439858843,95.4959754579345
2487.12176935332,95.6468254140767
2523.29778851897,95.7958046953819
2560.00000000009,95.9436847934807
2597.23605744015,96.0910186336898
2635.01372580743,96.2378989393538
2673.34088301427,96.3838084256756
2712.22552155989,96.5276049743721
2751.67575019708,96.6675012681556
2791.69979562316,96.8011021499321
2832.30600419551,96.9257124887331
2873.5028436721,97.0388342026916
2915.29890497723,97.1383912314307
2957.70290399312,97.2228386460227
3000.72368337739,97.291340986388
3044.37021440708,97.3439238423022
3088.65159884945,97.3814553880208
3133.57707086003,97.4054164002176
3179.15599890823,97.4176485085344
3225.39788773099,97.4201557197664
3272.31238031482,97.4148472795306
3319.90925990671,97.4032460114582
3368.19845205424,97.3864016131154
3417.19002667541,97.3650298983089
3466.89420015857,97.3396632501053
3517.32133749284,97.3106631412135
3568.48195442957,97.2782940927344
3620.38671967526,97.2429004047303
3673.0464571163,97.2049781329147
3726.47214807614,97.1650193906065
3780.67493360526,97.1233591202442
3835.66611680445,97.0801116729716
3891.45716518188,97.03512476763
3948.05971304448,96.9879673125308
4005.48556392405,96.9379756890521
4063.74669303874,96.8843824017639
4122.85524979025,96.8264136426297
4182.82356029738,96.7633210823761
4243.66412996647,96.694408810634
4305.38964609918,96.6191258809202
4368.01298053824,96.5371849424007
4431.54719235162,96.4486399482817
4496.00553055582,96.3539587433184
4561.40143687871,96.2541255603567
4627.74854856262,96.1507034351335
4695.0607012081,96.0458328333947
4763.35193165918,95.9421959377764
4832.63648093046,95.842898647556
4902.92879717689,95.7513042066905
4974.24353870666,95.6708099290527
5046.59557703796,95.6045052642781
5120.0000000002,95.5547091869086
5194.47211488033,95.5228037444523
5270.02745161489,95.5092480711305
5346.68176602857,95.513463971893
5424.45104311981,95.5336045898333
5503.35150039419,95.5662425614413
5583.39959124634,95.6060312102345
5664.61200839106,95.6455519953641
5747.00568734422,95.6756216088853
5830.5978099545,95.686291392075
5915.40580798628,95.668440334136
6001.44736675481,95.6155535550363
6088.74042881418,95.5253425042948
6177.30319769893,95.4004578807849
6267.15414172009,95.2470555923448
6358.3119978165,95.0727625760024
6450.79577546202,94.8852726557928
6544.62476062968,94.6918898686484
6639.81851981345,94.499684772419
6736.39690410851,94.3157120696492
6834.38005335086,94.1468662060186
6933.78840031718,93.9984872108406
7034.64267498571,93.8725585202277
7136.96390885918,93.7672831253061
7240.77343935055,93.6786113369397
7346.09291423263,93.6018148668898
7452.94429615232,93.5320673861389
7561.34986721056,93.4646915472891
7671.33223360894,93.3953479495645
7782.9143303638,93.320454209262
7896.11942608899,93.2377614765591
8010.97112784815,93.1468659737084
8127.49338607753,93.04952134202
8245.71049958054,92.9493157187315
8365.64712059479,92.8498827558694
8487.32825993297,92.7532577002308
8610.77929219841,92.6595727106669
8736.02596107653,92.5675599283068
8863.09438470329,92.4742881282952
8992.01106111168,92.3749451366355
9122.80287375747,92.2632307722369
9255.49709712528,92.131873720449
9390.12140241625,91.9726540260398
9526.7038633184,91.7762615319139
9665.27296186097,91.5327580584198
9805.85759435383,91.2327029025743
9948.48707741337,90.8686628069578
10093.191154076,90.4369072239309
10240.0000000005,89.9394966881816
10388.9442297607,89.3877105694594
10540.0549032298,88.8043411161147
10693.3635320572,88.2205691142816
10848.9020862397,87.6678326793116
11006.7030007884,87.1687816833306
11166.7991824927,86.7324891338942
11329.2240167822,86.3561828637957
11494.0113746885,86.0327915319215
11661.1956199091,85.7604115938676
11830.8116159726,85.5467683802265
12002.8947335097,85.405198229765
12177.4808576284,85.3475006882751
12354.6063953979,85.3777693857116
12534.3082834402,85.4867730913617
12716.6239956331,85.6494914775067
12901.5915509241,85.8283426676508
13089.2495212594,85.9814445393361
13279.637039627,86.0714689360787
13472.7938082171,86.0717953212897
13668.7601067018,85.9711512971821
13867.5768006344,85.7767585793517
14069.2853499715,85.5103848319477
14273.9278177184,85.197600230604
14481.5468787012,84.8588319137706
14692.1858284653,84.5081444340783
14905.8885923047,84.1542776043422
15122.6997344212,83.8023600310766
15342.6644672179,83.4582758579417
15565.8286607277,83.1222473323044
15792.2388521781,82.7778557641237
16021.9422556964,82.3904750926282
16254.9867721551,81.9196221614836
16491.4209991612,81.3291661570146
16731.2942411897,80.5876902848629
16974.656519866,79.6714488622661
17221.5585843969,78.5791178436757
17472.0519221531,77.3433156810293
17726.1887694067,76.0223560772723
17984.0221222235,74.7024635769512
18245.605747515,73.5449782645628
18510.9941942507,72.8240442209507
18780.2428048326,72.7363400195999
19053.4077266369,72.6684149458994
19330.545923722,69.7473830242949
19611.7151887078,57.8919838893513
19896.9741548268,32.4343514941887
20186.382308152,-0.462496726246612
