20.000000	4.282
20.299999	4.282
20.600000	4.282
20.900000	4.282
21.200001	4.282
21.400000	4.282
21.799999	4.282
22.000000	4.282
22.400000	4.280
22.700001	4.279
23.000000	4.278
23.299999	4.276
23.600000	4.274
24.000000	4.272
24.299999	4.269
24.700001	4.265
25.000000	4.263
25.400000	4.260
25.799999	4.259
26.200001	4.257
26.500000	4.255
26.900000	4.252
27.200001	4.248
27.600000	4.241
28.000000	4.233
28.500000	4.225
29.000000	4.217
29.500000	4.210
30.000000	4.202
30.400000	4.194
30.700001	4.188
31.100000	4.180
31.500000	4.172
32.000000	4.162
32.500000	4.153
33.000000	4.143
33.500000	4.133
34.000000	4.121
34.500000	4.107
35.000000	4.092
35.500000	4.077
36.000000	4.063
36.500000	4.050
37.000000	4.037
37.500000	4.025
38.200001	4.004
38.700001	3.987
39.500000	3.959
40.000000	3.944
40.599998	3.928
41.200001	3.915
41.799999	3.901
42.500000	3.884
43.099998	3.866
43.700001	3.842
44.400002	3.810
45.000000	3.784
45.500000	3.766
46.200001	3.744
46.799999	3.724
47.500000	3.699
48.200001	3.668
48.700001	3.641
49.400002	3.599
50.000000	3.565
50.799999	3.526
51.500000	3.495
52.200001	3.465
53.000000	3.431
53.799999	3.394
54.500000	3.361
55.200001	3.329
56.000000	3.294
57.000000	3.255
58.000000	3.218
59.000000	3.180
60.000000	3.139
60.799999	3.100
61.500000	3.063
62.200001	3.025
63.000000	2.984
64.000000	2.938
65.000000	2.895
66.000000	2.853
67.000000	2.811
68.000000	2.768
69.000000	2.723
70.000000	2.678
71.000000	2.631
72.000000	2.584
73.000000	2.536
74.000000	2.489
75.000000	2.443
76.199997	2.391
77.500000	2.336
78.800003	2.282
80.000000	2.231
81.199997	2.180
82.500000	2.123
83.800003	2.066
85.000000	2.012
86.199997	1.958
87.500000	1.898
88.500000	1.852
90.000000	1.782
91.199997	1.725
92.500000	1.663
93.800003	1.600
95.000000	1.542
96.199997	1.482
97.500000	1.417
98.800003	1.352
100.000000	1.293
101.500000	1.221
103.000000	1.151
104.400002	1.086
106.000000	1.012
107.500000	0.942
109.000000	0.873
110.599998	0.798
112.000000	0.731
113.800003	0.644
115.000000	0.585
117.199997	0.481
118.000000	0.444
120.599998	0.332
122.000000	0.273
124.099998	0.188
125.000000	0.151
126.500000	0.090
128.000000	0.029
131.500000	-0.108
132.000000	-0.127
134.000000	-0.200
136.000000	-0.269
138.000000	-0.335
140.000000	-0.396
143.000000	-0.480
145.000000	-0.532
147.500000	-0.596
150.000000	-0.659
152.500000	-0.724
155.000000	-0.790
157.500000	-0.854
160.000000	-0.917
162.500000	-0.977
165.000000	-1.035
167.500000	-1.092
170.000000	-1.148
172.500000	-1.205
175.000000	-1.260
177.500000	-1.315
180.000000	-1.367
182.500000	-1.418
185.000000	-1.467
187.500000	-1.513
190.000000	-1.557
192.500000	-1.600
195.000000	-1.639
197.500000	-1.675
200.000000	-1.706
203.000000	-1.738
206.000000	-1.765
209.000000	-1.788
212.000000	-1.807
214.000000	-1.818
218.000000	-1.834
220.000000	-1.840
224.000000	-1.847
227.000000	-1.849
230.000000	-1.848
233.000000	-1.844
236.000000	-1.837
240.000000	-1.824
243.000000	-1.812
247.000000	-1.793
250.000000	-1.777
254.000000	-1.753
258.000000	-1.727
262.000000	-1.699
265.000000	-1.677
269.000000	-1.646
272.000000	-1.622
276.000000	-1.590
280.000000	-1.559
285.000000	-1.526
290.000000	-1.493
295.000000	-1.461
300.000000	-1.426
304.000000	-1.393
307.000000	-1.367
311.000000	-1.333
315.000000	-1.300
320.000000	-1.263
325.000000	-1.230
330.000000	-1.198
335.000000	-1.168
340.000000	-1.139
345.000000	-1.111
350.000000	-1.084
355.000000	-1.058
360.000000	-1.034
365.000000	-1.010
370.000000	-0.989
375.000000	-0.969
382.000000	-0.943
387.000000	-0.927
395.000000	-0.902
400.000000	-0.888
406.000000	-0.873
412.000000	-0.859
418.000000	-0.844
425.000000	-0.827
431.000000	-0.812
437.000000	-0.795
444.000000	-0.775
450.000000	-0.758
455.000000	-0.742
462.000000	-0.720
468.000000	-0.701
475.000000	-0.678
482.000000	-0.656
487.000000	-0.640
494.000000	-0.617
500.000000	-0.598
508.000000	-0.571
515.000000	-0.548
522.000000	-0.525
530.000000	-0.498
538.000000	-0.470
545.000000	-0.446
552.000000	-0.424
560.000000	-0.399
570.000000	-0.372
580.000000	-0.347
590.000000	-0.323
600.000000	-0.297
608.000000	-0.274
615.000000	-0.253
622.000000	-0.232
630.000000	-0.209
640.000000	-0.184
650.000000	-0.160
660.000000	-0.139
670.000000	-0.118
680.000000	-0.099
690.000000	-0.081
700.000000	-0.064
710.000000	-0.048
720.000000	-0.032
730.000000	-0.016
740.000000	-0.002
750.000000	0.011
762.000000	0.026
775.000000	0.039
788.000000	0.052
800.000000	0.061
812.000000	0.070
825.000000	0.077
838.000000	0.085
850.000000	0.093
862.000000	0.101
875.000000	0.111
885.000000	0.120
900.000000	0.132
912.000000	0.141
925.000000	0.150
938.000000	0.161
950.000000	0.173
962.000000	0.187
975.000000	0.204
988.000000	0.223
1000.000000	0.243
1015.000000	0.269
1030.000000	0.298
1044.000000	0.327
1060.000000	0.363
1075.000000	0.401
1090.000000	0.441
1106.000000	0.489
1120.000000	0.534
1138.000000	0.598
1150.000000	0.643
1172.000000	0.730
1180.000000	0.762
1206.000000	0.870
1220.000000	0.930
1241.000000	1.023
1250.000000	1.064
1265.000000	1.135
1280.000000	1.209
1315.000000	1.387
1320.000000	1.414
1340.000000	1.520
1360.000000	1.628
1380.000000	1.736
1400.000000	1.841
1430.000000	1.992
1450.000000	2.091
1475.000000	2.216
1500.000000	2.345
1525.000000	2.481
1550.000000	2.622
1575.000000	2.766
1600.000000	2.914
1625.000000	3.065
1650.000000	3.219
1675.000000	3.376
1700.000000	3.535
1725.000000	3.697
1750.000000	3.862
1775.000000	4.028
1800.000000	4.194
1825.000000	4.359
1850.000000	4.524
1875.000000	4.690
1900.000000	4.856
1925.000000	5.025
1950.000000	5.193
1975.000000	5.355
2000.000000	5.508
2030.000000	5.677
2060.000000	5.835
2090.000000	5.987
2120.000000	6.134
2140.000000	6.232
2180.000000	6.425
2200.000000	6.519
2240.000000	6.703
2270.000000	6.838
2300.000000	6.969
2330.000000	7.093
2360.000000	7.209
2400.000000	7.349
2430.000000	7.446
2470.000000	7.566
2500.000000	7.651
2540.000000	7.758
2580.000000	7.859
2620.000000	7.954
2650.000000	8.022
2690.000000	8.111
2720.000000	8.173
2760.000000	8.250
2800.000000	8.318
2850.000000	8.389
2900.000000	8.451
2950.000000	8.508
3000.000000	8.564
3040.000000	8.612
3070.000000	8.648
3110.000000	8.691
3150.000000	8.728
3200.000000	8.763
3250.000000	8.789
3300.000000	8.808
3350.000000	8.821
3400.000000	8.828
3450.000000	8.829
3500.000000	8.823
3550.000000	8.809
3600.000000	8.787
3650.000000	8.757
3700.000000	8.722
3750.000000	8.681
3820.000000	8.620
3870.000000	8.572
3950.000000	8.488
4000.000000	8.430
4060.000000	8.355
4120.000000	8.275
4180.000000	8.188
4250.000000	8.080
4310.000000	7.981
4370.000000	7.878
4440.000000	7.752
4500.000000	7.642
4550.000000	7.550
4620.000000	7.419
4680.000000	7.306
4750.000000	7.171
4820.000000	7.035
4870.000000	6.938
4940.000000	6.805
5000.000000	6.697
5080.000000	6.564
5150.000000	6.455
5220.000000	6.350
5300.000000	6.231
5380.000000	6.112
5450.000000	6.010
5520.000000	5.912
5600.000000	5.808
5700.000000	5.694
5800.000000	5.588
5900.000000	5.481
6000.000000	5.365
6080.000000	5.257
6150.000000	5.155
6220.000000	5.052
6300.000000	4.939
6400.000000	4.811
6500.000000	4.690
6600.000000	4.571
6700.000000	4.451
6800.000000	4.325
6900.000000	4.194
7000.000000	4.060
7100.000000	3.920
7200.000000	3.773
7300.000000	3.622
7400.000000	3.473
7500.000000	3.328
7620.000000	3.165
7750.000000	2.995
7880.000000	2.827
8000.000000	2.671
8120.000000	2.511
8250.000000	2.333
8380.000000	2.152
8500.000000	1.983
8620.000000	1.810
8750.000000	1.620
8850.000000	1.471
9000.000000	1.243
9120.000000	1.058
9250.000000	0.853
9380.000000	0.642
9500.000000	0.440
9620.000000	0.230
9750.000000	-0.003
9880.000000	-0.237
10000.000000	-0.449
10150.000000	-0.702
10300.000000	-0.949
10440.000000	-1.180
10600.000000	-1.448
10750.000000	-1.708
10900.000000	-1.976
11060.000000	-2.266
11200.000000	-2.527
11380.000000	-2.870
11500.000000	-3.099
11720.000000	-3.511
11800.000000	-3.654
12060.000000	-4.090
12200.000000	-4.312
12410.000000	-4.637
12500.000000	-4.776
12650.000000	-5.006
12800.000000	-5.235
13150.000000	-5.740
13200.000000	-5.808
13400.000000	-6.066
13600.000000	-6.308
13800.000000	-6.536
14000.000000	-6.749
14300.000000	-7.041
14500.000000	-7.228
14750.000000	-7.465
15000.000000	-7.709
15250.000000	-7.970
15500.000000	-8.253
15750.000000	-8.561
16000.000000	-8.900
16250.000000	-9.272
16500.000000	-9.688
16750.000000	-10.151
17000.000000	-10.667
17250.000000	-11.242
17500.000000	-11.882
17750.000000	-12.595
18000.000000	-13.393
18250.000000	-14.301
18500.000000	-15.286
18750.000000	-16.315
19000.000000	-17.407
19250.000000	-18.632
19500.000000	-19.959
19750.000000	-21.288
20000.000000	-22.285
