20,4.48821856202359
20.2909066987505,4.48933274099843
20.5860447328698,4.49044944647177
20.8854756485483,4.49157053968606
21.1892618871859,4.49269574833632
21.4974667984139,4.49382439931512
21.8101546533052,4.49495787821018
22.1273906577767,4.49610044905155
22.4492409661875,4.49725916770493
22.7757726951339,4.49844216871842
23.1070539374455,4.49965780350003
23.4431537763851,4.50091677449503
23.7841423000544,4.50223479166584
24.1300906160105,4.50363439625423
24.4810708660931,4.50514460800129
24.8371562414697,4.50679859747088
25.1984209978975,4.50863066925649
25.5649404712087,4.51067305893502
25.9367910930202,4.51295326939393
26.3140504066728,4.51549231843774
26.6967970834007,4.51830512434298
27.0851109387379,4.52140370220742
27.4790729491618,4.52480110915349
27.87876526898,4.52851492145379
28.284271247462,4.53256804828816
28.6956754462201,4.53698781932545
29.1130636568438,4.54180421797904
29.5365229187901,4.54704778473596
29.9661415375337,4.55274754731278
30.4020091029824,4.55892903362869
30.8442165081589,4.5656123532446
31.2928559681556,4.57281034245601
31.7480210393641,4.58052680766777
32.2098066389852,4.58875490998401
32.6783090648221,4.59747570249239
33.1536260153619,4.60665700143465
33.6358566101487,4.61625351546773
34.1251014104538,4.62620886300636
34.6214624402459,4.63645935895487
35.1250432074661,4.64693996692251
35.6359487256137,4.65758916850034
36.1542855356442,4.66835050483477
36.680161728187,4.67917276150504
37.213686966086,4.69000900716772
37.7549725072679,4.70081537874174
38.3041312279431,4.71154987242049
38.8612776461444,4.72217121386752
39.4265279456077,4.73263783518819
40.0000000000002,4.74290696852101
40.5818133975012,4.75293386722117
41.1720894657399,4.76267116707455
41.7709512970968,4.77206840172485
42.378523774372,4.78107168844028
42.9949335968281,4.78962360240744
43.6203093066106,4.79766325984747
44.2547813155536,4.80512663233115
44.8984819323752,4.81194711664338
45.551545390268,4.81805638632301
46.2141078748912,4.82338555248341
46.8863075527704,4.82786666074465
47.5682846001092,4.8314344609485
48.2601812320212,4.83402816158269
48.9621417321865,4.83559272446255
49.6743124829397,4.83607801178747
50.3968419957953,4.83543594530165
51.1298809424176,4.83361603091477
51.8735821860408,4.83056318233764
52.6281008133459,4.82621842152846
53.3935941668018,4.82052159044797
54.1702218774761,4.81341523462624
54.958145898324,4.80484694093566
55.7575305379604,4.79476974466561
56.5685424949243,4.78314170847784
57.3913508924405,4.7699252644489
58.226127313688,4.75508692711354
59.0730458375805,4.73859741520522
59.9322830750678,4.72043161531693
60.8040182059651,4.70056786482142
61.6884330163182,4.67898690452002
62.5857119363115,4.655669069334
63.4960420787286,4.63059079752544
64.4196132779708,4.6037209609013
65.3566181296446,4.57501861965274
66.3072520307241,4.54443247011887
67.2717132202978,4.51190188695715
68.2502028209081,4.47735954804776
69.2429248804921,4.44073378138213
70.2500864149327,4.40194953445788
71.2718974512278,4.360929289466
72.3085710712888,4.31759410693232
73.3603234563744,4.27186438103268
74.4273739321725,4.22365959702155
75.5099450145362,4.172897474336
76.6082624558867,4.11949243824447
77.7225552922893,4.0633545672735
78.8530558912158,4.00438941547892
80.0000000000008,3.94249905781078
81.1636267950027,3.87758495998335
82.3441789314802,3.80955181806164
83.541902594194,3.73831186195613
84.7570475487445,3.66378907723689
85.9898671936567,3.58592068339176
87.2406186132216,3.50465739189936
88.5095626311076,3.4199616026532
89.7969638647508,3.33180518031509
91.1030907805364,3.24016831783933
92.4282157497829,3.1450395383095
93.7726151055412,3.04641706881369
95.1365692002188,2.94431129079123
96.5203624640429,2.83874812871544
97.9242834643736,2.72977251294191
99.3486249658799,2.617450057969
100.793683991591,2.50186690055377
102.259761884836,2.38312740853293
103.747164372082,2.26135421294864
105.256201626692,2.13669071500597
106.787188333604,2.00930285629124
108.340443754953,1.8793795760642
109.916291796649,1.74713314286617
111.515061075921,1.61279924485171
113.137084989849,1.47663545055979
114.782701784881,1.33891822682877
116.452254627376,1.19993975727998
118.146091675161,1.06000470874353
119.864566150136,0.919427274616453
121.608036411931,0.778528216299907
123.376866032637,0.637632398128823
125.171423872624,0.497065866207978
126.992084157458,0.357153008200901
128.839226555942,0.218213241458671
130.71323625929,0.0805572167085285
132.614504061449,-0.0555175411327733
134.543426440596,-0.189731560066978
136.500405641817,-0.321828816328952
138.485849760985,-0.451581828697708
140.500172829866,-0.578795980635606
142.543794902456,-0.703310949574223
144.617142142578,-0.825000115524517
146.72064691275,-0.943766168614154
148.854747864346,-1.059537108651
151.019890029073,-1.17226291870837
153.216524911774,-1.28191317037198
155.445110584579,-1.38847370181594
157.706111782432,-1.49194231096888
160.000000000002,-1.59232718535047
162.327253590006,-1.68965027106567
164.688357862961,-1.78395127092938
167.083805188389,-1.87528385233706
169.51409509749,-1.96371094349406
171.979734387314,-2.0492990136479
174.481237226444,-2.13211345474025
177.019125262216,-2.2122156648532
179.593927729503,-2.28966246305275
182.206181561074,-2.36450744645029
184.856431499567,-2.43680439018561
187.545230211083,-2.50661056236378
190.273138400438,-2.57398981834435
193.040724928087,-2.63900919588566
195.848566928748,-2.70173635367888
198.697249931761,-2.76224091276475
201.587367983183,-2.82059783229201
204.519523769672,-2.87689003220136
207.494328744165,-2.93120763405314
210.512403253386,-2.98364465082849
213.574376667209,-3.03429613136637
216.680887509907,-3.08325627125634
219.832583593298,-3.13061690178569
223.030122151844,-3.17646585826703
226.274169979699,-3.22088399500353
229.565403569764,-3.2639417865062
232.904509254754,-3.3056978179254
236.292183350324,-3.34619974667625
239.729132300273,-3.38548715978934
243.216072823863,-3.42359499062245
246.753732065275,-3.46055368333581
250.342847745248,-3.49639127619869
253.984168314917,-3.53114039503434
257.678453111885,-3.56484599327858
261.426472518581,-3.59756816807236
265.229008122899,-3.62938340836051
269.086852881194,-3.66037940714162
273.000811283635,-3.69064845505529
276.971699521971,-3.7202811811779
281.000345659733,-3.74936141288671
285.087589804914,-3.77796221466549
289.234284285158,-3.80614331496533
293.441293825501,-3.8339499847853
297.709495728693,-3.86141331746359
302.039780058148,-3.8885517359795
306.43304982355,-3.91537390743882
310.89022116916,-3.94188317583824
315.412223564866,-3.96808265830111
320.000000000007,-3.993977807519
324.654507180014,-4.01957436298695
329.376715725924,-4.0448635983015
334.167610376779,-4.06980724411485
339.028190194982,-4.09433228381076
343.95946877463,-4.11833180864177
348.96247445289,-4.14167534808892
354.038250524434,-4.16422222836641
359.187855459007,-4.18582730088064
364.412363122149,-4.20634235479182
369.712862999135,-4.22561355337921
375.090460422169,-4.24348071560044
380.546276800879,-4.25978907468854
386.081449856175,-4.27440344185011
391.697133857498,-4.28721105592888
397.394499863524,-4.29812322499295
403.174735966368,-4.30708253926189
409.039047539347,-4.31407156844938
414.988657488332,-4.31911598772612
421.024806506773,-4.32228193495871
427.148753334421,-4.32367151748173
433.361775019815,-4.32341742929708
439.665167186598,-4.32167748430782
446.06024430369,-4.31862933368886
452.548339959401,-4.31446348608173
459.130807139531,-4.30937450224967
465.809018509511,-4.30355302080336
472.584366700651,-4.29717985742024
479.458264600549,-4.29042059560937
486.432145647728,-4.28342037852465
493.507464130553,-4.27629878000473
500.685695490499,-4.26914625534034
507.968336629836,-4.26202633377688
515.356906223774,-4.25497908885187
522.852945037164,-4.2480220419072
530.458016245801,-4.24115011875334
538.17370576239,-4.23433606188875
546.001622567272,-4.22753024352108
553.943399043945,-4.22066142839153
562.000691319469,-4.21363648096338
570.175179609831,-4.20634049505345
578.468568570319,-4.19864030564553
586.882587651004,-4.19039629375563
595.418991457388,-4.18147341687957
604.079560116299,-4.17174661735785
612.866099647102,-4.1611024796019
621.780442338323,-4.14944008784527
630.824447129736,-4.13667029794881
640.000000000016,-4.12270768192126
649.309014360031,-4.10746013671807
658.753431451852,-4.0908257465116
668.335220753562,-4.07268829395467
678.056380389966,-4.05290606133315
687.918937549263,-4.03130361012714
697.924948905783,-4.00769281197305
708.076501048872,-3.98190574460489
718.375710918017,-3.9538249307686
728.824726244302,-3.92340344167042
739.425725998274,-3.8906512052434
750.18092084434,-3.85560905752078
761.092553601761,-3.81834057100979
772.162899712354,-3.77893367899855
783.394267715,-3.737515841974
794.788999727051,-3.69426448963133
806.34947193274,-3.64938423324047
818.078095078697,-3.60306950606019
829.977314976668,-3.5554886320631
842.049613013551,-3.50679149350128
854.297506668845,-3.45712329338185
866.723550039635,-3.40663832250577
879.330334373201,-3.35550085972209
892.120488607384,-3.30386902763504
905.096679918806,-3.25190104791292
918.261614279065,-3.19979822548898
931.618037019026,-3.1478453878111
945.168733401306,-3.09642743405824
958.916529201103,-3.04601548962336
972.864291295461,-2.99712639958774
987.01492826111,-2.95028899645035
1001.371390981,-2.90601912395373
1015.93667325968,-2.86479476638811
1030.71381244755,-2.82702813096762
1045.70589007433,-2.79302399613547
1060.91603249161,-2.76294482619163
1076.34741152479,-2.73678955103455
1092.00324513455,-2.71438632412102
1107.88679808789,-2.69539970705909
1124.00138263894,-2.67934836873037
1140.35035921967,-2.66563249361697
1156.93713714064,-2.6535654229349
1173.76517530201,-2.64240722121663
1190.83798291478,-2.63139398572322
1208.1591202326,-2.61976020274264
1225.73219929421,-2.60675451826355
1243.56088467665,-2.59164804064105
1261.64889425948,-2.5737267848707
1280.00000000004,-2.5522593424602
1298.61802872007,-2.52643512284449
1317.50686290371,-2.49531721040389
1336.67044150713,-2.45787754326489
1356.11276077994,-2.41308053342081
1375.83787509853,-2.35995403376178
1395.84989781157,-2.29765444931959
1416.15300209775,-2.2255003662522
1436.75142183604,-2.14299141299405
1457.64945248861,-2.04983070972634
1478.85145199655,-1.94595094850809
1500.36184168869,-1.83152500777839
1522.18510720353,-1.70695436428788
1544.32579942472,-1.57285038652233
1566.78853543001,-1.42995968189453
1589.57799945411,-1.27909148901906
1612.69894386549,-1.12105159279618
1636.1561901574,-0.956590639110609
1659.95462995334,-0.786366268436504
1684.09922602711,-0.610921656223959
1708.5950133377,-0.430690637714766
1733.44710007928,-0.246027680686046
1758.66066874641,-0.0572400422721331
1784.24097721478,0.135390972232646
1810.19335983762,0.331566528147457
1836.52322855814,0.53090569372043
1863.23607403806,0.732919010028844
1890.33746680262,0.937051556095541
1917.83305840221,1.14274534010514
1945.72858259093,1.34950157589158
1974.02985652223,1.55691057225209
2002.74278196202,1.76465283717185
2031.87334651936,1.9724689994471
2061.42762489511,2.18011707627709
2091.41178014868,2.38730693352696
2121.83206498322,2.59365131407261
2152.69482304958,2.79862187994009
2184.00649026911,3.00154615191539
2215.7735961758,3.20162602718645
2248.0027652779,3.39801147909716
2280.70071843935,3.58989912579388
2313.8742742813,3.7766532578446
2347.53035060404,3.9578747939345
2381.67596582958,4.13341627195582
2416.31824046522,4.30333101430529
2451.46439858843,4.46786075419537
2487.12176935332,4.62748988153674
2523.29778851897,4.78293751795077
2560.00000000009,4.93508366873912
2597.23605744015,5.08471561525097
2635.01372580743,5.23220459763384
2673.34088301427,5.37722990423195
2712.22552155989,5.51858915382291
2751.67575019708,5.65419665773238
2791.69979562316,5.78129809705846
2832.30600419551,5.89677011757176
2873.5028436721,5.99757645989002
2915.29890497723,6.08108542086685
2957.70290399312,6.14541692403838
3000.72368337739,6.18970794059433
3044.37021440708,6.214102564797
3088.65159884945,6.21964472009623
3133.57707086003,6.20797220384427
3179.15599890823,6.18095049752649
3225.39788773099,6.14033906501544
3272.31238031482,6.08762346881415
3319.90925990671,6.02409187883518
3368.19845205424,5.95096610206958
3417.19002667541,5.86948318855406
3466.89420015857,5.78091117934387
3517.32133749284,5.68636869019347
3568.48195442957,5.58670406989951
3620.38671967526,5.48244920216663
3673.0464571163,5.37391766365907
3726.47214807614,5.26141276477606
3780.67493360526,5.14534898115716
3835.66611680445,5.02619780588592
3891.45716518188,4.90436799814221
3948.05971304448,4.78007512172928
4005.48556392405,4.6532833715521
4063.74669303874,4.52372900283689
4122.85524979025,4.39098250479602
4182.82356029738,4.25453533586643
4243.66412996647,4.11386417160351
4305.38964609918,3.96841538520426
4368.01298053824,3.81761686015281
4431.54719235162,3.661237000803
4496.00553055582,3.49977562248796
4561.40143687871,3.33456750518653
4627.74854856262,3.16770086900624
4695.0607012081,3.0017895804226
4763.35193165918,2.83967994630697
4832.63648093046,2.68436732098113
4902.92879717689,2.53891215958248
4974.24353870666,2.40647898469385
5046.59557703796,2.29025840730291
5120.0000000002,2.19317581047597
5194.47211488033,2.1173458601254
5270.02745161489,2.06331047118445
5346.68176602857,2.0296343380036
5424.45104311981,2.01286932254458
5503.35150039419,2.00785606789731
5583.39959124634,2.0082812254124
5664.61200839106,2.00702983582932
5747.00568734422,1.99651036818713
5830.5978099545,1.96914136028041
5915.40580798628,1.91793640795525
6001.44736675481,1.83740201306013
6088.74042881418,1.72479236583567
6177.30319769893,1.58076856032167
6267.15414172009,1.40877091062115
6358.3119978165,1.21421100791911
6450.79577546202,1.00392996969382
6544.62476062968,0.78592913611697
6639.81851981345,0.569250241410674
6736.39690410851,0.363594061032379
6834.38005335086,0.178381136980831
6933.78840031718,0.0213022076612015
7034.64267498571,-0.103263630021011
7136.96390885918,-0.194913803038008
7240.77343935055,-0.256672278180016
7346.09291423263,-0.293848897846249
7452.94429615232,-0.312913358070221
7561.34986721056,-0.320353586601685
7671.33223360894,-0.321511478859504
7782.9143303638,-0.319829106871827
7896.11942608899,-0.31682335675136
8010.97112784815,-0.31276480757255
8127.49338607753,-0.307258296112266
8245.71049958054,-0.30016453914063
8365.64712059479,-0.291891082900099
8487.32825993297,-0.283423297196926
8610.77929219841,-0.277790487334947
8736.02596107653,-0.280449711226081
8863.09438470329,-0.298477654635243
8992.01106111168,-0.338099577782993
9122.80287375747,-0.404832407616998
9255.49709712528,-0.502911899145399
9390.12140241625,-0.6367488772134
9526.7038633184,-0.811520215066519
9665.27296186097,-1.03478269407963
9805.85759435383,-1.31666797305399
9948.48707741337,-1.66806253498969
10093.191154076,-2.09688789075957
10240.0000000005,-2.60341402339109
10388.9442297607,-3.17644353061351
10540.0549032298,-3.79254319809639
10693.3635320572,-4.42015382988395
10848.9020862397,-5.02693766959746
11006.7030007884,-5.58790506805571
11166.7991824927,-6.08962742666926
11329.2240167822,-6.52939420803417
11494.0113746885,-6.9099651213857
11661.1956199091,-7.23280393438176
11830.8116159726,-7.49604331532127
12002.8947335097,-7.69461956625181
12177.4808576284,-7.82717956246594
12354.6063953979,-7.90340608826094
12534.3082834402,-7.94907072747989
12716.6239956331,-8.00944179885224
12901.5915509241,-8.14188532240831
13089.2495212594,-8.40820141824053
13279.637039627,-8.86857514056784
13472.7938082171,-9.56850083824221
13668.7601067018,-10.527539209176
13867.5768006344,-11.7389901909087
14069.2853499715,-13.1649653655097
14273.9278177184,-14.7479490911584
14481.5468787012,-16.4125590530151
14692.1858284653,-18.0837997681719
14905.8885923047,-19.6911614985821
15122.6997344212,-21.1638940725137
15342.6644672179,-22.4538043861028
15565.8286607277,-23.5323289465948
15792.2388521781,-24.3978303679811
16021.9422556964,-25.0992407522648
16254.9867721551,-25.7022710633406
16491.4209991612,-26.308325827733
16731.2942411897,-27.0082890148027
16974.656519866,-27.8716769478315
17221.5585843969,-28.9331058954847
17472.0519221531,-30.1743296383456
17726.1887694067,-31.5480676369756
17984.0221222235,-32.9799024783113
18245.605747515,-34.4107187618781
18510.9941942507,-35.8030257003994
18780.2428048326,-37.1459387878338
19053.4077266369,-38.409351459604
19330.545923722,-39.5108017250008
19611.7151887078,-40.350063588601
19896.9741548268,-40.9362564763269
20186.382308152,-41.4169931658258
