20	-2.364927966240772
20.290906698750476	-2.37660715422232
20.586044732869844	-2.3882774660485033
20.885475648548283	-2.3999244381205096
21.189261887185914	-2.4115275855617537
21.49746679841394	-2.4230612532614497
21.810154653305165	-2.434495457783989
22.12739065777668	-2.445796713581567
22.449240966187475	-2.4569288364951305
22.77577269513385	-2.467853717461379
23.107053937445478	-2.478532059596971
23.44315377638505	-2.4889240723430284
23.784142300054445	-2.4989901170622257
24.130090616010463	-2.508691299342315
24.481070866093134	-2.5179900042483325
24.837156241469714	-2.526850371842192
25.1984209978975	-2.5352387113908814
25.56494047120865	-2.543123853737786
25.936791093020236	-2.5504774422565557
26.3140504066728	-2.557274163614418
26.69679708340074	-2.563491920246915
27.08511093873791	-2.5691119470190715
27.47907294916184	-2.5741188750268984
27.878765268980047	-2.5785007458752944
28.284271247461966	-2.5822489800641892
28.695675446220072	-2.5853583033336585
29.11306365684382	-2.587826634958609
29.536522918790062	-2.58965494205109
29.966141537533712	-2.5908470639579595
30.402009102982383	-2.5914095108659048
30.844216508158908	-2.5913512407518775
31.29285596815558	-2.590683418836682
31.74802103936409	-2.5894191636943598
32.20980663898519	-2.587573284124553
32.67830906482211	-2.5851620108040003
33.153626015361866	-2.5822027266022065
33.63585661014871	-2.5787136992932513
34.125101410453844	-2.574713820234285
34.62146244024586	-2.570222352414663
35.12504320746613	-2.565258691100083
35.635948725613716	-2.5598421400802644
36.15428553564419	-2.553991706257294
36.68016172818701	-2.547725914985075
37.21368696608603	-2.541062648206914
37.754972507267915	-2.5340190070517536
38.30413122794313	-2.5266112001438126
38.86127764614443	-2.5188544584494816
39.4265279456077	-2.510762977022077
40.000000000000206	-2.5023498835150457
40.58181339750116	-2.493627232825854
41.1720894657399	-2.484606026712197
41.77095129709678	-2.475296256703445
42.37852377437204	-2.4657069681460193
42.9949335968281	-2.455846342799728
43.62030930661056	-2.4457217970563527
44.25478131555359	-2.435340092588363
44.89848193237519	-2.424707456063535
45.55154539026795	-2.4138297044895323
46.21410787489121	-2.4027123727874584
46.88630755277036	-2.391360840334821
47.56828460010916	-2.3797804534558282
48.260181232021196	-2.3679766411519547
48.962141732186545	-2.3559550217432594
49.674312482939705	-2.343721498507767
50.39684199579528	-2.3312823428146774
51.129880942417586	-2.3186442636245665
51.873582186040764	-2.305814462573211
52.628100813345895	-2.2928006741779767
53.393594166801776	-2.279611191041784
54.17022187747612	-2.266254874302133
54.95814589832399	-2.2527411499862064
55.75753053796041	-2.2390799923813565
56.56854249492426	-2.225281895999903
57.39135089244048	-2.2113578382046626
58.226127313687975	-2.1973192350646396
59.073045837580466	-2.1831778934732387
59.932283075067765	-2.1689459628497563
60.804018205965114	-2.1546358897617104
61.68843301631817	-2.1402603785172207
62.58571193631152	-2.125832360210632
63.49604207872855	-2.111364971968981
64.41961327797075	-2.096871547315116
65.35661812964459	-2.0823656176494905
66.3072520307241	-2.067860923899704
67.27171322029778	-2.05337143653358
68.25020282090806	-2.0389113814850672
69.2429248804921	-2.024495269153199
70.25008641493265	-2.0101379235082915
71.27189745122783	-1.9958545083747317
72.30857107128878	-1.9816605480772318
73.36032345637442	-1.9675719398132467
74.42737393217246	-1.9536049553333743
75.50994501453623	-1.9397762297554184
76.60826245588666	-1.9261027355952536
77.72255529228926	-1.912601740356862
78.85305589121582	-1.8992907462883641
80.00000000000082	-1.886187411204449
81.16362679500274	-1.8733094496052463
82.34417893148023	-1.8606745136603287
83.541902594194	-1.8483000539624754
84.75704754874454	-1.8362031602818547
85.98986719365665	-1.8244003828562796
87.24061861322157	-1.8129075350252901
88.50956263110764	-1.8017394782567195
89.79696386475084	-1.790909890841097
91.10309078053635	-1.7804310217704804
92.42821574978288	-1.7703134315941478
93.77261510554118	-1.7605657223611342
95.13656920021877	-1.7511942591316254
96.52036246404286	-1.7422028859987555
97.92428346437356	-1.733592640120858
99.34862496587989	-1.7253614679092548
100.79368399159105	-1.7175039482150978
102.25976188483567	-1.7100110280717677
103.74716437208203	-1.7028697772495627
105.25620162669229	-1.6960631685455616
106.78718833360406	-1.6895698913452648
108.34044375495276	-1.683364206531723
109.9162917966485	-1.6774158512555006
111.51506107592134	-1.6716900024014096
113.13708498984903	-1.666147307807625
114.78270178488147	-1.6607439944026445
116.45225462737648	-1.6554320623941907
118.14609167516147	-1.6501595744135493
119.86456615013608	-1.644871047991006
121.60803641193078	-1.6395079588335117
123.3768660326369	-1.6340093610399469
125.17142387262359	-1.6283126285734597
126.99208415745765	-1.6223543199600376
128.83922655594208	-1.6160711652550135
130.71323625928977	-1.6094011707808522
132.61450406144883	-1.6022848329425639
134.5434264405962	-1.5946664475247867
136.50040564181674	-1.5864954952987258
138.48584976098482	-1.5777280786223278
140.50017282986593	-1.5683283771763277
142.5437949024563	-1.5582700843147401
144.61714214257822	-1.5475377791349343
146.7206469127495	-1.536128183844643
148.8547478643456	-1.5240512519887566
151.01989002907314	-1.5113310313443655
153.216524911774	-1.4980062467755086
155.4451105845792	-1.4841305541003273
157.70611178243232	-1.469772426436341
160.00000000000236	-1.4550146487837938
162.3272535900062	-1.4399534141033175
164.6883578629612	-1.4246970341419423
167.08380518838874	-1.4093642991820867
169.51409509748981	-1.394082539764735
171.97973438731407	-1.3789854580624894
174.4812372264439	-1.3642108061941947
177.01912526221608	-1.3498979936985693
179.5939277295025	-1.3361857067900291
182.20618156107355	-1.3232096171500045
184.85643149956664	-1.311100248481288
187.54523021108326	-1.2999810573206048
190.27313840043846	-1.289966771928309
193.04072492808663	-1.2811620195548017
195.84856692874806	-1.2736602583668533
198.69724993176072	-1.2675430170131272
201.58736798318304	-1.2628794336597342
204.5195237696723	-1.2597260780923851
207.49432874416505	-1.258127034888272
210.5124032533856	-1.2581142217608132
213.57437666720915	-1.2597079150380688
216.68088750990657	-1.2629174538606864
219.83258359329807	-1.2677420955642416
223.03012215184378	-1.2741719959792381
226.2741699796992	-1.2821892894584572
229.5654035697641	-1.2917692437500026
232.90450925475412	-1.3028814642916517
236.2921833503241	-1.3154911220267786
239.72913230027333	-1.3295601786187128
243.21607282386276	-1.3450485825265468
246.75373206527502	-1.3619154087119456
250.34284774524843	-1.3801199144577974
253.9841683149166	-1.3996224840996347
257.67845311188546	-1.4203854362512858
261.42647251858085	-1.4423736683728579
265.22900812289896	-1.4655551155764455
269.08685288119375	-1.4899010035824816
273.0008112836349	-1.5153858798410065
276.97169952197106	-1.5419874120305945
281.00034565973334	-1.5696859492514663
285.0875898049141	-1.598463848167832
289.23428428515797	-1.628304574104984
293.44129382550057	-1.6591915955238064
297.7094957286928	-1.691107099171794
302.0397800581479	-1.7240305623953103
306.4330498235497	-1.7579372283445451
310.89022116916016	-1.7927965386936742
315.41222356486645	-1.8285705864941748
320.00000000000654	-1.865212658484547
324.6545071800142	-1.9026659412044107
329.3767157259242	-1.9408624681520423
334.16761037677935	-1.9797223853725703
339.02819019498156	-2.0191536097095137
343.95946877463007	-2.0590519469374593
348.9624744528898	-2.0993017257593647
354.03825052443415	-2.1397769880913877
359.187855459007	-2.180343256194991
364.4123631221491	-2.2208598732235973
369.71286299913527	-2.2611828858623784
375.0904604221685	-2.301168406333426
380.54627680087896	-2.340676357349643
386.08144985617537	-2.3795744695723005
391.6971338574982	-2.417742368578869
397.3944998635236	-2.4550755584770734
403.1747359663683	-2.491489084981092
409.0390475393468	-2.5269206467375436
414.9886574883323	-2.5613329229703865
421.0248065067734	-2.594714896887516
427.1487533344206	-2.627081980412876
433.3617750198154	-2.6584747936710507
439.6651671865984	-2.6889565257790364
446.06024430368984	-2.71860889681351
452.54833995940066	-2.7475268517531553
459.13080713953053	-2.7758122425754195
465.8090185095106	-2.803566883304971
472.58436670065066	-2.830885472997744
479.45826460054917	-2.8578489451615283
486.432145647728	-2.8845187921370865
493.50746413055253	-2.9109328174654685
500.6856954904994	-2.937102599766244
507.9683366298358	-2.963012738022928
515.3569062237735	-2.988621733505511
522.8529450371643	-3.013864194247527
530.4580162458005	-3.038653954671958
538.1737057623901	-3.0628876877868785
546.0016225672724	-3.08644863229845
553.9433990439449	-3.109210138077236
562.0006913194694	-3.1310388298107172
570.1751796098309	-3.1517972833100565
578.4685685703187	-3.171346190476541
586.8825876510039	-3.189546052020083
595.4189914573883	-3.206258480764191
604.0795601162986	-3.2213472252235724
612.8660996471021	-3.2346790369526275
621.780442338323	-3.246124509413546
630.8244471297356	-3.2555590128628658
640.0000000000159	-3.2628638400875336
649.3090143600314	-3.2679276614333252
658.7534314518515	-3.270648364692519
668.3352207535618	-3.2709353263927534
678.0563803899662	-3.268712126326256
687.9189375492632	-3.263919677109623
697.9249489057827	-3.256519695801412
708.0765010488715	-3.246498397803525
718.3757109180171	-3.2338702490788247
728.8247262443015	-3.2186815740461494
739.425725998274	-3.201013784806734
750.1809208443404	-3.1809859747795293
761.0925536017613	-3.158756611023694
772.1628997123541	-3.13452406995101
783.3942677149998	-3.1085257960878003
794.7889997270506	-3.0810359282022333
806.34947193274	-3.052361338219409
818.0780950786972	-3.0228361723418837
829.9773149766683	-2.9928151716242457
842.0496130135506	-2.962666271756734
854.2975066688449	-2.932763218465767
866.7235500396347	-2.903479144584464
879.3303343732008	-2.8751821639493222
892.1204886073838	-2.8482339388055027
905.0966799188055	-2.8229917541119067
918.2616142790653	-2.7998138033932443
931.6180370190256	-2.7790662001883466
945.1687334013056	-2.761128955403019
958.9165292011028	-2.7463973530407024
972.8642912954606	-2.7352754449291514
987.0149282611097	-2.728160059852574
1001.3713909810035	-2.725416374393086
1015.9366732596762	-2.727348708131111
1030.7138124475518	-2.734171753715639
1045.7058900743334	-2.7459874807745654
1060.916032491606	-2.7627717113408914
1076.3474115247852	-2.784372476077518
1092.0032451345498	-2.810520313659445
1107.8867980878947	-2.8408490189548963
1124.0013826389438	-2.874924087737238
1140.350359219667	-2.912275204951529
1156.9371371406426	-2.952428493030263
1173.765175302013	-2.9949338287413028
1190.837982914782	-3.03938241392859
1208.1591202326028	-3.0854101839932966
1225.73219929421	-3.132684002795508
1243.5608846766518	-3.180870484419496
1261.648894259477	-3.229591998734294
1280.0000000000375	-3.278380225091367
1298.6180287200684	-3.3266420446674725
1317.5068629037087	-3.373652065253057
1336.6704415071292	-3.4185789027964018
1356.112760779938	-3.460541280344728
1375.8378750985323	-3.498680930154594
1395.8498978115715	-3.5322363137827653
1416.153002097749	-3.5606039630943678
1436.7514218360407	-3.5833797370996345
1457.6494524886093	-3.600377671036843
1478.8514519965543	-3.6116280358042645
1500.3618416886875	-3.6173585584840238
1522.1851072035295	-3.61796378355608
1544.3257994247153	-3.613967652291496
1566.788535430007	-3.6059838654163525
1589.5779994541087	-3.5946777257496416
1612.6989438654878	-3.580732116118996
1636.156190157402	-3.56481919091848
1659.9546299533442	-3.5475783605399465
1684.099226027109	-3.529600317510813
1708.5950133376978	-3.511416248119533
1733.4471000792773	-3.493491018253967
1758.6606687464096	-3.4762190163963753
1784.2409772147755	-3.4599214619874963
1810.193359837619	-3.444844306988667
1836.5232285581387	-3.4311563276217614
1863.2360740380593	-3.4189475781069243
1890.3374668026197	-3.40822898034081
1917.833058402214	-3.3989343318392296
1945.7285825909298	-3.3909262749385216
1974.0298565222283	-3.3840076041256957
2002.7427819620161	-3.3779385420474446
2031.8733465193618	-3.372459272828337
2061.4276248951132	-3.367315293628196
2091.411780148677	-3.3622814661319964
2121.832064983222	-3.357179598976688
2152.694823049581	-3.351884543277617
2184.0064902691106	-3.3463154553187637
2215.7735961758003	-3.3404118010114643
2248.002765277899	-3.334097039344484
2280.7007184393456	-3.3272357792480673
2313.874274281297	-3.31959186314782
2347.530350604038	-3.3107950264929857
2381.6759658295764	-3.3003227620499445
2416.318240465218	-3.287502399100666
2451.4643985884327	-3.2715367264599253
2487.1217693533167	-3.251554911010692
2523.2977885189675	-3.2266889052064283
2560.0000000000887	-3.196173817107374
2597.236057440151	-3.159468222586992
2635.0137258074315	-3.1163864584870984
2673.340883014273	-3.0672292453434453
2712.225521559891	-3.0128917306916816
2751.6757501970797	-2.9549202083369184
2791.699795623158	-2.895483270326643
2832.3060041955137	-2.837225600751228
2873.502843672097	-2.7829901408191553
2915.2989049772345	-2.7354315474917983
2957.7029039931244	-2.6965948984682533
3000.723683377391	-2.6675746236430586
3044.370214407075	-2.648364966957957
3088.6515988494466	-2.637950336031051
3133.57707086003	-2.6345928542935
3179.1559989082334	-2.636210918635454
3225.3978877309914	-2.6407364909746374
3272.3123803148205	-2.646376472173802
3319.9092599067053	-2.6517526658559634
3368.198452054235	-2.6559325748273652
3417.190026675413	-2.658382662295254
3466.8942001585724	-2.65887987272209
3517.3213374928373	-2.657412194811518
3568.4819544295697	-2.6540902637505117
3620.386719675257	-2.649082763404096
3673.0464571162966	-2.6425801554508155
3726.472148076138	-2.634784813822794
3780.6749336052594	-2.6259215923093278
3835.6661168044484	-2.6162610839631273
3891.45716518188	-2.6061474051476585
3948.059713044477	-2.596022544403051
4005.4855639240527	-2.5864400933857077
4063.746693038744	-2.5780626373196065
4122.855249790247	-2.571638955460555
4182.823560297375	-2.567959139995733
4243.664129966465	-2.567787701429706
4305.389646099183	-2.571777112085562
4368.012980538242	-2.580367432784899
4431.5471923516225	-2.593681248029627
4496.00553055582	-2.611426355640886
4561.401436878714	-2.6328211311292793
4627.748548562617	-2.6565578168714707
4695.060701208099	-2.680814723713438
4763.351931659176	-2.7033192689126966
4832.63648093046	-2.721454085577023
4902.928797176889	-2.7323933855995954
4974.243538706657	-2.7332591934668558
5046.595577037959	-2.721296801074797
5120.000000000202	-2.6940810992256283
5194.472114880326	-2.6497711854540418
5270.027451614888	-2.5874225249235274
5346.6817660285715	-2.50734241489195
5424.451043119808	-2.4114376060347644
5503.351500394186	-2.303460375939735
5583.399591246343	-2.1890332648928235
5664.612008391055	-2.0753436195388955
5747.005687344222	-1.9704495477751494
5830.597809954497	-1.8822362617406743
5915.405807986278	-1.817215513234297
6001.447366754812	-1.7794995686579265
6088.740428814181	-1.7702768799933797
6177.303197698925	-1.7879034550327275
6267.154141720092	-1.8284238705694844
6358.3119978165005	-1.886178723310035
6450.795775462017	-1.954229371570865
6544.624760629676	-2.02456026719504
6639.818519813445	-2.0882761290331833
6736.396904108505	-2.136141075485923
6834.380053350861	-2.1596815080797467
6933.788400317181	-2.1526970441935065
7034.642674985712	-2.1126113932586326
7136.963908859177	-2.0409976050786893
7240.773439350552	-1.942996515012619
7346.092914232631	-1.8259191343434742
7452.944296152315	-1.697597458327129
7561.349867210557	-1.5649367302312474
7671.332233608935	-1.4329034529561242
7782.914330363799	-1.3040212053800737
7896.119426088994	-1.178330967491299
8010.971127848146	-1.0537626153234425
8127.49338607753	-0.9268586083223773
8245.710499580537	-0.7937169714145449
8365.647120594791	-0.6509646965722822
8487.328259932974	-0.49655840668893675
8610.77929219841	-0.33026735222016085
8736.025961076528	-0.15380549123006154
8863.094384703289	0.029320405980474668
8992.011061111683	0.21410764124570947
9122.802873757471	0.39432022104624326
9255.497097125279	0.5625740397689415
9390.121402416245	0.710178377988416
9526.7038633184	0.8268302289278542
9665.272961860968	0.9004890535005081
9805.857594353829	0.9180316195263243
9948.487077413367	0.8673819044810307
10093.19115407597	0.7413120116924065
10240.000000000457	0.5419432529590348
10388.944229760706	0.2839354255393516
10540.05490322983	-0.0058054978153264936
10693.363532057198	-0.29304373928572797
10848.902086239672	-0.5447405996027107
11006.703000788428	-0.7377948381762118
11166.799182492743	-0.8637420893149357
11329.224016782166	-0.9269003605401954
11494.0113746885	-0.9369354817193374
11661.195619909053	-0.8999448982025403
11830.811615972614	-0.8128610550322584
12002.894733509682	-0.6638035002675488
12177.48085762842	-0.4380852064552041
12354.606395397908	-0.12735600318140985
12534.308283440243	0.26210420760738606
12716.62399563306	0.7063171250954251
12901.591550924093	1.1670786752001934
13089.249521259411	1.6002317895090798
13279.637039626952	1.9656105382117852
13472.793808217073	2.235587114880977
13668.760106701786	2.4000362271156868
13867.576800634426	2.4664190607220404
14069.285349971487	2.4549879943423627
14273.927817718419	2.3911900474551024
14481.54687870117	2.2993876357834604
14692.18582846533	2.2005675304943946
14905.888592304698	2.1120294740666314
15122.699734421185	2.046180272535858
15342.664467217943	2.0088268103816134
15565.828660727671	1.9972048120152484
15792.238852178061	1.9976355723262769
16021.942255696367	1.9842468036270884
16254.986772155136	1.9209016354625823
16491.42099916115	1.7678337778256163
16731.294241189662	1.4926192502148263
16974.65651986603	1.0815006565512764
17221.558584396902	0.5467621163141342
17472.051922153143	-0.07196724036854256
17726.188769406665	-0.7143127153324026
17984.022122223458	-1.3141304234690163
18245.605747515034	-1.8202578704034527
18510.99419425065	-2.2152217195997896
18780.242804832582	-2.5205710175189737
19053.40772663689	-2.783160385056206
19330.545923722028	-3.0547364998803204
19611.71518870775	-3.3787308977480084
19896.974154826825	-3.7748631169303084
20186.382308152035	-4.222602587448482