20,87.635072033759
20.2909066987505,87.6233928457775
20.5860447328698,87.6117225339513
20.8854756485483,87.6000755618793
21.1892618871859,87.5884724144381
21.4974667984139,87.5769387467384
21.8101546533052,87.5655045422159
22.1273906577767,87.5542032864183
22.4492409661875,87.5430711635048
22.7757726951339,87.5321462825386
23.1070539374455,87.521467940403
23.4431537763851,87.511075927657
23.7841423000544,87.5010098829378
24.1300906160105,87.4913087006577
24.4810708660931,87.4820099957517
24.8371562414697,87.4731496281578
25.1984209978975,87.4647612886092
25.5649404712087,87.4568761462623
25.9367910930202,87.4495225577435
26.3140504066728,87.4427258363856
26.6967970834007,87.4365080797531
27.0851109387379,87.4308880529809
27.4790729491618,87.4258811249731
27.87876526898,87.4214992541247
28.284271247462,87.4177510199358
28.6956754462201,87.4146416966664
29.1130636568438,87.4121733650414
29.5365229187901,87.4103450579489
29.9661415375337,87.4091529360421
30.4020091029824,87.4085904891342
30.8442165081589,87.4086487592482
31.2928559681556,87.4093165811635
31.7480210393641,87.4105808363058
32.2098066389852,87.4124267158756
32.6783090648221,87.4148379891962
33.1536260153619,87.4177972733981
33.6358566101487,87.4212863007071
34.1251014104538,87.4252861797661
34.6214624402459,87.4297776475857
35.1250432074661,87.4347413089004
35.6359487256137,87.4401578599203
36.1542855356442,87.4460082937433
36.680161728187,87.4522740850156
37.213686966086,87.4589373517939
37.7549725072679,87.4659809929491
38.3041312279431,87.4733887998572
38.8612776461444,87.4811455415516
39.4265279456077,87.489237022979
40.0000000000002,87.4976501164861
40.5818133975012,87.5063727671754
41.1720894657399,87.5153939732892
41.7709512970968,87.524703743298
42.378523774372,87.5342930318555
42.9949335968281,87.5441536572018
43.6203093066106,87.5542782029452
44.2547813155536,87.5646599074132
44.8984819323752,87.575292543938
45.551545390268,87.5861702955119
46.2141078748912,87.5972876272138
46.8863075527704,87.6086391596663
47.5682846001092,87.620219546545
48.2601812320212,87.6320233588485
48.9621417321865,87.6440449782569
49.6743124829397,87.6562785014919
50.3968419957953,87.6687176571844
51.1298809424176,87.6813557363738
51.8735821860408,87.6941855374244
52.6281008133459,87.7071993258187
53.3935941668018,87.7203888089538
54.1702218774761,87.7337451256923
54.958145898324,87.7472588500069
55.7575305379604,87.7609200076104
56.5685424949243,87.7747181039903
57.3913508924405,87.7886421617839
58.226127313688,87.8026807649221
59.0730458375805,87.8168221065117
59.9322830750678,87.8310540371332
60.8040182059651,87.8453641102192
61.6884330163182,87.8597396214617
62.5857119363115,87.8741676397662
63.4960420787286,87.8886350280058
64.4196132779708,87.9031284526578
65.3566181296446,87.9176343823216
66.3072520307241,87.9321390760698
67.2717132202978,87.9466285634347
68.2502028209081,87.9610886184824
69.2429248804921,87.975504730814
70.2500864149327,87.9898620764593
71.2718974512278,88.004145491594
72.3085710712888,88.0183394518935
73.3603234563744,88.0324280601607
74.4273739321725,88.0463950446449
75.5099450145362,88.0602237702287
76.6082624558867,88.0738972643963
77.7225552922893,88.0873982596439
78.8530558912158,88.1007092537237
80.0000000000008,88.1138125888212
81.1636267950027,88.1266905504363
82.3441789314802,88.1393254863997
83.541902594194,88.1516999461189
84.7570475487445,88.1637968398237
85.9898671936567,88.1755996172765
87.2406186132216,88.1870924651378
88.5095626311076,88.1982605219397
89.7969638647508,88.2090901093917
91.1030907805364,88.2195689785015
92.4282157497829,88.2296865687196
93.7726151055412,88.2394342779965
95.1365692002188,88.2488057412716
96.5203624640429,88.2577971144509
97.9242834643736,88.2664073603753
99.3486249658799,88.2746385326322
100.793683991591,88.2824960523693
102.259761884836,88.2899889725516
103.747164372082,88.2971302234068
105.256201626692,88.3039368321356
106.787188333604,88.3104301093501
108.340443754953,88.3166357941644
109.916291796649,88.3225841494246
111.515061075921,88.3283099982425
113.137084989849,88.3338526927759
114.782701784881,88.3392560060921
116.452254627376,88.3445679379789
118.146091675161,88.3498404258001
119.864566150136,88.3551289520206
121.608036411931,88.3604920409282
123.376866032637,88.365990638419
125.171423872624,88.3716873705248
126.992084157458,88.3776456787151
128.839226555942,88.3839288329304
130.71323625929,88.3905988268447
132.614504061449,88.3977151640507
134.543426440596,88.4053335487629
136.500405641817,88.4135045002107
138.485849760985,88.4222719160391
140.500172829866,88.431671616573
142.543794902456,88.4417299084672
144.617142142578,88.4524622126368
146.72064691275,88.463871806891
148.854747864346,88.475948737707
151.019890029073,88.4886689573354
153.216524911774,88.5019937409466
155.445110584579,88.5158694327637
157.706111782432,88.5302275597185
160.000000000002,88.5449853368687
162.327253590006,88.5600465713203
164.688357862961,88.5753029514028
167.083805188389,88.5906356869198
169.51409509749,88.605917447426
171.979734387314,88.6210145308542
174.481237226444,88.6357891851996
177.019125262216,88.6501020010451
179.593927729503,88.6638142923041
182.206181561074,88.6767903874266
184.856431499567,88.6888997628416
187.545230211083,88.7000189621407
190.273138400438,88.7100332571832
193.040724928087,88.7188380208237
195.848566928748,88.726339794978
198.697249931761,88.7324570510487
201.587367983183,88.737120650879
204.519523769672,88.7402740246389
207.494328744165,88.7418730876389
210.512403253386,88.7418859219704
213.574376667209,88.7402922510095
216.680887509907,88.7370827352007
219.832583593298,88.7322581166542
223.030122151844,88.7258282388249
226.274169979699,88.7178109664632
229.565403569764,88.7082310307198
232.904509254754,88.6971188248308
236.292183350324,88.684509176282
239.729132300273,88.6704401215789
243.216072823863,88.6549517101588
246.753732065275,88.6380848646798
250.342847745248,88.6198803252052
253.984168314917,88.6003777044875
257.678453111885,88.5796146807728
261.426472518581,88.5576263532799
265.229008122899,88.5344447834639
269.086852881194,88.5100987421548
273.000811283635,88.4846136785618
276.971699521971,88.4580119219348
281.000345659733,88.4303131205717
285.087589804914,88.4015349159222
289.234284285158,88.3716938417846
293.441293825501,88.3408064301805
297.709495728693,88.308890496608
302.039780058148,88.2759665681928
306.43304982355,88.2420594090038
310.89022116916,88.2071995879086
315.412223564866,88.1714250263444
320.000000000007,88.1347824566701
324.654507180014,88.0973287167349
329.376715725924,88.0591318034028
334.167610376779,88.0202716076139
339.028190194982,87.9808402567092
343.95946877463,87.9409419967523
348.96247445289,87.9006925587976
354.038250524434,87.8602179686094
359.187855459007,87.8196527791754
364.412363122149,87.779137729344
369.712862999135,87.7388168597772
375.090460422169,87.6988341488095
380.546276800879,87.6593297644703
386.081449856175,87.6204360629451
391.697133857498,87.5822734962894
397.394499863524,87.5449466220745
403.174735966368,87.5085404319687
409.039047539347,87.4731172303033
414.988657488332,87.4387142944152
421.024806506773,87.4053425372404
427.148753334421,87.3729863665755
433.361775019815,87.3416048876692
439.665167186598,87.3111345228071
446.06024430369,87.2814930284228
452.548339959401,87.2525847795557
459.130807139531,87.2243070663782
465.809018509511,87.1965570192351
472.584366700651,87.1692386688528
479.458264600549,87.1422695853307
486.432145647728,87.115586550041
493.507464130553,87.0891498106585
500.685695490499,87.0629456396961
507.968336629836,87.0369871312304
515.356906223774,87.0113133858559
522.852945037164,86.9859874038668
530.458016245801,86.9610931005388
538.17370576239,86.9367318729397
546.001622567272,86.9130191028743
553.943399043945,86.8900808991894
562.000691319469,86.8680512854254
570.175179609831,86.8470699425766
578.468568570319,86.8272805326426
586.882587651004,86.8088295618008
595.418991457388,86.791865693033
604.079560116299,86.7765393841135
612.866099647102,86.7630027038669
621.780442338323,86.7514091637074
630.824447129736,86.7419133903653
640.000000000016,86.7346704580662
649.309014360031,86.729834694486
658.753431451852,86.7275577743978
668.335220753562,86.7279859180932
678.056380389966,86.7312560186448
687.918937549263,86.7374905337867
697.924948905783,86.7467909175114
708.076501048872,86.7592297893155
718.375710918017,86.7748478834545
728.824726244302,86.7936621315127
739.425725998274,86.8156579932255
750.18092084434,86.8407824385093
761.092553601761,86.8689560566827
772.162899712354,86.900089016587
783.394267715,86.9340960726519
794.788999727051,86.9709103296511
806.34947193274,87.010495104932
818.078095078697,87.0528528372318
829.977314976668,87.0980294092439
842.049613013551,87.1461121969926
854.297506668845,87.1972267917854
866.723550039635,87.2515382946259
879.330334373201,87.3092351597041
892.120488607384,87.3705299841613
905.096679918806,87.4356342719477
918.261614279065,87.504737690778
931.618037019026,87.5779942497102
945.168733401306,87.6554907342098
958.916529201103,87.7372103156599
972.864291295461,87.8230270793048
987.01492826111,87.9127083068865
1001.371390981,88.0059477947961
1015.93667325968,88.1023917463281
1030.71381244755,88.201666596299
1045.70589007433,88.3034012532037
1060.91603249161,88.4072305369004
1076.34741152479,88.512816611888
1092.00324513455,88.6198462799492
1107.88679808789,88.7280164546772
1124.00138263894,88.8369997620276
1140.35035921967,88.9464234687568
1156.93713714064,89.0558684079461
1173.76517530201,89.1648604919914
1190.83798291478,89.2728559204925
1208.1591202326,89.3792428163349
1225.73219929421,89.4833943869805
1243.56088467665,89.5847361505194
1261.64889425948,89.6827924916941
1280.00000000004,89.7772527463343
1298.61802872007,89.8680588794849
1317.50686290371,89.955429438454
1336.67044150713,90.039873140409
1356.11276077994,90.1221267635408
1375.83787509853,90.2030889139179
1395.84989781157,90.2837562943449
1416.15300209775,90.3651160565985
1436.75142183604,90.4480729431052
1457.64945248861,90.5334166841328
1478.85145199655,90.6217885803484
1500.36184168869,90.713661821273
1522.18510720353,90.8093187668314
1544.32579942472,90.9088752927017
1566.78853543001,91.012274442638
1589.57799945411,91.1192896209333
1612.69894386549,91.2295649421441
1636.1561901574,91.3426208246915
1659.95462995334,91.4578944734169
1684.09922602711,91.5747825453299
1708.5950133377,91.6926706546532
1733.44710007928,91.8109504375595
1758.66066874641,91.9290257758223
1784.24097721478,92.0463119498953
1810.19335983762,92.1622521860169
1836.52322855814,92.2763829383291
1863.23607403806,92.388343223943
1890.33746680262,92.4978703639517
1917.83305840221,92.6048025922086
1945.72858259093,92.7090891592742
1974.02985652223,92.8107829804191
2002.74278196202,92.9099880503359
2031.87334651936,93.006859744214
2061.42762489511,93.1015558412541
2091.41178014868,93.1941925182585
2121.83206498322,93.2848329086755
2152.69482304958,93.3734847487805
2184.00649026911,93.4600787676823
2215.7735961758,93.5445418020402
2248.0027652779,93.6268398222804
2280.70071843935,93.7070088458448
2313.8742742813,93.7851559014361
2347.53035060404,93.8615447110214
2381.67596582958,93.9365931515172
2416.31824046522,94.0107958330014
2451.46439858843,94.0847305179812
2487.12176935332,94.1590096914702
2523.29778851897,94.2342439557881
2560.00000000009,94.3110111070864
2597.23605744015,94.3897056341626
2635.01372580743,94.4703546195744
2673.34088301427,94.5525277890974
2712.22552155989,94.635169785701
2751.67575019708,94.7166222266998
2791.69979562316,94.7946771742312
2832.30600419551,94.8666725349917
2873.5028436721,94.929748803804
2915.29890497723,94.9811754119017
2957.70290399312,95.0188019119134
3000.72368337739,95.0415045694057
3044.37021440708,95.0493495502815
3088.65159884945,95.0434369419659
3133.57707086003,95.0255883006355
3179.15599890823,94.9979015016061
3225.39788773099,94.9624278157447
3272.31238031482,94.9210295768708
3319.90925990671,94.8752278921725
3368.19845205424,94.8260714654678
3417.19002667541,94.7741964716145
3466.89420015857,94.7200099450995
3517.32133749284,94.6637433946444
3568.48195442957,94.6054381701492
3620.38671967526,94.5451651783816
3673.0464571163,94.483098832176
3726.47214807614,94.4193902921073
3780.67493360526,94.354094053703
3835.66611680445,94.2872053639815
3891.45716518188,94.2187141674753
3948.05971304448,94.1484887042714
4005.48556392405,94.0761927355117
4063.74669303874,94.0013017163783
4122.85524979025,93.9232109717264
4182.82356029738,93.8413404959087
4243.66412996647,93.7551015379063
4305.38964609918,93.6640792388144
4368.01298053824,93.5680174644837
4431.54719235162,93.4668755290962
4496.00553055582,93.3611471769607
4561.40143687871,93.251894793455
4627.74854856262,93.1406558886544
4695.0607012081,93.0292908241747
4763.35193165918,92.9198928461783
4832.63648093046,92.8149102866974
4902.92879717689,92.7169016273168
4974.24353870666,92.6283092722245
5046.59557703796,92.5515379237542
5120.0000000002,92.4886951637847
5194.47211488033,92.441241847386
5270.02745161489,92.4096893212413
5346.68176602857,92.3933877698451
5424.45104311981,92.3903324701615
5503.35150039419,92.3967376898267
5583.39959124634,92.4069206474145
5664.61200839106,92.4137325019292
5747.00568734422,92.4093954920402
5830.5978099545,92.3863622310151
5915.40580798628,92.33843454866
6001.44736675481,92.2619125894949
6088.74042881418,92.1561998135724
6177.30319769893,92.0234578357816
6267.15414172009,91.8682302709808
6358.3119978165,91.6966700784671
6450.79577546202,91.5162389112725
6544.62476062968,91.3351771839348
6639.81851981345,91.1624089223164
6736.39690410851,91.0070934337884
6834.38005335086,90.8774286889265
6933.78840031718,90.7791470178271
7034.64267498571,90.7144962678125
7136.96390885918,90.6816025972982
7240.77343935055,90.6751881659252
7346.09291423263,90.6877212232071
7452.94429615232,90.7111506977477
7561.34986721056,90.7380947261801
7671.33223360894,90.7630328191169
7782.9143303638,90.7827667850088
7896.11942608899,90.7970494189182
8010.97112784815,90.8083054064336
8127.49338607753,90.8207520303906
8245.71049958054,90.8387893482606
8365.64712059479,90.8661890510681
8487.32825993297,90.904985529544
8610.77929219841,90.9553870526827
8736.02596107653,91.0154621383916
8863.09438470329,91.0818466174192
8992.01106111168,91.1495188090153
9122.80287375747,91.2117576479006
9255.49709712528,91.2611770519278
9390.12140241625,91.2894113206781
9526.7038633184,91.2864608950625
9665.27296186097,91.2403636878711
9805.85759435383,91.137715907441
9948.48707741337,90.9657279807406
10093.191154076,90.7161252622933
10240.0000000005,90.3901502093359
10388.9442297607,90.0022702054912
10540.0549032298,89.5792076178867
10693.3635320572,89.1549798651774
10848.9020862397,88.7628167003554
11006.7030007884,88.4257906602788
11166.7991824927,88.1522987898869
11329.2240167822,87.9386760266754
11494.0113746885,87.7761544574102
11661.1956199091,87.6599066694355
11830.8116159726,87.5946863889156
12002.8947335097,87.5928132637259
12177.4808576284,87.6685382206307
12354.6063953979,87.8294042929056
12534.3082834402,88.0680069449965
12716.6239956331,88.3589616368419
12901.5915509241,88.6629795761407
13089.2495212594,88.9358368388288
13279.637039627,89.1372647819889
13472.7938082171,89.2396358311584
13668.7601067018,89.2340908518432
13867.5768006344,89.1299157190891
14069.2853499715,88.9495559813092
14273.9278177184,88.7211302302728
14481.5468787012,88.4710491007758
14692.1858284653,88.2206350433597
14905.8885923047,87.9883990306636
15122.6997344212,87.7865730212889
15342.6644672179,87.6200669520122
15565.8286607277,87.48307193481
15792.2388521781,87.3569889120332
16021.9422556964,87.2115943151641
16254.9867721551,87.0056209009013
16491.4209991612,86.6939826768127
16731.2942411897,86.241549983405
16974.656519866,85.63883526442
17221.5585843969,84.9078357395097
17472.0519221531,84.1017687782425
17726.1887694067,83.2929862599931
17984.0221222235,82.5485830991561
18245.605747515,81.9077287517406
18510.9941942507,81.368873269599
18780.2428048326,80.8928303567288
19053.4077266369,80.4220281834142
19330.545923722,79.894701273256
19611.7151887078,79.2987141529087
19896.9741548268,78.6954434315234
20186.382308152,78.1221780578067
