10.000000	6.620
10.150000	6.620
10.300000	6.620
10.440000	6.620
10.600000	6.620
10.750000	6.620
10.900000	6.620
11.060000	6.620
11.200000	6.620
11.380000	6.620
11.500000	6.620
11.720000	6.620
11.800000	6.620
12.060000	6.620
12.200000	6.620
12.410000	6.620
12.500000	6.620
12.650000	6.620
12.800000	6.620
13.150000	6.620
13.200000	6.620
13.400000	6.620
13.600000	6.620
13.800000	6.620
14.000000	6.620
14.300000	6.620
14.500000	6.620
14.750000	6.620
15.000000	6.620
15.250000	6.620
15.500000	6.620
15.750000	6.620
16.000000	6.620
16.250000	6.620
16.500000	6.618
16.750000	6.615
17.000000	6.613
17.250000	6.612
17.500000	6.612
17.750000	6.611
18.000000	6.611
18.250000	6.611
18.500000	6.611
18.750000	6.611
19.000000	6.611
19.250000	6.611
19.500000	6.610
19.750000	6.610
20.000000	6.610
20.299999	6.610
20.600000	6.611
20.900000	6.612
21.200001	6.616
21.400000	6.617
21.799999	6.617
22.000000	6.617
22.400000	6.616
22.700001	6.616
23.000000	6.616
23.299999	6.616
23.600000	6.615
24.000000	6.615
24.299999	6.615
24.700001	6.614
25.000000	6.614
25.400000	6.613
25.799999	6.613
26.200001	6.612
26.500000	6.611
26.900000	6.611
27.200001	6.610
27.600000	6.609
28.000000	6.608
28.500000	6.607
29.000000	6.605
29.500000	6.604
30.000000	6.602
30.400000	6.601
30.700001	6.600
31.100000	6.598
31.500000	6.596
32.000000	6.594
32.500000	6.592
33.000000	6.589
33.500000	6.586
34.000000	6.582
34.500000	6.579
35.000000	6.576
35.500000	6.572
36.000000	6.569
36.500000	6.565
37.000000	6.561
37.500000	6.556
38.200001	6.550
38.700001	6.545
39.500000	6.536
40.000000	6.530
40.599998	6.523
41.200001	6.515
41.799999	6.508
42.500000	6.498
43.099998	6.489
43.700001	6.480
44.400002	6.469
45.000000	6.459
45.500000	6.450
46.200001	6.437
46.799999	6.426
47.500000	6.412
48.200001	6.397
48.700001	6.387
49.400002	6.371
50.000000	6.357
50.799999	6.337
51.500000	6.320
52.200001	6.301
53.000000	6.280
53.799999	6.257
54.500000	6.236
55.200001	6.215
56.000000	6.189
57.000000	6.156
58.000000	6.121
59.000000	6.086
60.000000	6.048
60.799999	6.017
61.500000	5.989
62.200001	5.961
63.000000	5.927
64.000000	5.884
65.000000	5.839
66.000000	5.793
67.000000	5.746
68.000000	5.697
69.000000	5.648
70.000000	5.596
71.000000	5.544
72.000000	5.491
73.000000	5.436
74.000000	5.380
75.000000	5.324
76.199997	5.255
77.500000	5.178
78.800003	5.100
80.000000	5.028
81.199997	4.954
82.500000	4.873
83.800003	4.791
85.000000	4.715
86.199997	4.639
87.500000	4.556
88.500000	4.491
90.000000	4.394
91.199997	4.317
92.500000	4.232
93.800003	4.148
95.000000	4.071
96.199997	3.994
97.500000	3.912
98.800003	3.829
100.000000	3.754
101.500000	3.660
103.000000	3.568
104.400002	3.483
106.000000	3.387
107.500000	3.299
109.000000	3.212
110.599998	3.121
112.000000	3.043
113.800003	2.945
115.000000	2.881
117.199997	2.767
118.000000	2.726
120.599998	2.598
122.000000	2.532
124.099998	2.435
125.000000	2.395
126.500000	2.329
128.000000	2.266
131.500000	2.125
132.000000	2.105
134.000000	2.030
136.000000	1.958
138.000000	1.889
140.000000	1.823
143.000000	1.730
145.000000	1.672
147.500000	1.602
150.000000	1.537
152.500000	1.475
155.000000	1.418
157.500000	1.363
160.000000	1.313
162.500000	1.265
165.000000	1.221
167.500000	1.179
170.000000	1.140
172.500000	1.105
175.000000	1.072
177.500000	1.042
180.000000	1.014
182.500000	0.987
185.000000	0.963
187.500000	0.941
190.000000	0.920
192.500000	0.901
195.000000	0.883
197.500000	0.866
200.000000	0.851
203.000000	0.834
206.000000	0.819
209.000000	0.806
212.000000	0.794
214.000000	0.788
218.000000	0.776
220.000000	0.772
224.000000	0.765
227.000000	0.762
230.000000	0.761
233.000000	0.761
236.000000	0.761
240.000000	0.764
243.000000	0.767
247.000000	0.772
250.000000	0.776
254.000000	0.783
258.000000	0.790
262.000000	0.797
265.000000	0.803
269.000000	0.811
272.000000	0.817
276.000000	0.826
280.000000	0.836
285.000000	0.850
290.000000	0.864
295.000000	0.880
300.000000	0.897
304.000000	0.911
307.000000	0.922
311.000000	0.938
315.000000	0.954
320.000000	0.975
325.000000	0.996
330.000000	1.018
335.000000	1.040
340.000000	1.062
345.000000	1.084
350.000000	1.107
355.000000	1.129
360.000000	1.152
365.000000	1.174
370.000000	1.196
375.000000	1.218
382.000000	1.249
387.000000	1.272
395.000000	1.309
400.000000	1.332
406.000000	1.361
412.000000	1.389
418.000000	1.418
425.000000	1.453
431.000000	1.482
437.000000	1.512
444.000000	1.547
450.000000	1.576
455.000000	1.601
462.000000	1.636
468.000000	1.666
475.000000	1.700
482.000000	1.735
487.000000	1.760
494.000000	1.794
500.000000	1.822
508.000000	1.861
515.000000	1.894
522.000000	1.926
530.000000	1.963
538.000000	1.999
545.000000	2.031
552.000000	2.062
560.000000	2.097
570.000000	2.142
580.000000	2.186
590.000000	2.230
600.000000	2.273
608.000000	2.307
615.000000	2.335
622.000000	2.362
630.000000	2.393
640.000000	2.429
650.000000	2.464
660.000000	2.498
670.000000	2.529
680.000000	2.560
690.000000	2.589
700.000000	2.617
710.000000	2.644
720.000000	2.670
730.000000	2.694
740.000000	2.717
750.000000	2.738
762.000000	2.762
775.000000	2.786
788.000000	2.809
800.000000	2.830
812.000000	2.849
825.000000	2.871
838.000000	2.892
850.000000	2.912
862.000000	2.932
875.000000	2.954
885.000000	2.973
900.000000	3.001
912.000000	3.025
925.000000	3.052
938.000000	3.080
950.000000	3.107
962.000000	3.135
975.000000	3.167
988.000000	3.200
1000.000000	3.231
1015.000000	3.270
1030.000000	3.312
1044.000000	3.352
1060.000000	3.399
1075.000000	3.444
1090.000000	3.491
1106.000000	3.544
1120.000000	3.590
1138.000000	3.651
1150.000000	3.693
1172.000000	3.772
1180.000000	3.802
1206.000000	3.902
1220.000000	3.958
1241.000000	4.046
1250.000000	4.086
1265.000000	4.154
1280.000000	4.225
1315.000000	4.401
1320.000000	4.428
1340.000000	4.537
1360.000000	4.651
1380.000000	4.769
1400.000000	4.890
1430.000000	5.078
1450.000000	5.205
1475.000000	5.365
1500.000000	5.526
1525.000000	5.685
1550.000000	5.843
1575.000000	6.001
1600.000000	6.158
1625.000000	6.315
1650.000000	6.472
1675.000000	6.629
1700.000000	6.786
1725.000000	6.943
1750.000000	7.100
1775.000000	7.258
1800.000000	7.415
1825.000000	7.573
1850.000000	7.731
1875.000000	7.888
1900.000000	8.045
1925.000000	8.201
1950.000000	8.355
1975.000000	8.508
2000.000000	8.658
2030.000000	8.835
2060.000000	9.007
2090.000000	9.175
2120.000000	9.338
2140.000000	9.444
2180.000000	9.649
2200.000000	9.747
2240.000000	9.939
2270.000000	10.076
2300.000000	10.209
2330.000000	10.336
2360.000000	10.459
2400.000000	10.616
2430.000000	10.729
2470.000000	10.872
2500.000000	10.974
2540.000000	11.105
2580.000000	11.230
2620.000000	11.350
2650.000000	11.436
2690.000000	11.548
2720.000000	11.630
2760.000000	11.736
2800.000000	11.838
2850.000000	11.962
2900.000000	12.081
2950.000000	12.194
3000.000000	12.302
3040.000000	12.382
3070.000000	12.440
3110.000000	12.512
3150.000000	12.578
3200.000000	12.654
3250.000000	12.720
3300.000000	12.776
3350.000000	12.822
3400.000000	12.858
3450.000000	12.884
3500.000000	12.900
3550.000000	12.906
3600.000000	12.904
3650.000000	12.893
3700.000000	12.874
3750.000000	12.848
3820.000000	12.798
3870.000000	12.755
3950.000000	12.675
4000.000000	12.618
4060.000000	12.543
4120.000000	12.463
4180.000000	12.378
4250.000000	12.273
4310.000000	12.180
4370.000000	12.083
4440.000000	11.968
4500.000000	11.867
4550.000000	11.783
4620.000000	11.665
4680.000000	11.563
4750.000000	11.445
4820.000000	11.329
4870.000000	11.247
4940.000000	11.135
5000.000000	11.040
5080.000000	10.917
5150.000000	10.811
5220.000000	10.707
5300.000000	10.590
5380.000000	10.472
5450.000000	10.369
5520.000000	10.262
5600.000000	10.134
5700.000000	9.968
5800.000000	9.795
5900.000000	9.614
6000.000000	9.423
6080.000000	9.264
6150.000000	9.118
6220.000000	8.968
6300.000000	8.788
6400.000000	8.554
6500.000000	8.308
6600.000000	8.053
6700.000000	7.794
6800.000000	7.534
6900.000000	7.282
7000.000000	7.044
7100.000000	6.827
7200.000000	6.638
7300.000000	6.486
7400.000000	6.374
7500.000000	6.306
7620.000000	6.281
7750.000000	6.305
7880.000000	6.351
8000.000000	6.369
8120.000000	6.323
8250.000000	6.156
8380.000000	5.830
8500.000000	5.370
8620.000000	4.755
8750.000000	3.925
8850.000000	3.187
9000.000000	1.958
9120.000000	0.916
9250.000000	-0.210
9380.000000	-1.257
9500.000000	-2.086
9620.000000	-2.729
9750.000000	-3.186
9880.000000	-3.409
10000.000000	-3.451
10150.000000	-3.362
10300.000000	-3.195
10440.000000	-3.022
10600.000000	-2.829
10750.000000	-2.652
10900.000000	-2.465
11060.000000	-2.235
11200.000000	-1.996
11380.000000	-1.635
11500.000000	-1.368
11720.000000	-0.860
11800.000000	-0.679
12060.000000	-0.162
12200.000000	0.052
12410.000000	0.268
12500.000000	0.323
12650.000000	0.371
12800.000000	0.377
13150.000000	0.334
13200.000000	0.330
13400.000000	0.335
13600.000000	0.372
13800.000000	0.423
14000.000000	0.461
14300.000000	0.435
14500.000000	0.345
14750.000000	0.158
15000.000000	-0.084
15250.000000	-0.340
15500.000000	-0.577
15750.000000	-0.781
16000.000000	-0.957
16250.000000	-1.122
16500.000000	-1.293
16750.000000	-1.486
17000.000000	-1.704
17250.000000	-1.942
17500.000000	-2.191
17750.000000	-2.441
18000.000000	-2.690
18250.000000	-2.938
18500.000000	-3.183
18750.000000	-3.425
19000.000000	-3.665
19250.000000	-3.901
19500.000000	-4.135
19750.000000	-4.365
20000.000000	-4.593
20300.000000	-4.862
20600.000000	-5.127
20900.000000	-5.389
21200.000000	-5.646
21400.000000	-5.814
21800.000000	-6.110
22000.000000	-6.196
