* Measurement data measured by REW V5.31.3
* Source: Microphone (JadeAudio JA11), MICROPHONE (Master Volume), R, volume: 0.250
* Format: 512k Log Swept Sine, 1 sweep at -14.9 dBFS with no timing reference
* Dated: May 11, 2025 8:16:51 PM
* REW Settings:
*  C-weighting compensation: Off
*  Target level: 75.0 dB
* Note: 
* Measurement: R Quintet (S&S)
* Smoothing: 1/24 octave
* Frequency Step: 1/48 octave
* Start Frequency: 20.300 Hz
*
* Freq(Hz)	SPL(dB)	Phase(degrees)
20.299999	90.905	172.7944
20.600000	90.904	172.3161
20.900000	90.901	171.7782
21.200001	90.896	171.2469
21.400000	90.891	170.8997
21.799999	90.879	170.2226
22.000000	90.870	169.8882
22.400000	90.848	169.1847
22.700001	90.828	168.6715
23.000000	90.808	168.1709
23.299999	90.787	167.6421
23.600000	90.765	167.1257
24.000000	90.735	166.4548
24.299999	90.712	165.9168
24.700001	90.680	165.2076
25.000000	90.656	164.6869
25.400000	90.626	163.9633
25.799999	90.598	163.2646
26.200001	90.573	162.5787
26.500000	90.555	162.0690
26.900000	90.532	161.4055
27.200001	90.515	160.9211
27.600000	90.492	160.2913
28.000000	90.470	159.6786
28.500000	90.444	158.9491
29.000000	90.417	158.2418
29.500000	90.387	157.5635
30.000000	90.354	156.9045
30.400000	90.326	156.3867
30.700001	90.303	156.0068
31.100000	90.272	155.5082
31.500000	90.240	155.0101
32.000000	90.196	154.4081
32.500000	90.150	153.7900
33.000000	90.105	153.1836
33.500000	90.059	152.5607
34.000000	90.015	151.9484
34.500000	89.971	151.3322
35.000000	89.930	150.7317
35.500000	89.890	150.1398
36.000000	89.850	149.5632
36.500000	89.807	148.9942
37.000000	89.764	148.4285
37.500000	89.721	147.8759
38.200001	89.664	147.1364
38.700001	89.624	146.6400
39.500000	89.558	145.8683
40.000000	89.516	145.3871
40.599998	89.465	144.8051
41.200001	89.412	144.2402
41.799999	89.358	143.6900
42.500000	89.296	143.0491
43.099998	89.243	142.4981
43.700001	89.189	141.9564
44.400002	89.128	141.3563
45.000000	89.077	140.8476
45.500000	89.034	140.4109
46.200001	88.973	139.7927
46.799999	88.921	139.2821
47.500000	88.862	138.7139
48.200001	88.803	138.1598
48.700001	88.761	137.7697
49.400002	88.702	137.2314
50.000000	88.652	136.7778
50.799999	88.584	136.1818
51.500000	88.525	135.6755
52.200001	88.466	135.1755
53.000000	88.398	134.6097
53.799999	88.330	134.0544
54.500000	88.271	133.5726
55.200001	88.213	133.0963
56.000000	88.146	132.5704
57.000000	88.064	131.9328
58.000000	87.982	131.2989
59.000000	87.920	130.6119
60.000000	87.865	129.9234
60.799999	87.791	129.4764
61.500000	87.717	129.1251
62.200001	87.654	128.7524
63.000000	87.591	128.3075
64.000000	87.513	127.7585
65.000000	87.438	127.2075
66.000000	87.362	126.6671
67.000000	87.287	126.1354
68.000000	87.212	125.6131
69.000000	87.138	125.1031
70.000000	87.066	124.6048
71.000000	86.995	124.1227
72.000000	86.925	123.6489
73.000000	86.855	123.1779
74.000000	86.785	122.7123
75.000000	86.715	122.2544
76.199997	86.633	121.7189
77.500000	86.547	121.1502
78.800003	86.460	120.5856
80.000000	86.381	120.0833
81.199997	86.304	119.5923
82.500000	86.221	119.0710
83.800003	86.137	118.5591
85.000000	86.061	118.0929
86.199997	85.988	117.6364
87.500000	85.909	117.1459
88.500000	85.850	116.7721
90.000000	85.763	116.2215
91.199997	85.693	115.7949
92.500000	85.620	115.3471
93.800003	85.550	114.9097
95.000000	85.485	114.5043
96.199997	85.419	114.1007
97.500000	85.346	113.6720
98.800003	85.276	113.2490
100.000000	85.215	112.8615
101.500000	85.138	112.3881
103.000000	85.062	111.9313
104.400002	84.993	111.5106
106.000000	84.914	111.0375
107.500000	84.841	110.6037
109.000000	84.770	110.1797
110.599998	84.695	109.7361
112.000000	84.629	109.3476
113.800003	84.549	108.8543
115.000000	84.497	108.5360
117.199997	84.404	107.9444
118.000000	84.370	107.7317
120.599998	84.262	107.0645
122.000000	84.205	106.7042
124.099998	84.121	106.1751
125.000000	84.086	105.9575
126.500000	84.029	105.5983
128.000000	83.971	105.2388
131.500000	83.844	104.4196
132.000000	83.827	104.3044
134.000000	83.756	103.8490
136.000000	83.688	103.4104
138.000000	83.623	102.9480
140.000000	83.557	102.4893
143.000000	83.457	101.8638
145.000000	83.393	101.4542
147.500000	83.318	100.9432
150.000000	83.245	100.4294
152.500000	83.174	99.9263
155.000000	83.104	99.4310
157.500000	83.038	98.9484
160.000000	82.974	98.4756
162.500000	82.912	98.0014
165.000000	82.852	97.5366
167.500000	82.794	97.0824
170.000000	82.736	96.6295
172.500000	82.680	96.1829
175.000000	82.626	95.7475
177.500000	82.573	95.3211
180.000000	82.522	94.9042
182.500000	82.475	94.4842
185.000000	82.428	94.0630
187.500000	82.381	93.6343
190.000000	82.336	93.2133
192.500000	82.292	92.8085
195.000000	82.250	92.4119
197.500000	82.208	92.0173
200.000000	82.168	91.6268
203.000000	82.121	91.1534
206.000000	82.075	90.6936
209.000000	82.030	90.2459
212.000000	81.988	89.8139
214.000000	81.961	89.5333
218.000000	81.905	88.9742
220.000000	81.880	88.6993
224.000000	81.835	88.1741
227.000000	81.802	87.7895
230.000000	81.772	87.4148
233.000000	81.746	87.0364
236.000000	81.723	86.6362
240.000000	81.693	86.0980
243.000000	81.671	85.6962
247.000000	81.644	85.1368
250.000000	81.622	84.7071
254.000000	81.590	84.1573
258.000000	81.560	83.6436
262.000000	81.532	83.1386
265.000000	81.512	82.7611
269.000000	81.489	82.2821
272.000000	81.474	81.9181
276.000000	81.457	81.3963
280.000000	81.439	80.8733
285.000000	81.414	80.2636
290.000000	81.389	79.6902
295.000000	81.365	79.1026
300.000000	81.343	78.5251
304.000000	81.326	78.0807
307.000000	81.313	77.7531
311.000000	81.298	77.3153
315.000000	81.284	76.8845
320.000000	81.270	76.3537
325.000000	81.256	75.8290
330.000000	81.242	75.3249
335.000000	81.230	74.8207
340.000000	81.221	74.3116
345.000000	81.213	73.8250
350.000000	81.203	73.3518
355.000000	81.192	72.8787
360.000000	81.182	72.4104
365.000000	81.174	71.9566
370.000000	81.168	71.5086
375.000000	81.162	71.0672
382.000000	81.155	70.4612
387.000000	81.150	70.0351
395.000000	81.143	69.3619
400.000000	81.139	68.9445
406.000000	81.135	68.4513
412.000000	81.130	67.9650
418.000000	81.126	67.4948
425.000000	81.121	66.9680
431.000000	81.118	66.5264
437.000000	81.115	66.0959
444.000000	81.111	65.6048
450.000000	81.107	65.1973
455.000000	81.105	64.8680
462.000000	81.102	64.4146
468.000000	81.100	64.0341
475.000000	81.098	63.6084
482.000000	81.096	63.1930
487.000000	81.095	62.8993
494.000000	81.094	62.4972
500.000000	81.093	62.1630
508.000000	81.091	61.7347
515.000000	81.090	61.3731
522.000000	81.088	61.0252
530.000000	81.087	60.6416
538.000000	81.086	60.2698
545.000000	81.085	59.9572
552.000000	81.084	59.6570
560.000000	81.084	59.3290
570.000000	81.084	58.9343
580.000000	81.084	58.5642
590.000000	81.084	58.2210
600.000000	81.084	57.8914
608.000000	81.084	57.6455
615.000000	81.084	57.4402
622.000000	81.084	57.2479
630.000000	81.084	57.0443
640.000000	81.085	56.8038
650.000000	81.086	56.5781
660.000000	81.088	56.3755
670.000000	81.090	56.2000
680.000000	81.094	56.0424
690.000000	81.097	55.9056
700.000000	81.101	55.7907
710.000000	81.107	55.6884
720.000000	81.113	55.5999
730.000000	81.119	55.5266
740.000000	81.125	55.4786
750.000000	81.129	55.4634
762.000000	81.137	55.5047
775.000000	81.156	55.6006
788.000000	81.187	55.6773
800.000000	81.219	55.7270
812.000000	81.249	55.7738
825.000000	81.281	55.8394
838.000000	81.312	55.9276
850.000000	81.341	56.0355
862.000000	81.370	56.1754
875.000000	81.404	56.3669
885.000000	81.434	56.5406
900.000000	81.485	56.8354
912.000000	81.532	57.0967
925.000000	81.590	57.3962
938.000000	81.655	57.7086
950.000000	81.722	58.0046
962.000000	81.796	58.3009
975.000000	81.884	58.6150
988.000000	81.979	58.9174
1000.000000	82.075	59.1766
1015.000000	82.205	59.4524
1030.000000	82.343	59.6652
1044.000000	82.478	59.8047
1060.000000	82.637	59.8853
1075.000000	82.789	59.8800
1090.000000	82.940	59.7991
1106.000000	83.098	59.6369
1120.000000	83.233	59.4342
1138.000000	83.401	59.1047
1150.000000	83.509	58.8492
1172.000000	83.698	58.3172
1180.000000	83.763	58.1078
1206.000000	83.963	57.3869
1220.000000	84.063	56.9810
1241.000000	84.202	56.3514
1250.000000	84.258	56.0789
1265.000000	84.347	55.6226
1280.000000	84.432	55.1659
1315.000000	84.612	54.1144
1320.000000	84.635	53.9673
1340.000000	84.726	53.3868
1360.000000	84.810	52.8208
1380.000000	84.889	52.2779
1400.000000	84.962	51.7581
1430.000000	85.066	51.0216
1450.000000	85.132	50.5610
1475.000000	85.211	50.0123
1500.000000	85.285	49.5023
1525.000000	85.357	49.0248
1550.000000	85.425	48.5767
1575.000000	85.492	48.1655
1600.000000	85.557	47.7995
1625.000000	85.625	47.4693
1650.000000	85.696	47.1571
1675.000000	85.769	46.8474
1700.000000	85.840	46.5385
1725.000000	85.910	46.2407
1750.000000	85.979	45.9745
1775.000000	86.052	45.7320
1800.000000	86.128	45.5005
1825.000000	86.205	45.2746
1850.000000	86.285	45.0556
1875.000000	86.368	44.8406
1900.000000	86.454	44.6244
1925.000000	86.541	44.4024
1950.000000	86.630	44.1724
1975.000000	86.720	43.9346
2000.000000	86.813	43.6896
2030.000000	86.926	43.3839
2060.000000	87.042	43.0598
2090.000000	87.160	42.7152
2120.000000	87.281	42.3484
2140.000000	87.362	42.0894
2180.000000	87.525	41.5385
2200.000000	87.608	41.2479
2240.000000	87.775	40.6284
2270.000000	87.900	40.1268
2300.000000	88.026	39.5895
2330.000000	88.151	39.0171
2360.000000	88.274	38.4094
2400.000000	88.437	37.5418
2430.000000	88.557	36.8470
2470.000000	88.713	35.8648
2500.000000	88.826	35.0854
2540.000000	88.971	33.9869
2580.000000	89.109	32.8232
2620.000000	89.237	31.6007
2650.000000	89.327	30.6481
2690.000000	89.437	29.3337
2720.000000	89.511	28.3171
2760.000000	89.600	26.9281
2800.000000	89.675	25.5101
2850.000000	89.750	23.7078
2900.000000	89.802	21.8882
2950.000000	89.831	20.0715
3000.000000	89.839	18.2760
3040.000000	89.830	16.8670
3070.000000	89.815	15.8299
3110.000000	89.783	14.4802
3150.000000	89.740	13.1739
3200.000000	89.672	11.6187
3250.000000	89.588	10.1664
3300.000000	89.491	8.8339
3350.000000	89.387	7.6303
3400.000000	89.280	6.5471
3450.000000	89.171	5.5723
3500.000000	89.062	4.6920
3550.000000	88.954	3.9019
3600.000000	88.847	3.2047
3650.000000	88.745	2.5970
3700.000000	88.649	2.0673
3750.000000	88.561	1.5945
3820.000000	88.449	0.9948
3870.000000	88.377	0.5916
3950.000000	88.271	-0.0154
4000.000000	88.211	-0.3689
4060.000000	88.144	-0.7861
4120.000000	88.081	-1.2049
4180.000000	88.018	-1.6072
4250.000000	87.949	-2.0301
4310.000000	87.897	-2.3538
4370.000000	87.854	-2.6643
4440.000000	87.818	-3.0503
4500.000000	87.795	-3.4369
4550.000000	87.779	-3.8147
4620.000000	87.754	-4.4240
4680.000000	87.727	-4.9970
4750.000000	87.689	-5.6895
4820.000000	87.650	-6.3862
4870.000000	87.624	-6.9033
4940.000000	87.594	-7.7149
5000.000000	87.567	-8.5410
5080.000000	87.512	-9.8455
5150.000000	87.434	-11.1375
5220.000000	87.320	-12.5051
5300.000000	87.143	-14.0811
5380.000000	86.915	-15.5869
5450.000000	86.677	-16.7872
5520.000000	86.405	-17.8367
5600.000000	86.055	-18.8027
5700.000000	85.572	-19.5728
5800.000000	85.056	-19.7825
5900.000000	84.523	-19.3879
6000.000000	83.994	-18.3838
6080.000000	83.582	-17.1435
6150.000000	83.238	-15.7413
6220.000000	82.915	-14.0454
6300.000000	82.581	-11.7531
6400.000000	82.231	-8.3839
6500.000000	81.979	-4.5166
6600.000000	81.852	-0.2795
6700.000000	81.874	4.1147
6800.000000	82.057	8.3708
6900.000000	82.395	12.1322
7000.000000	82.856	15.0591
7100.000000	83.389	16.9291
7200.000000	83.930	17.7106
7300.000000	84.431	17.5595
7400.000000	84.863	16.7377
7500.000000	85.226	15.4825
7620.000000	85.589	13.5503
7750.000000	85.907	10.8810
7880.000000	86.120	7.4174
8000.000000	86.151	3.4950
8120.000000	85.939	-0.6870
8250.000000	85.401	-4.4658
8380.000000	84.642	-6.3796
8500.000000	83.903	-6.2629
8620.000000	83.213	-4.7325
8750.000000	82.535	-1.6290
8850.000000	82.102	1.9629
9000.000000	81.751	9.1973
9120.000000	81.843	15.7897
9250.000000	82.350	22.5642
9380.000000	83.239	27.9782
9500.000000	84.335	31.0332
9620.000000	85.595	31.5474
9750.000000	86.970	28.7069
9880.000000	88.121	22.3271
10000.000000	88.773	14.0351
10150.000000	88.871	2.6329
10300.000000	88.258	-7.1721
10440.000000	87.315	-13.3890
10600.000000	86.139	-17.0029
10750.000000	85.144	-17.8833
10900.000000	84.332	-17.2964
11060.000000	83.676	-15.8682
11200.000000	83.263	-14.4199
11380.000000	82.913	-12.7972
11500.000000	82.764	-12.1047
11720.000000	82.578	-12.0383
11800.000000	82.509	-12.4508
12060.000000	82.116	-15.1993
12200.000000	81.707	-17.0560
12410.000000	80.783	-18.3732
12500.000000	80.367	-17.6751
12650.000000	79.903	-15.6104
12800.000000	79.648	-14.6333
13150.000000	79.293	-15.5201
13200.000000	79.183	-16.4630
13400.000000	78.315	-19.0386
13600.000000	77.336	-18.2428
13800.000000	76.605	-16.1297
14000.000000	76.096	-14.1365
14300.000000	75.585	-12.5070
14500.000000	75.302	-12.8827
14750.000000	74.787	-15.0861
15000.000000	73.894	-17.7161
15250.000000	72.657	-18.6516
15500.000000	71.308	-16.8334
15750.000000	70.094	-12.3433
16000.000000	69.221	-6.3659
16250.000000	68.691	-0.6778
16500.000000	68.378	3.8012
16750.000000	68.120	6.5853
17000.000000	67.726	7.8941
17250.000000	67.069	8.7813
17500.000000	66.156	10.5344
17750.000000	65.110	14.0173
18000.000000	64.107	19.1685
18250.000000	63.269	25.2516
18500.000000	62.663	31.2967
18750.000000	62.290	36.0502
19000.000000	62.065	38.2009
19250.000000	61.800	36.8277
19500.000000	61.285	31.8511
19750.000000	60.432	24.1762
20000.000000	59.669	16.9566
