* Measurement data measured by REW V5.31.3
* Source: Microphone (JadeAudio JA11), MICROPHONE (Master Volume), R, volume: 0.250
* Format: 512k Log Swept Sine, 1 sweep at -14.9 dBFS with no timing reference
* Dated: May 11, 2025 8:06:39 PM
* REW Settings:
*  C-weighting compensation: Off
*  Target level: 75.0 dB
* Note: 
* Measurement: L Quintet (S&S)
* Smoothing: 1/24 octave
* Frequency Step: 1/48 octave
* Start Frequency: 20.300 Hz
*
* Freq(Hz)	SPL(dB)	Phase(degrees)
20.299999	91.228	170.6567
20.600000	91.224	170.1734
20.900000	91.216	169.6273
21.200001	91.207	169.0872
21.400000	91.199	168.7356
21.799999	91.182	168.0564
22.000000	91.172	167.7246
22.400000	91.146	167.0304
22.700001	91.124	166.5241
23.000000	91.101	166.0270
23.299999	91.077	165.4977
23.600000	91.052	164.9778
24.000000	91.019	164.3016
24.299999	90.993	163.7618
24.700001	90.958	163.0540
25.000000	90.932	162.5358
25.400000	90.898	161.8135
25.799999	90.867	161.1109
26.200001	90.838	160.4149
26.500000	90.818	159.8949
26.900000	90.791	159.2162
27.200001	90.771	158.7206
27.600000	90.746	158.0779
28.000000	90.720	157.4556
28.500000	90.688	156.7194
29.000000	90.657	156.0113
29.500000	90.623	155.3368
30.000000	90.588	154.6843
30.400000	90.557	154.1729
30.700001	90.533	153.7983
31.100000	90.498	153.3072
31.500000	90.462	152.8169
32.000000	90.416	152.2228
32.500000	90.368	151.6078
33.000000	90.320	150.9984
33.500000	90.271	150.3689
34.000000	90.222	149.7509
34.500000	90.174	149.1311
35.000000	90.127	148.5251
35.500000	90.081	147.9229
36.000000	90.037	147.3343
36.500000	89.994	146.7592
37.000000	89.952	146.1956
37.500000	89.909	145.6475
38.200001	89.849	144.9063
38.700001	89.804	144.4053
39.500000	89.731	143.6319
40.000000	89.685	143.1518
40.599998	89.630	142.5684
41.200001	89.575	141.9985
41.799999	89.519	141.4403
42.500000	89.451	140.7905
43.099998	89.393	140.2419
43.700001	89.339	139.7117
44.400002	89.278	139.1150
45.000000	89.223	138.5930
45.500000	89.176	138.1462
46.200001	89.108	137.5320
46.799999	89.052	137.0326
47.500000	88.989	136.4703
48.200001	88.926	135.9196
48.700001	88.881	135.5325
49.400002	88.818	134.9949
50.000000	88.763	134.5410
50.799999	88.691	133.9506
51.500000	88.629	133.4479
52.200001	88.567	132.9442
53.000000	88.497	132.3669
53.799999	88.426	131.8070
54.500000	88.365	131.3370
55.200001	88.302	130.8629
56.000000	88.233	130.3152
57.000000	88.149	129.6673
58.000000	88.062	129.0331
59.000000	87.986	128.5243
60.000000	87.914	128.0821
60.799999	87.842	127.5401
61.500000	87.775	127.0040
62.200001	87.715	126.5445
63.000000	87.650	126.0964
64.000000	87.568	125.5411
65.000000	87.487	124.9987
66.000000	87.407	124.4576
67.000000	87.328	123.9216
68.000000	87.251	123.4012
69.000000	87.174	122.8986
70.000000	87.097	122.4096
71.000000	87.020	121.9275
72.000000	86.946	121.4505
73.000000	86.873	120.9833
74.000000	86.800	120.5334
75.000000	86.726	120.0956
76.199997	86.639	119.5664
77.500000	86.547	118.9935
78.800003	86.458	118.4274
80.000000	86.376	117.9272
81.199997	86.294	117.4391
82.500000	86.208	116.9202
83.800003	86.122	116.4114
85.000000	86.044	115.9507
86.199997	85.967	115.5014
87.500000	85.884	115.0247
88.500000	85.822	114.6564
90.000000	85.729	114.1113
91.199997	85.655	113.6943
92.500000	85.577	113.2497
93.800003	85.501	112.8126
95.000000	85.431	112.4147
96.199997	85.363	112.0145
97.500000	85.291	111.5903
98.800003	85.219	111.1853
100.000000	85.152	110.8133
101.500000	85.069	110.3455
103.000000	84.989	109.8886
104.400002	84.917	109.4740
106.000000	84.835	108.9979
107.500000	84.758	108.5649
109.000000	84.682	108.1496
110.599998	84.604	107.7100
112.000000	84.537	107.3237
113.800003	84.450	106.8470
115.000000	84.392	106.5359
117.199997	84.292	105.9683
118.000000	84.256	105.7639
120.599998	84.143	105.0856
122.000000	84.083	104.7273
124.099998	83.992	104.2157
125.000000	83.953	104.0011
126.500000	83.891	103.6476
128.000000	83.830	103.2997
131.500000	83.691	102.5105
132.000000	83.672	102.3972
134.000000	83.591	101.9444
136.000000	83.512	101.4831
138.000000	83.439	101.0628
140.000000	83.368	100.6597
143.000000	83.248	100.1064
145.000000	83.171	99.7177
147.500000	83.094	99.1838
150.000000	83.020	98.7640
152.500000	82.927	98.4678
155.000000	82.853	98.2508
157.500000	82.817	98.0715
160.000000	82.802	97.7239
162.500000	82.781	97.0932
165.000000	82.741	96.4556
167.500000	82.686	95.8572
170.000000	82.622	95.2905
172.500000	82.555	94.7946
175.000000	82.491	94.3516
177.500000	82.434	93.8697
180.000000	82.379	93.3911
182.500000	82.322	92.9818
185.000000	82.270	92.5513
187.500000	82.219	92.1262
190.000000	82.171	91.7169
192.500000	82.124	91.3104
195.000000	82.076	90.9083
197.500000	82.032	90.5144
200.000000	81.990	90.1287
203.000000	81.939	89.6931
206.000000	81.888	89.2377
209.000000	81.838	88.7344
212.000000	81.791	88.3262
214.000000	81.762	88.0704
218.000000	81.707	87.5054
220.000000	81.681	87.2287
224.000000	81.628	86.7087
227.000000	81.592	86.3309
230.000000	81.562	85.9557
233.000000	81.536	85.5847
236.000000	81.511	85.1904
240.000000	81.477	84.6328
243.000000	81.450	84.2140
247.000000	81.412	83.6597
250.000000	81.384	83.2605
254.000000	81.347	82.7621
258.000000	81.311	82.2901
262.000000	81.281	81.7856
265.000000	81.261	81.4080
269.000000	81.234	80.9115
272.000000	81.214	80.5469
276.000000	81.187	80.0775
280.000000	81.162	79.6178
285.000000	81.131	79.0409
290.000000	81.105	78.4846
295.000000	81.080	77.9390
300.000000	81.057	77.3939
304.000000	81.040	76.9632
307.000000	81.028	76.6495
311.000000	81.011	76.2384
315.000000	80.994	75.8312
320.000000	80.977	75.3296
325.000000	80.960	74.8346
330.000000	80.943	74.3481
335.000000	80.927	73.8732
340.000000	80.913	73.4014
345.000000	80.901	72.9376
350.000000	80.889	72.4888
355.000000	80.877	72.0453
360.000000	80.867	71.6028
365.000000	80.858	71.1735
370.000000	80.850	70.7535
375.000000	80.842	70.3384
382.000000	80.832	69.7676
387.000000	80.826	69.3686
395.000000	80.816	68.7427
400.000000	80.811	68.3641
406.000000	80.805	67.9191
412.000000	80.799	67.4819
418.000000	80.793	67.0581
425.000000	80.788	66.5786
431.000000	80.785	66.1811
437.000000	80.782	65.7954
444.000000	80.780	65.3528
450.000000	80.780	64.9754
455.000000	80.781	64.6606
462.000000	80.782	64.2250
468.000000	80.783	63.8568
475.000000	80.782	63.4301
482.000000	80.782	63.0191
487.000000	80.781	62.7361
494.000000	80.779	62.3528
500.000000	80.777	62.0381
508.000000	80.774	61.6329
515.000000	80.772	61.2918
522.000000	80.770	60.9677
530.000000	80.769	60.6132
538.000000	80.768	60.2683
545.000000	80.766	59.9789
552.000000	80.765	59.7034
560.000000	80.763	59.4002
570.000000	80.762	59.0406
580.000000	80.761	58.7026
590.000000	80.762	58.3893
600.000000	80.762	58.0964
608.000000	80.763	57.8790
615.000000	80.764	57.6994
622.000000	80.765	57.5281
630.000000	80.766	57.3456
640.000000	80.767	57.1387
650.000000	80.768	56.9553
660.000000	80.769	56.7908
670.000000	80.771	56.6515
680.000000	80.774	56.5326
690.000000	80.777	56.4330
700.000000	80.781	56.3594
710.000000	80.786	56.3093
720.000000	80.792	56.2869
730.000000	80.798	56.2903
740.000000	80.806	56.3263
750.000000	80.816	56.4139
762.000000	80.841	56.5987
775.000000	80.892	56.7391
788.000000	80.936	56.7075
800.000000	80.958	56.7188
812.000000	80.977	56.8311
825.000000	81.005	57.0351
838.000000	81.042	57.2862
850.000000	81.086	57.5361
862.000000	81.136	57.7919
875.000000	81.197	58.0715
885.000000	81.249	58.2842
900.000000	81.335	58.6036
912.000000	81.409	58.8535
925.000000	81.497	59.1085
938.000000	81.590	59.3433
950.000000	81.682	59.5413
962.000000	81.777	59.7155
975.000000	81.885	59.8724
988.000000	81.996	59.9952
1000.000000	82.102	60.0750
1015.000000	82.237	60.1265
1030.000000	82.373	60.1260
1044.000000	82.501	60.0807
1060.000000	82.648	59.9754
1075.000000	82.784	59.8249
1090.000000	82.920	59.6257
1106.000000	83.061	59.3644
1120.000000	83.180	59.0973
1138.000000	83.328	58.7092
1150.000000	83.423	58.4266
1172.000000	83.587	57.8765
1180.000000	83.643	57.6715
1206.000000	83.819	56.9859
1220.000000	83.908	56.6035
1241.000000	84.035	56.0128
1250.000000	84.086	55.7573
1265.000000	84.169	55.3301
1280.000000	84.247	54.9030
1315.000000	84.413	53.9190
1320.000000	84.435	53.7807
1340.000000	84.520	53.2351
1360.000000	84.599	52.7062
1380.000000	84.672	52.1971
1400.000000	84.740	51.7091
1430.000000	84.833	51.0249
1450.000000	84.893	50.6099
1475.000000	84.964	50.1313
1500.000000	85.034	49.6898
1525.000000	85.104	49.2736
1550.000000	85.174	48.8897
1575.000000	85.243	48.5335
1600.000000	85.312	48.2046
1625.000000	85.380	47.8957
1650.000000	85.451	47.6072
1675.000000	85.522	47.3342
1700.000000	85.593	47.0742
1725.000000	85.666	46.8350
1750.000000	85.740	46.6148
1775.000000	85.817	46.4010
1800.000000	85.896	46.1942
1825.000000	85.976	45.9911
1850.000000	86.059	45.7887
1875.000000	86.143	45.5889
1900.000000	86.230	45.3897
1925.000000	86.319	45.1852
1950.000000	86.410	44.9747
1975.000000	86.503	44.7586
2000.000000	86.598	44.5341
2030.000000	86.714	44.2518
2060.000000	86.833	43.9529
2090.000000	86.955	43.6321
2120.000000	87.080	43.2839
2140.000000	87.165	43.0319
2180.000000	87.335	42.4823
2200.000000	87.420	42.1886
2240.000000	87.589	41.5612
2270.000000	87.716	41.0557
2300.000000	87.843	40.5125
2330.000000	87.969	39.9330
2360.000000	88.093	39.3173
2400.000000	88.256	38.4355
2430.000000	88.375	37.7284
2470.000000	88.528	36.7264
2500.000000	88.637	35.9351
2540.000000	88.774	34.8312
2580.000000	88.898	33.6793
2620.000000	89.010	32.5050
2650.000000	89.085	31.6283
2690.000000	89.178	30.4916
2720.000000	89.246	29.6757
2760.000000	89.345	28.6164
2800.000000	89.460	27.4916
2850.000000	89.611	25.7927
2900.000000	89.727	23.7345
2950.000000	89.782	21.5292
3000.000000	89.779	19.3818
3040.000000	89.744	17.7865
3070.000000	89.706	16.6833
3110.000000	89.644	15.3354
3150.000000	89.576	14.1038
3200.000000	89.488	12.6942
3250.000000	89.399	11.3905
3300.000000	89.308	10.1638
3350.000000	89.213	9.0004
3400.000000	89.112	7.8998
3450.000000	89.002	6.8774
3500.000000	88.886	5.9477
3550.000000	88.765	5.1252
3600.000000	88.643	4.4178
3650.000000	88.522	3.8234
3700.000000	88.405	3.3343
3750.000000	88.294	2.9357
3820.000000	88.151	2.5151
3870.000000	88.060	2.2945
3950.000000	87.935	2.0439
4000.000000	87.871	1.9348
4060.000000	87.808	1.8238
4120.000000	87.759	1.7113
4180.000000	87.722	1.5810
4250.000000	87.690	1.3975
4310.000000	87.672	1.2101
4370.000000	87.661	0.9836
4440.000000	87.657	0.6573
4500.000000	87.658	0.3121
4550.000000	87.660	-0.0284
4620.000000	87.665	-0.5846
4680.000000	87.666	-1.1344
4750.000000	87.664	-1.8633
4820.000000	87.653	-2.6875
4870.000000	87.639	-3.3342
4940.000000	87.608	-4.3136
5000.000000	87.566	-5.2211
5080.000000	87.486	-6.5120
5150.000000	87.389	-7.6972
5220.000000	87.263	-8.9062
5300.000000	87.079	-10.2681
5380.000000	86.850	-11.5426
5450.000000	86.614	-12.5322
5520.000000	86.347	-13.3575
5600.000000	86.007	-14.0466
5700.000000	85.540	-14.4539
5800.000000	85.043	-14.2756
5900.000000	84.535	-13.4535
6000.000000	84.036	-11.9512
6080.000000	83.657	-10.2458
6150.000000	83.351	-8.3836
6220.000000	83.078	-6.1774
6300.000000	82.823	-3.2544
6400.000000	82.614	0.9198
6500.000000	82.560	5.4852
6600.000000	82.686	10.1124
6700.000000	82.997	14.3836
6800.000000	83.465	17.8802
6900.000000	84.035	20.2931
7000.000000	84.639	21.5245
7100.000000	85.214	21.7033
7200.000000	85.720	21.1102
7300.000000	86.149	20.0674
7400.000000	86.517	18.8191
7500.000000	86.854	17.4563
7620.000000	87.255	15.5387
7750.000000	87.699	12.6813
7880.000000	88.085	8.4299
8000.000000	88.246	3.1415
8120.000000	88.073	-2.7457
8250.000000	87.469	-8.1892
8380.000000	86.595	-11.2395
8500.000000	85.758	-11.8428
8620.000000	84.982	-10.8744
8750.000000	84.231	-8.1376
8850.000000	83.776	-4.7073
9000.000000	83.470	2.0557
9120.000000	83.633	7.7950
9250.000000	84.211	13.0498
9380.000000	85.120	16.2491
9500.000000	86.136	16.6651
9620.000000	87.159	14.2024
9750.000000	88.046	8.3627
9880.000000	88.479	0.2147
10000.000000	88.379	-7.8059
10150.000000	87.668	-16.2614
10300.000000	86.581	-21.5672
10440.000000	85.493	-23.6387
10600.000000	84.359	-23.4374
10750.000000	83.479	-21.6592
10900.000000	82.790	-19.0232
11060.000000	82.249	-15.7812
11200.000000	81.922	-12.8835
11380.000000	81.668	-9.4131
11500.000000	81.578	-7.4184
11720.000000	81.494	-4.6524
11800.000000	81.457	-3.8801
12060.000000	81.321	0.2126
12200.000000	81.767	4.4308
12410.000000	83.266	2.8349
12500.000000	83.568	-1.6536
12650.000000	83.382	-9.1321
12800.000000	82.749	-14.1694
13150.000000	81.099	-18.9997
13200.000000	80.886	-19.2402
13400.000000	80.128	-19.6438
13600.000000	79.532	-19.8411
13800.000000	79.052	-20.7098
14000.000000	78.556	-22.7351
14300.000000	77.442	-27.0476
14500.000000	76.364	-29.1442
14750.000000	74.790	-29.2174
15000.000000	73.223	-26.2183
15250.000000	71.854	-20.6200
15500.000000	70.853	-13.1748
15750.000000	70.294	-5.6791
16000.000000	70.051	0.5403
16250.000000	69.960	5.0148
16500.000000	69.859	7.5689
16750.000000	69.558	8.5984
17000.000000	68.926	9.3938
17250.000000	67.981	11.5476
17500.000000	66.878	16.3073
17750.000000	65.884	24.2123
18000.000000	65.318	34.3150
18250.000000	65.365	44.1750
18500.000000	65.983	50.8501
18750.000000	66.812	51.7964
19000.000000	67.325	46.9765
19250.000000	67.179	38.3736
19500.000000	66.271	28.2671
19750.000000	64.757	18.7930
20000.000000	63.456	12.3159
