* Measurement data measured by REW V5.31.3
* Source: Microphone (JadeAudio JA11), MICROPHONE (Master Volume), R, volume: 0.250
* Format: 512k Log Swept Sine, 1 sweep at -14.9 dBFS with no timing reference
* Dated: May 12, 2025 3:59:00 AM
* REW Settings:
*  C-weighting compensation: Off
*  Target level: 75.0 dB
* Note: 
* Measurement: L Quintet (T300B)
* Smoothing: 1/24 octave
* Frequency Step: 1/48 octave
* Start Frequency: 20.300 Hz
*
* Freq(Hz)	SPL(dB)	Phase(degrees)
20.299999	91.464	171.7456
20.600000	91.460	171.2606
20.900000	91.454	170.7169
21.200001	91.446	170.1841
21.400000	91.440	169.8395
21.799999	91.427	169.1757
22.000000	91.419	168.8504
22.400000	91.396	168.1641
22.700001	91.376	167.6592
23.000000	91.354	167.1618
23.299999	91.331	166.6324
23.600000	91.307	166.1141
24.000000	91.275	165.4420
24.299999	91.250	164.9047
24.700001	91.217	164.1973
25.000000	91.193	163.6774
25.400000	91.163	162.9537
25.799999	91.134	162.2551
26.200001	91.106	161.5697
26.500000	91.087	161.0599
26.900000	91.061	160.3935
27.200001	91.042	159.9045
27.600000	91.018	159.2674
28.000000	90.995	158.6490
28.500000	90.968	157.9171
29.000000	90.940	157.2090
29.500000	90.907	156.5277
30.000000	90.873	155.8673
30.400000	90.843	155.3545
30.700001	90.820	154.9823
31.100000	90.789	154.4959
31.500000	90.755	154.0070
32.000000	90.711	153.4079
32.500000	90.665	152.7888
33.000000	90.618	152.1863
33.500000	90.571	151.5725
34.000000	90.525	150.9650
34.500000	90.480	150.3421
35.000000	90.436	149.7278
35.500000	90.393	149.1255
36.000000	90.349	148.5471
36.500000	90.308	147.9811
37.000000	90.268	147.4172
37.500000	90.229	146.8649
38.200001	90.171	146.1295
38.700001	90.126	145.6380
39.500000	90.057	144.8659
40.000000	90.016	144.3802
40.599998	89.965	143.7965
41.200001	89.910	143.2337
41.799999	89.852	142.6853
42.500000	89.788	142.0463
43.099998	89.734	141.4950
43.700001	89.680	140.9414
44.400002	89.618	140.3184
45.000000	89.568	139.8077
45.500000	89.526	139.3869
46.200001	89.464	138.7883
46.799999	89.409	138.2710
47.500000	89.346	137.6858
48.200001	89.286	137.1309
48.700001	89.243	136.7458
49.400002	89.184	136.2100
50.000000	89.132	135.7543
50.799999	89.063	135.1506
51.500000	89.001	134.6373
52.200001	88.940	134.1430
53.000000	88.871	133.5878
53.799999	88.804	133.0310
54.500000	88.744	132.5530
55.200001	88.684	132.0801
56.000000	88.617	131.5393
57.000000	88.533	130.8875
58.000000	88.455	130.2539
59.000000	88.360	129.6647
60.000000	88.257	129.1144
60.799999	88.201	128.6147
61.500000	88.162	128.1626
62.200001	88.113	127.7449
63.000000	88.050	127.2924
64.000000	87.975	126.7207
65.000000	87.898	126.1708
66.000000	87.821	125.6377
67.000000	87.744	125.1085
68.000000	87.667	124.5829
69.000000	87.593	124.0660
70.000000	87.520	123.5641
71.000000	87.448	123.0797
72.000000	87.376	122.6055
73.000000	87.304	122.1392
74.000000	87.233	121.6814
75.000000	87.163	121.2269
76.199997	87.079	120.6934
77.500000	86.990	120.1201
78.800003	86.902	119.5577
80.000000	86.822	119.0485
81.199997	86.744	118.5488
82.500000	86.660	118.0235
83.800003	86.578	117.5056
85.000000	86.503	117.0387
86.199997	86.429	116.5828
87.500000	86.349	116.0947
88.500000	86.288	115.7283
90.000000	86.199	115.1856
91.199997	86.128	114.7491
92.500000	86.052	114.2870
93.800003	85.977	113.8516
95.000000	85.910	113.4558
96.199997	85.844	113.0554
97.500000	85.772	112.6296
98.800003	85.702	112.2117
100.000000	85.638	111.8306
101.500000	85.561	111.3586
103.000000	85.486	110.8914
104.400002	85.416	110.4691
106.000000	85.336	109.9979
107.500000	85.260	109.5584
109.000000	85.188	109.1245
110.599998	85.113	108.6651
112.000000	85.049	108.2705
113.800003	84.968	107.7734
115.000000	84.913	107.4459
117.199997	84.815	106.8601
118.000000	84.782	106.6541
120.599998	84.673	106.0079
122.000000	84.615	105.6606
124.099998	84.529	105.1498
125.000000	84.493	104.9319
126.500000	84.435	104.5660
128.000000	84.378	104.2039
131.500000	84.248	103.3621
132.000000	84.230	103.2464
134.000000	84.160	102.7981
136.000000	84.093	102.3552
138.000000	84.025	101.9032
140.000000	83.958	101.4531
143.000000	83.859	100.8274
145.000000	83.795	100.4151
147.500000	83.718	99.8946
150.000000	83.644	99.3849
152.500000	83.572	98.8929
155.000000	83.502	98.4057
157.500000	83.436	97.9182
160.000000	83.370	97.4394
162.500000	83.305	96.9773
165.000000	83.244	96.5189
167.500000	83.185	96.0607
170.000000	83.128	95.6069
172.500000	83.071	95.1565
175.000000	83.015	94.7153
177.500000	82.961	94.2782
180.000000	82.909	93.8417
182.500000	82.860	93.4357
185.000000	82.812	93.0335
187.500000	82.764	92.6310
190.000000	82.718	92.2336
192.500000	82.675	91.8374
195.000000	82.633	91.4404
197.500000	82.592	91.0453
200.000000	82.553	90.6547
203.000000	82.507	90.1922
206.000000	82.462	89.7347
209.000000	82.418	89.2873
212.000000	82.376	88.8412
214.000000	82.350	88.5449
218.000000	82.298	87.9689
220.000000	82.273	87.6856
224.000000	82.226	87.1258
227.000000	82.192	86.7103
230.000000	82.160	86.3015
233.000000	82.129	85.8936
236.000000	82.099	85.4787
240.000000	82.059	84.9531
243.000000	82.030	84.5700
247.000000	81.996	84.0445
250.000000	81.972	83.6589
254.000000	81.941	83.1574
258.000000	81.911	82.6559
262.000000	81.882	82.1601
265.000000	81.862	81.7919
269.000000	81.836	81.3119
272.000000	81.817	80.9632
276.000000	81.794	80.5024
280.000000	81.771	80.0421
285.000000	81.744	79.4697
290.000000	81.720	78.9234
295.000000	81.698	78.3765
300.000000	81.677	77.8405
304.000000	81.662	77.4275
307.000000	81.651	77.1205
311.000000	81.639	76.7086
315.000000	81.628	76.2992
320.000000	81.615	75.7898
325.000000	81.603	75.2790
330.000000	81.590	74.7778
335.000000	81.578	74.2904
340.000000	81.567	73.8128
345.000000	81.556	73.3461
350.000000	81.547	72.8867
355.000000	81.538	72.4338
360.000000	81.531	71.9892
365.000000	81.524	71.5482
370.000000	81.517	71.1150
375.000000	81.511	70.6930
382.000000	81.504	70.1213
387.000000	81.499	69.7199
395.000000	81.492	69.0883
400.000000	81.488	68.7046
406.000000	81.484	68.2589
412.000000	81.481	67.8208
418.000000	81.478	67.3910
425.000000	81.477	66.9030
431.000000	81.476	66.4922
437.000000	81.475	66.0877
444.000000	81.473	65.6258
450.000000	81.471	65.2448
455.000000	81.470	64.9415
462.000000	81.471	64.5324
468.000000	81.473	64.1772
475.000000	81.476	63.7668
482.000000	81.479	63.3641
487.000000	81.481	63.0770
494.000000	81.483	62.6815
500.000000	81.483	62.3501
508.000000	81.483	61.9319
515.000000	81.483	61.5847
522.000000	81.482	61.2537
530.000000	81.483	60.8905
538.000000	81.483	60.5431
545.000000	81.483	60.2503
552.000000	81.484	59.9674
560.000000	81.483	59.6591
570.000000	81.482	59.3012
580.000000	81.482	58.9678
590.000000	81.482	58.6498
600.000000	81.483	58.3526
608.000000	81.484	58.1350
615.000000	81.485	57.9593
622.000000	81.486	57.7942
630.000000	81.487	57.6181
640.000000	81.489	57.4163
650.000000	81.492	57.2367
660.000000	81.495	57.0771
670.000000	81.498	56.9425
680.000000	81.503	56.8281
690.000000	81.508	56.7327
700.000000	81.514	56.6609
710.000000	81.521	56.6085
720.000000	81.529	56.5745
730.000000	81.538	56.5584
740.000000	81.547	56.5618
750.000000	81.555	56.5941
762.000000	81.566	56.7019
775.000000	81.590	56.8592
788.000000	81.621	56.9944
800.000000	81.649	57.1342
812.000000	81.680	57.3059
825.000000	81.718	57.5271
838.000000	81.762	57.7766
850.000000	81.807	58.0240
862.000000	81.857	58.2870
875.000000	81.918	58.5810
885.000000	81.971	58.8112
900.000000	82.056	59.1639
912.000000	82.131	59.4439
925.000000	82.218	59.7376
938.000000	82.313	60.0161
950.000000	82.407	60.2566
962.000000	82.505	60.4728
975.000000	82.616	60.6742
988.000000	82.732	60.8406
1000.000000	82.841	60.9607
1015.000000	82.982	61.0689
1030.000000	83.126	61.1247
1044.000000	83.263	61.1273
1060.000000	83.421	61.0689
1075.000000	83.569	60.9519
1090.000000	83.714	60.7798
1106.000000	83.866	60.5394
1120.000000	83.995	60.2828
1138.000000	84.156	59.9068
1150.000000	84.259	59.6315
1172.000000	84.441	59.0816
1180.000000	84.504	58.8693
1206.000000	84.700	58.1375
1220.000000	84.798	57.7248
1241.000000	84.937	57.0893
1250.000000	84.994	56.8149
1265.000000	85.084	56.3543
1280.000000	85.169	55.8926
1315.000000	85.351	54.8262
1320.000000	85.375	54.6769
1340.000000	85.468	54.0873
1360.000000	85.554	53.5162
1380.000000	85.635	52.9688
1400.000000	85.710	52.4415
1430.000000	85.817	51.6960
1450.000000	85.884	51.2281
1475.000000	85.965	50.6741
1500.000000	86.042	50.1605
1525.000000	86.116	49.6803
1550.000000	86.189	49.2311
1575.000000	86.261	48.8117
1600.000000	86.333	48.4210
1625.000000	86.404	48.0540
1650.000000	86.477	47.7115
1675.000000	86.550	47.3938
1700.000000	86.625	47.0933
1725.000000	86.701	46.8059
1750.000000	86.778	46.5322
1775.000000	86.857	46.2685
1800.000000	86.938	46.0131
1825.000000	87.021	45.7616
1850.000000	87.106	45.5113
1875.000000	87.192	45.2607
1900.000000	87.281	45.0100
1925.000000	87.373	44.7565
1950.000000	87.466	44.4981
1975.000000	87.561	44.2335
2000.000000	87.658	43.9603
2030.000000	87.777	43.6192
2060.000000	87.899	43.2600
2090.000000	88.022	42.8785
2120.000000	88.147	42.4755
2140.000000	88.231	42.1928
2180.000000	88.402	41.5884
2200.000000	88.488	41.2656
2240.000000	88.662	40.5716
2270.000000	88.792	40.0121
2300.000000	88.923	39.4146
2330.000000	89.052	38.7779
2360.000000	89.180	38.0987
2400.000000	89.347	37.1282
2430.000000	89.469	36.3569
2470.000000	89.626	35.2757
2500.000000	89.740	34.4242
2540.000000	89.886	33.2275
2580.000000	90.024	31.9590
2620.000000	90.150	30.6278
2650.000000	90.237	29.5922
2690.000000	90.343	28.1648
2720.000000	90.413	27.0638
2760.000000	90.495	25.5603
2800.000000	90.560	24.0253
2850.000000	90.620	22.0889
2900.000000	90.655	20.1527
2950.000000	90.666	18.2324
3000.000000	90.654	16.3454
3040.000000	90.627	14.8702
3070.000000	90.598	13.7911
3110.000000	90.549	12.3982
3150.000000	90.486	11.0636
3200.000000	90.394	9.4903
3250.000000	90.286	8.0323
3300.000000	90.169	6.6964
3350.000000	90.044	5.4836
3400.000000	89.914	4.3908
3450.000000	89.781	3.4184
3500.000000	89.647	2.5608
3550.000000	89.515	1.8161
3600.000000	89.385	1.1783
3650.000000	89.261	0.6363
3700.000000	89.143	0.1810
3750.000000	89.033	-0.1995
3820.000000	88.891	-0.6191
3870.000000	88.802	-0.8574
3950.000000	88.678	-1.1668
4000.000000	88.613	-1.3281
4060.000000	88.549	-1.5134
4120.000000	88.497	-1.7065
4180.000000	88.455	-1.9207
4250.000000	88.420	-2.2153
4310.000000	88.399	-2.5182
4370.000000	88.383	-2.8837
4440.000000	88.368	-3.4052
4500.000000	88.353	-3.9317
4550.000000	88.336	-4.4169
4620.000000	88.305	-5.1467
4680.000000	88.274	-5.8145
4750.000000	88.230	-6.6444
4820.000000	88.176	-7.5230
4870.000000	88.129	-8.1739
4940.000000	88.053	-9.1105
5000.000000	87.979	-9.9369
5080.000000	87.864	-11.0799
5150.000000	87.747	-12.1252
5220.000000	87.608	-13.2059
5300.000000	87.418	-14.4597
5380.000000	87.189	-15.6806
5450.000000	86.953	-16.6731
5520.000000	86.685	-17.5476
5600.000000	86.341	-18.3378
5700.000000	85.861	-18.9056
5800.000000	85.343	-18.9146
5900.000000	84.810	-18.3060
6000.000000	84.275	-16.9962
6080.000000	83.861	-15.4303
6150.000000	83.522	-13.6882
6220.000000	83.213	-11.6040
6300.000000	82.911	-8.8242
6400.000000	82.633	-4.8265
6500.000000	82.498	-0.3998
6600.000000	82.535	4.1706
6700.000000	82.754	8.4728
6800.000000	83.135	12.0670
6900.000000	83.624	14.6124
7000.000000	84.151	15.9871
7100.000000	84.651	16.2985
7200.000000	85.081	15.8125
7300.000000	85.425	14.8507
7400.000000	85.694	13.6716
7500.000000	85.913	12.4044
7620.000000	86.144	10.7190
7750.000000	86.369	8.4154
7880.000000	86.526	5.2165
8000.000000	86.513	1.3712
8120.000000	86.239	-2.8264
8250.000000	85.609	-6.5400
8380.000000	84.749	-8.2135
8500.000000	83.917	-7.7887
8620.000000	83.128	-5.8698
8750.000000	82.344	-2.1115
8850.000000	81.848	2.1252
9000.000000	81.440	10.2075
9120.000000	81.474	17.2425
9250.000000	81.858	24.4675
9380.000000	82.548	30.7228
9500.000000	83.416	35.3407
9620.000000	84.476	38.4967
9750.000000	85.793	39.7732
9880.000000	87.191	38.2548
10000.000000	88.407	34.0073
10150.000000	89.552	25.1004
10300.000000	90.010	13.8551
10440.000000	89.759	3.6809
10600.000000	88.889	-5.1598
10750.000000	87.839	-9.9868
10900.000000	86.817	-11.9690
11060.000000	85.899	-11.9736
11200.000000	85.275	-10.9554
11380.000000	84.706	-9.0550
11500.000000	84.450	-7.7532
11720.000000	84.154	-5.8232
11800.000000	84.068	-5.2827
12060.000000	83.886	-1.8841
12200.000000	84.404	1.6060
12410.000000	85.934	-2.2878
12500.000000	86.192	-7.6545
12650.000000	85.950	-16.3810
12800.000000	85.283	-22.8710
13150.000000	83.419	-31.9633
13200.000000	83.155	-32.8497
13400.000000	82.138	-35.8606
13600.000000	81.179	-38.5558
13800.000000	80.230	-41.4892
14000.000000	79.190	-44.8717
14300.000000	77.206	-49.6577
14500.000000	75.568	-50.9300
14750.000000	73.415	-48.8923
15000.000000	71.484	-43.5392
15250.000000	69.896	-36.3959
15500.000000	68.669	-28.1354
15750.000000	67.831	-19.8501
16000.000000	67.290	-12.6505
16250.000000	66.891	-7.0658
16500.000000	66.463	-3.1063
16750.000000	65.843	-0.1606
17000.000000	64.930	2.9453
17250.000000	63.734	7.7048
17500.000000	62.390	15.5050
17750.000000	61.163	27.2072
18000.000000	60.409	41.9342
18250.000000	60.305	57.1067
18500.000000	60.813	70.4876
18750.000000	61.735	80.0875
19000.000000	62.769	85.0371
19250.000000	63.659	85.6345
19500.000000	64.241	82.5431
19750.000000	64.456	76.7819
20000.000000	64.450	70.9305
