* Measurement data measured by REW V5.31.3
* Source: Microphone (JadeAudio JA11), MICROPHONE (Master Volume), R, volume: 0.250
* Format: 512k Log Swept Sine, 1 sweep at 0.0 dBFS with no timing reference
* Dated: Apr 23, 2025 6:07:05 PM
* REW Settings:
*  C-weighting compensation: Off
*  Target level: 75.0 dB
* Note: 
* Measurement: L Moca (Monitor, Nuarl 7)
* Smoothing: 1/24 octave
* Frequency Step: 1/48 octave
* Start Frequency: 20.300 Hz
*
* Freq(Hz)	SPL(dB)	Phase(degrees)
20.299999	85.309	-140.2638
20.600000	85.284	-142.4644
20.900000	85.253	-144.8549
21.200001	85.222	-147.2422
21.400000	85.201	-148.8186
21.799999	85.161	-151.9293
22.000000	85.141	-153.4649
22.400000	85.101	-156.5057
22.700001	85.070	-158.7680
23.000000	85.040	-161.0192
23.299999	85.010	-163.2599
23.600000	84.980	-165.4884
24.000000	84.939	-168.4378
24.299999	84.907	-170.6331
24.700001	84.864	-173.5389
25.000000	84.832	-175.7020
25.400000	84.792	-178.5606
25.799999	84.756	178.6138
26.200001	84.720	175.8176
26.500000	84.693	173.7321
26.900000	84.658	170.9547
27.200001	84.632	168.8713
27.600000	84.600	166.1016
28.000000	84.569	163.3616
28.500000	84.529	160.0045
29.000000	84.483	156.7148
29.500000	84.434	153.4490
30.000000	84.389	150.1753
30.400000	84.359	147.5569
30.700001	84.339	145.6048
31.100000	84.312	143.0274
31.500000	84.283	140.4788
32.000000	84.245	137.3159
32.500000	84.210	134.1588
33.000000	84.177	131.0070
33.500000	84.142	127.8788
34.000000	84.103	124.7906
34.500000	84.063	121.7411
35.000000	84.029	118.7108
35.500000	84.002	115.6771
36.000000	83.977	112.6314
36.500000	83.949	109.5844
37.000000	83.920	106.5517
37.500000	83.893	103.5390
38.200001	83.861	99.3496
38.700001	83.839	96.3851
39.500000	83.798	91.7198
40.000000	83.774	88.8408
40.599998	83.751	85.3773
41.200001	83.731	81.8764
41.799999	83.709	78.3623
42.500000	83.679	74.3106
43.099998	83.655	70.8842
43.700001	83.632	67.4503
44.400002	83.605	63.4032
45.000000	83.584	59.9615
45.500000	83.569	57.1605
46.200001	83.547	53.3162
46.799999	83.529	50.0122
47.500000	83.511	46.1185
48.200001	83.496	42.2471
48.700001	83.484	39.5055
49.400002	83.465	35.6602
50.000000	83.452	32.3436
50.799999	83.440	27.9364
51.500000	83.428	24.1346
52.200001	83.416	20.3793
53.000000	83.401	16.0712
53.799999	83.384	11.7358
54.500000	83.372	7.9836
55.200001	83.363	4.2118
56.000000	83.355	-0.1358
57.000000	83.351	-5.3782
58.000000	83.327	-10.6860
59.000000	83.299	-15.4699
60.000000	83.291	-19.7886
60.799999	83.293	-24.3898
61.500000	83.295	-28.8621
62.200001	83.287	-32.8728
63.000000	83.274	-37.0068
64.000000	83.275	-42.2572
65.000000	83.268	-47.4700
66.000000	83.259	-52.6525
67.000000	83.254	-57.8083
68.000000	83.247	-62.9267
69.000000	83.240	-68.0306
70.000000	83.235	-73.1332
71.000000	83.235	-78.2623
72.000000	83.234	-83.3829
73.000000	83.230	-88.4749
74.000000	83.227	-93.5612
75.000000	83.227	-98.6232
76.199997	83.229	-104.6221
77.500000	83.227	-111.0961
78.800003	83.215	-117.5893
80.000000	83.209	-123.6058
81.199997	83.204	-129.6008
82.500000	83.202	-136.0607
83.800003	83.209	-142.4725
85.000000	83.206	-148.3802
86.199997	83.197	-154.2648
87.500000	83.195	-160.6217
88.500000	83.195	-165.5071
90.000000	83.191	-172.8102
91.199997	83.186	-178.6512
92.500000	83.180	175.0654
93.800003	83.183	168.8138
95.000000	83.185	163.0446
96.199997	83.182	157.2933
97.500000	83.177	151.1027
98.800003	83.172	144.9576
100.000000	83.164	139.2739
101.500000	83.155	132.1705
103.000000	83.154	125.1140
104.400002	83.149	118.5467
106.000000	83.141	111.0656
107.500000	83.135	104.0859
109.000000	83.127	97.1281
110.599998	83.119	89.7341
112.000000	83.112	83.2957
113.800003	83.110	75.0389
115.000000	83.108	69.5430
117.199997	83.093	59.5219
118.000000	83.086	55.8910
120.599998	83.067	44.1038
122.000000	83.057	37.7345
124.099998	83.048	28.2833
125.000000	83.044	24.2764
126.500000	83.036	17.6073
128.000000	83.028	10.9443
131.500000	83.000	-4.5550
132.000000	82.996	-6.7663
134.000000	82.981	-15.5691
136.000000	82.965	-24.3394
138.000000	82.945	-33.0558
140.000000	82.925	-41.6907
143.000000	82.921	-54.6318
145.000000	82.915	-63.2175
147.500000	82.899	-73.9209
150.000000	82.875	-84.5779
152.500000	82.847	-95.1591
155.000000	82.823	-105.6734
157.500000	82.807	-116.1683
160.000000	82.791	-126.6212
162.500000	82.771	-137.0017
165.000000	82.749	-147.3269
167.500000	82.728	-157.6257
170.000000	82.707	-167.8666
172.500000	82.687	-178.0303
175.000000	82.668	171.8308
177.500000	82.654	161.6885
180.000000	82.642	151.5869
182.500000	82.623	141.6293
185.000000	82.608	131.7144
187.500000	82.597	121.7556
190.000000	82.581	111.7927
192.500000	82.565	101.8832
195.000000	82.549	92.0099
197.500000	82.528	82.1635
200.000000	82.510	72.3473
203.000000	82.492	60.6367
206.000000	82.468	48.9796
209.000000	82.437	37.4150
212.000000	82.405	25.9066
214.000000	82.396	18.2155
218.000000	82.381	2.8793
220.000000	82.373	-4.7162
224.000000	82.332	-19.7179
227.000000	82.306	-30.8398
230.000000	82.302	-41.8834
233.000000	82.322	-52.9016
236.000000	82.354	-63.9348
240.000000	82.385	-78.9136
243.000000	82.394	-90.1278
247.000000	82.389	-104.9199
250.000000	82.382	-115.9658
254.000000	82.370	-130.6212
258.000000	82.349	-145.1632
262.000000	82.329	-159.5481
265.000000	82.320	-170.1956
269.000000	82.325	175.7046
272.000000	82.343	165.1069
276.000000	82.381	150.9224
280.000000	82.426	136.7240
285.000000	82.475	119.0845
290.000000	82.510	101.3885
295.000000	82.537	83.7217
300.000000	82.551	66.2039
304.000000	82.559	52.2783
307.000000	82.568	41.8641
311.000000	82.578	28.0688
315.000000	82.587	14.3342
320.000000	82.593	-2.7880
325.000000	82.597	-19.8048
330.000000	82.602	-36.7023
335.000000	82.612	-53.5122
340.000000	82.620	-70.2690
345.000000	82.624	-86.9512
350.000000	82.624	-103.5681
355.000000	82.626	-120.1233
360.000000	82.629	-136.5886
365.000000	82.629	-152.9327
370.000000	82.624	-169.2219
375.000000	82.617	174.5261
382.000000	82.608	151.9139
387.000000	82.604	135.8721
395.000000	82.593	110.3850
400.000000	82.579	94.5477
406.000000	82.561	75.6139
412.000000	82.546	56.8027
418.000000	82.532	38.1000
425.000000	82.513	16.4115
431.000000	82.493	-2.0837
437.000000	82.469	-20.4860
444.000000	82.439	-41.8169
450.000000	82.415	-59.9565
455.000000	82.397	-74.9727
462.000000	82.373	-95.8745
468.000000	82.351	-113.7109
475.000000	82.325	-134.4075
482.000000	82.300	-154.9680
487.000000	82.286	-169.5793
494.000000	82.273	170.1006
500.000000	82.263	152.7876
508.000000	82.250	129.7932
515.000000	82.239	109.7610
522.000000	82.231	89.8149
530.000000	82.229	67.1746
538.000000	82.229	44.6941
545.000000	82.227	25.1216
552.000000	82.225	5.6135
560.000000	82.220	-16.5955
570.000000	82.215	-44.1880
580.000000	82.211	-71.5664
590.000000	82.208	-98.7629
600.000000	82.195	-125.8547
608.000000	82.178	-147.4609
615.000000	82.162	-166.2891
622.000000	82.148	175.0071
630.000000	82.134	153.7935
640.000000	82.120	127.4731
650.000000	82.113	101.2991
660.000000	82.110	75.2063
670.000000	82.107	49.2312
680.000000	82.104	23.4487
690.000000	82.099	-2.1396
700.000000	82.086	-27.5957
710.000000	82.066	-52.9102
720.000000	82.042	-78.0569
730.000000	82.019	-103.0193
740.000000	82.000	-127.7747
750.000000	81.980	-152.3496
762.000000	81.952	178.3313
775.000000	81.919	146.7871
788.000000	81.889	115.5430
800.000000	81.869	86.9966
812.000000	81.853	58.7068
825.000000	81.835	28.2605
838.000000	81.817	-1.9919
850.000000	81.806	-29.6973
862.000000	81.805	-57.1443
875.000000	81.812	-86.6101
885.000000	81.819	-109.1438
900.000000	81.832	-142.7759
912.000000	81.848	-169.5212
925.000000	81.872	161.7529
938.000000	81.906	133.3416
950.000000	81.948	107.4004
962.000000	81.994	81.6562
975.000000	82.045	53.8984
988.000000	82.100	26.2778
1000.000000	82.157	0.9575
1015.000000	82.239	-30.4338
1030.000000	82.330	-61.5723
1044.000000	82.419	-90.4988
1060.000000	82.518	-123.4431
1075.000000	82.602	-154.1289
1090.000000	82.703	175.3660
1106.000000	82.838	143.0442
1120.000000	82.958	115.1160
1138.000000	83.103	79.3521
1150.000000	83.197	55.5439
1172.000000	83.370	12.1870
1180.000000	83.434	-3.4556
1206.000000	83.639	-53.8638
1220.000000	83.745	-80.8169
1241.000000	83.899	-121.0901
1250.000000	83.964	-138.2749
1265.000000	84.069	-166.7744
1280.000000	84.173	164.9319
1315.000000	84.410	99.7839
1320.000000	84.442	90.5522
1340.000000	84.563	53.7461
1360.000000	84.675	17.1450
1380.000000	84.780	-19.1260
1400.000000	84.883	-54.9878
1430.000000	85.026	-108.1348
1450.000000	85.109	-143.2827
1475.000000	85.203	173.1040
1500.000000	85.288	130.0112
1525.000000	85.371	87.5415
1550.000000	85.451	45.6323
1575.000000	85.524	4.0972
1600.000000	85.593	-37.0859
1625.000000	85.669	-77.7632
1650.000000	85.755	-117.8638
1675.000000	85.847	-157.5200
1700.000000	85.937	163.0815
1725.000000	86.017	123.9199
1750.000000	86.087	85.1719
1775.000000	86.149	46.9746
1800.000000	86.204	9.3213
1825.000000	86.257	-27.8960
1850.000000	86.315	-64.7822
1875.000000	86.383	-101.4497
1900.000000	86.469	-137.9019
1925.000000	86.586	-174.0254
1950.000000	86.726	150.2070
1975.000000	86.872	114.6328
2000.000000	87.009	79.1533
2030.000000	87.149	36.7686
2060.000000	87.265	-5.1450
2090.000000	87.365	-46.4272
2120.000000	87.451	-87.1357
2140.000000	87.501	-114.0239
2180.000000	87.587	-167.3247
2200.000000	87.624	166.2612
2240.000000	87.700	114.1240
2270.000000	87.768	75.7524
2300.000000	87.844	37.9219
2330.000000	87.927	0.4307
2360.000000	88.010	-36.8442
2400.000000	88.121	-86.0806
2430.000000	88.204	-122.4678
2470.000000	88.317	-170.1729
2500.000000	88.399	154.5298
2540.000000	88.504	107.9097
2580.000000	88.600	61.6543
2620.000000	88.688	15.9541
2650.000000	88.751	-17.7964
2690.000000	88.827	-62.0654
2720.000000	88.874	-94.8682
2760.000000	88.920	-138.2734
2800.000000	88.942	178.7124
2850.000000	88.938	125.8945
2900.000000	88.903	74.4321
2950.000000	88.834	24.2603
3000.000000	88.733	-24.7090
3040.000000	88.636	-63.1489
3070.000000	88.560	-91.5034
3110.000000	88.460	-128.5767
3150.000000	88.367	-164.7842
3200.000000	88.258	150.8667
3250.000000	88.149	107.1768
3300.000000	88.035	64.1416
3350.000000	87.915	22.0942
3400.000000	87.789	-18.7725
3450.000000	87.651	-58.6514
3500.000000	87.500	-97.8257
3550.000000	87.348	-136.3359
3600.000000	87.206	-173.9834
3650.000000	87.081	149.3735
3700.000000	86.970	113.8008
3750.000000	86.864	79.0728
3820.000000	86.712	31.3984
3870.000000	86.602	-1.9810
3950.000000	86.441	-53.6230
4000.000000	86.351	-84.6431
4060.000000	86.248	-120.8945
4120.000000	86.143	-156.4219
4180.000000	86.038	168.7764
4250.000000	85.917	129.4619
4310.000000	85.818	97.1323
4370.000000	85.728	66.0718
4440.000000	85.633	31.0103
4500.000000	85.561	1.6772
4550.000000	85.509	-22.1987
4620.000000	85.453	-54.4224
4680.000000	85.423	-80.7529
4750.000000	85.404	-110.2109
4820.000000	85.399	-138.7373
4870.000000	85.405	-158.6558
4940.000000	85.431	174.2778
5000.000000	85.472	152.0137
5080.000000	85.561	123.9150
5150.000000	85.671	100.6592
5220.000000	85.807	78.2168
5300.000000	85.987	53.2158
5380.000000	86.193	29.1270
5450.000000	86.391	9.1191
5520.000000	86.598	-9.8516
5600.000000	86.824	-30.6357
5700.000000	87.060	-55.8662
5800.000000	87.216	-80.1685
5900.000000	87.270	-103.2065
6000.000000	87.212	-124.6387
6080.000000	87.091	-140.3618
6150.000000	86.937	-153.1748
6220.000000	86.747	-165.1538
6300.000000	86.508	-177.5923
6400.000000	86.206	169.1929
6500.000000	85.928	158.6777
6600.000000	85.684	150.2876
6700.000000	85.478	143.4150
6800.000000	85.324	138.0767
6900.000000	85.231	134.7188
7000.000000	85.207	133.5234
7100.000000	85.252	134.1011
7200.000000	85.367	135.9434
7300.000000	85.552	138.6318
7400.000000	85.810	142.2539
7500.000000	86.147	147.1294
7620.000000	86.655	154.5781
7750.000000	87.286	163.3496
7880.000000	87.878	171.3496
8000.000000	88.221	178.0298
8120.000000	88.206	-174.6860
8250.000000	87.709	-164.2642
8380.000000	86.779	-149.9917
8500.000000	85.684	-133.0835
8620.000000	84.496	-112.8760
8750.000000	83.214	-87.2280
8850.000000	82.271	-64.6816
9000.000000	80.952	-26.5386
9120.000000	79.979	6.9209
9250.000000	79.001	45.6982
9380.000000	78.106	87.3931
9500.000000	77.344	128.3989
9620.000000	76.641	171.9888
9750.000000	75.937	-138.1816
9880.000000	75.285	-86.1685
10000.000000	74.724	-36.7632
10150.000000	74.076	26.4082
10300.000000	73.484	91.9600
10440.000000	72.987	156.3838
10600.000000	72.488	-126.2188
10750.000000	72.086	-51.1699
10900.000000	71.742	24.9258
11060.000000	71.434	107.7842
11200.000000	71.209	-177.2598
11380.000000	70.975	-76.2949
11500.000000	70.855	-6.7510
11720.000000	70.719	123.3301
11800.000000	70.699	171.0957
12060.000000	70.737	-30.6860
12200.000000	70.819	57.5879
12410.000000	71.049	-163.2261
12500.000000	71.197	-101.7773
12650.000000	71.514	1.6533
12800.000000	71.913	104.1665
13150.000000	73.138	-12.1162
13200.000000	73.355	24.3389
13400.000000	74.370	173.8936
13600.000000	75.678	-32.3062
13800.000000	77.333	119.9941
14000.000000	79.280	-84.3965
14300.000000	81.921	132.4053
14500.000000	82.539	-114.6421
14750.000000	81.357	23.5083
15000.000000	78.696	-139.6270
15250.000000	75.783	79.6011
15500.000000	73.250	-62.9912
15750.000000	71.139	168.3545
16000.000000	69.331	45.5669
16250.000000	67.741	-84.8145
16500.000000	66.319	156.7720
16750.000000	64.980	35.4968
17000.000000	63.578	-75.6367
17250.000000	61.932	168.7188
17500.000000	59.829	67.9637
17750.000000	57.172	-60.4591
18000.000000	55.046	117.4033
18250.000000	55.627	-68.5388
18500.000000	56.930	122.3065
18750.000000	57.551	-34.8535
19000.000000	58.268	-28.0526
19250.000000	59.355	-91.1241
19500.000000	60.413	-177.4827
19750.000000	61.162	65.0712
20000.000000	61.515	51.6559
