* Measurement data measured by REW V5.31.3
* Source: Microphone (JadeAudio JA11), MICROPHONE (Master Volume), R, volume: 0.250
* Format: 512k Log Swept Sine, 1 sweep at 0.0 dBFS with no timing reference
* Dated: Apr 25, 2025 4:58:53 AM
* REW Settings:
*  C-weighting compensation: Off
*  Target level: 75.0 dB
* Note: 
* Measurement: R Moca (Tp, Std, Nuarl 7)
* Smoothing: 1/24 octave
* Frequency Step: 1/48 octave
* Start Frequency: 20.300 Hz
*
* Freq(Hz)	SPL(dB)	Phase(degrees)
20.299999	90.711	169.3712
20.600000	90.687	166.3627
20.900000	90.657	163.1003
21.200001	90.627	159.8401
21.400000	90.608	157.6819
21.799999	90.573	153.4050
22.000000	90.555	151.2851
22.400000	90.518	147.0781
22.700001	90.487	143.9485
23.000000	90.455	140.8395
23.299999	90.423	137.7507
23.600000	90.390	134.6816
24.000000	90.348	130.6172
24.299999	90.317	127.5872
24.700001	90.277	123.5695
25.000000	90.247	120.5750
25.400000	90.206	116.6139
25.799999	90.166	112.6949
26.200001	90.125	108.8169
26.500000	90.094	105.9295
26.900000	90.054	102.0985
27.200001	90.023	99.2359
27.600000	89.983	95.4355
28.000000	89.944	91.6611
28.500000	89.895	86.9878
29.000000	89.846	82.3590
29.500000	89.799	77.7608
30.000000	89.754	73.1875
30.400000	89.718	69.5506
30.700001	89.691	66.8384
31.100000	89.653	63.2443
31.500000	89.615	59.6747
32.000000	89.568	55.2436
32.500000	89.523	50.8428
33.000000	89.479	46.4670
33.500000	89.437	42.1113
34.000000	89.397	37.7731
34.500000	89.359	33.4553
35.000000	89.321	29.1660
35.500000	89.282	24.9132
36.000000	89.242	20.6957
36.500000	89.204	16.4973
37.000000	89.167	12.2951
37.500000	89.130	8.0802
38.200001	89.078	2.1914
38.700001	89.039	-1.9734
39.500000	88.976	-8.5683
40.000000	88.941	-12.6734
40.599998	88.906	-17.5868
41.200001	88.873	-22.4680
41.799999	88.838	-27.3155
42.500000	88.791	-32.9436
43.099998	88.753	-37.7407
43.700001	88.718	-42.5168
44.400002	88.675	-48.1049
45.000000	88.635	-52.9193
45.500000	88.606	-56.9119
46.200001	88.573	-62.4115
46.799999	88.548	-67.0619
47.500000	88.515	-72.4946
48.200001	88.480	-77.9558
48.700001	88.456	-81.8497
49.400002	88.423	-87.2719
50.000000	88.395	-91.8970
50.799999	88.357	-98.0370
51.500000	88.324	-103.3860
52.200001	88.292	-108.7204
53.000000	88.261	-114.7956
53.799999	88.228	-120.8516
54.500000	88.200	-126.1428
55.200001	88.175	-131.4104
56.000000	88.145	-137.4049
57.000000	88.104	-144.8741
58.000000	88.061	-152.2697
59.000000	88.044	-159.7981
60.000000	88.061	-167.3235
60.799999	88.028	-173.0986
61.500000	87.967	-178.1091
62.200001	87.922	176.8179
63.000000	87.897	171.0036
64.000000	87.865	163.7717
65.000000	87.835	156.5543
66.000000	87.803	149.3714
67.000000	87.768	142.2239
68.000000	87.739	135.0880
69.000000	87.708	127.9606
70.000000	87.677	120.8652
71.000000	87.648	113.7936
72.000000	87.621	106.7524
73.000000	87.592	99.7426
74.000000	87.558	92.7331
75.000000	87.524	85.7136
76.199997	87.490	77.3257
77.500000	87.454	68.3483
78.800003	87.419	59.3986
80.000000	87.388	51.1219
81.199997	87.354	42.9023
82.500000	87.311	34.0361
83.800003	87.271	25.1846
85.000000	87.237	17.0410
86.199997	87.202	8.9269
87.500000	87.160	0.1795
88.500000	87.128	-6.5289
90.000000	87.084	-16.5630
91.199997	87.049	-24.5836
92.500000	87.011	-33.2659
93.800003	86.968	-41.8749
95.000000	86.925	-49.7638
96.199997	86.885	-57.6218
97.500000	86.845	-66.1349
98.800003	86.807	-74.6426
100.000000	86.772	-82.4678
101.500000	86.729	-92.2010
103.000000	86.682	-101.8889
104.400002	86.638	-110.9034
106.000000	86.586	-121.1727
107.500000	86.537	-130.7637
109.000000	86.487	-140.2974
110.599998	86.435	-150.4382
112.000000	86.391	-159.2828
113.800003	86.333	-170.6016
115.000000	86.291	-178.1399
117.199997	86.209	168.0876
118.000000	86.180	163.1115
120.599998	86.089	147.0097
122.000000	86.045	138.3777
124.099998	85.974	125.4728
125.000000	85.940	119.9459
126.500000	85.886	110.7350
128.000000	85.834	101.5588
131.500000	85.708	80.3589
132.000000	85.690	77.3488
134.000000	85.617	65.3273
136.000000	85.540	53.2811
138.000000	85.466	41.3055
140.000000	85.388	29.4168
143.000000	85.278	11.7314
145.000000	85.209	0.0441
147.500000	85.115	-14.5941
150.000000	85.025	-29.1297
152.500000	84.938	-43.5261
155.000000	84.846	-57.8986
157.500000	84.751	-72.2035
160.000000	84.660	-86.4454
162.500000	84.570	-100.5453
165.000000	84.479	-114.5679
167.500000	84.389	-128.5701
170.000000	84.299	-142.4823
172.500000	84.214	-156.3308
175.000000	84.131	-170.1564
177.500000	84.045	176.1029
180.000000	83.957	162.4458
182.500000	83.869	148.8604
185.000000	83.784	135.3733
187.500000	83.703	121.9551
190.000000	83.626	108.5957
192.500000	83.550	95.2971
195.000000	83.470	82.0492
197.500000	83.392	68.8560
200.000000	83.320	55.7456
203.000000	83.232	40.0743
206.000000	83.149	24.4976
209.000000	83.064	9.1031
212.000000	82.974	-6.2195
214.000000	82.927	-16.4377
218.000000	82.851	-36.8545
220.000000	82.810	-47.0164
224.000000	82.728	-67.2728
227.000000	82.670	-82.3708
230.000000	82.621	-97.2896
233.000000	82.559	-112.1604
236.000000	82.502	-127.0709
240.000000	82.431	-146.8124
243.000000	82.373	-161.5580
247.000000	82.305	178.8469
250.000000	82.261	164.2516
254.000000	82.204	144.9099
258.000000	82.144	125.6899
262.000000	82.088	106.6327
265.000000	82.060	92.3961
269.000000	82.038	73.5840
272.000000	82.036	59.5383
276.000000	82.063	40.7581
280.000000	82.105	21.8491
285.000000	82.130	-1.7574
290.000000	82.143	-25.2318
295.000000	82.167	-48.5261
300.000000	82.183	-71.8345
304.000000	82.192	-90.4429
307.000000	82.202	-104.3438
311.000000	82.213	-122.8025
315.000000	82.221	-141.1819
320.000000	82.228	-164.1112
325.000000	82.238	173.0422
330.000000	82.246	150.3190
335.000000	82.251	127.6709
340.000000	82.264	105.0974
345.000000	82.280	82.6577
350.000000	82.286	60.3632
355.000000	82.280	38.1515
360.000000	82.282	15.9987
365.000000	82.292	-6.0963
370.000000	82.304	-28.1035
375.000000	82.309	-49.9797
382.000000	82.312	-80.4836
387.000000	82.317	-102.1707
395.000000	82.316	-136.6545
400.000000	82.309	-158.1174
406.000000	82.305	176.2483
412.000000	82.304	150.7097
418.000000	82.303	125.4119
425.000000	82.281	96.0444
431.000000	82.262	70.9578
437.000000	82.251	45.9817
444.000000	82.231	17.0479
450.000000	82.203	-7.6187
455.000000	82.183	-28.1050
462.000000	82.169	-56.5798
468.000000	82.159	-80.8159
475.000000	82.145	-109.0017
482.000000	82.130	-137.0132
487.000000	82.121	-156.9287
494.000000	82.112	175.2922
500.000000	82.107	151.6230
508.000000	82.097	120.2485
515.000000	82.083	92.9136
522.000000	82.079	65.7336
530.000000	82.081	34.8472
538.000000	82.084	4.1250
545.000000	82.079	-22.6870
552.000000	82.076	-49.3665
560.000000	82.082	-79.6611
570.000000	82.082	-117.2988
580.000000	82.073	-154.7075
590.000000	82.069	168.0771
600.000000	82.064	131.1465
608.000000	82.052	101.7795
615.000000	82.041	76.1785
622.000000	82.033	50.7102
630.000000	82.023	21.7839
640.000000	82.003	-14.1499
650.000000	81.978	-49.9185
660.000000	81.955	-85.4788
670.000000	81.933	-120.7197
680.000000	81.904	-155.6780
690.000000	81.869	169.5435
700.000000	81.837	134.9343
710.000000	81.816	100.5813
720.000000	81.795	66.5515
730.000000	81.766	32.6833
740.000000	81.736	-1.0076
750.000000	81.709	-34.4609
762.000000	81.680	-74.2935
775.000000	81.646	-117.1094
788.000000	81.617	-159.6362
800.000000	81.598	161.4795
812.000000	81.572	122.8479
825.000000	81.543	81.2593
838.000000	81.521	40.1045
850.000000	81.508	2.4495
862.000000	81.500	-34.9561
875.000000	81.489	-75.2578
885.000000	81.487	-106.0750
900.000000	81.498	-151.8655
912.000000	81.514	171.7627
925.000000	81.533	132.6021
938.000000	81.558	93.6780
950.000000	81.593	58.0046
962.000000	81.636	22.6328
975.000000	81.684	-15.4771
988.000000	81.734	-53.4453
1000.000000	81.786	-88.2861
1015.000000	81.865	-131.4561
1030.000000	81.954	-174.2803
1044.000000	82.036	145.9375
1060.000000	82.135	100.7173
1075.000000	82.242	58.6719
1090.000000	82.358	16.9614
1106.000000	82.483	-27.3027
1120.000000	82.590	-65.8599
1138.000000	82.734	-115.1235
1150.000000	82.840	-147.7070
1172.000000	83.036	152.8521
1180.000000	83.103	131.2139
1206.000000	83.314	60.9590
1220.000000	83.436	23.4629
1241.000000	83.618	-32.3599
1250.000000	83.692	-56.1929
1265.000000	83.813	-95.7734
1280.000000	83.936	-135.0874
1315.000000	84.226	134.2324
1320.000000	84.264	121.3584
1340.000000	84.412	70.0112
1360.000000	84.562	19.0674
1380.000000	84.711	-31.3271
1400.000000	84.848	-81.3477
1430.000000	85.034	-155.9429
1450.000000	85.158	154.8730
1475.000000	85.310	94.0957
1500.000000	85.446	33.7881
1525.000000	85.567	-26.0981
1550.000000	85.686	-85.2314
1575.000000	85.799	-143.6699
1600.000000	85.897	158.2808
1625.000000	85.988	100.7002
1650.000000	86.079	43.8857
1675.000000	86.164	-12.2437
1700.000000	86.238	-68.0020
1725.000000	86.306	-123.3179
1750.000000	86.378	-177.9185
1775.000000	86.454	128.1807
1800.000000	86.522	74.6592
1825.000000	86.583	21.5532
1850.000000	86.656	-30.6230
1875.000000	86.740	-81.6748
1900.000000	86.822	-132.1763
1925.000000	86.904	177.6016
1950.000000	86.993	127.7822
1975.000000	87.093	78.5654
2000.000000	87.196	29.8945
2030.000000	87.312	-28.1245
2060.000000	87.430	-85.6450
2090.000000	87.565	-142.3198
2120.000000	87.710	161.7368
2140.000000	87.805	124.6445
2180.000000	87.979	50.8516
2200.000000	88.061	14.3682
2240.000000	88.216	-57.4941
2270.000000	88.322	-110.7275
2300.000000	88.418	-163.6362
2330.000000	88.513	143.9609
2360.000000	88.612	92.3369
2400.000000	88.744	24.5518
2430.000000	88.837	-25.8711
2470.000000	88.951	-92.5483
2500.000000	89.035	-141.8018
2540.000000	89.148	153.6392
2580.000000	89.248	89.7891
2620.000000	89.334	26.4619
2650.000000	89.395	-20.3799
2690.000000	89.473	-81.7549
2720.000000	89.519	-127.2153
2760.000000	89.557	172.5869
2800.000000	89.573	113.0781
2850.000000	89.581	40.3428
2900.000000	89.570	-30.8765
2950.000000	89.529	-101.2832
3000.000000	89.475	-170.3516
3040.000000	89.428	135.6670
3070.000000	89.385	95.6504
3110.000000	89.315	42.6934
3150.000000	89.241	-9.4824
3200.000000	89.150	-73.1484
3250.000000	89.053	-135.4863
3300.000000	88.938	162.8818
3350.000000	88.804	102.2656
3400.000000	88.652	43.2568
3450.000000	88.469	-14.3896
3500.000000	88.247	-71.1914
3550.000000	88.004	-126.9277
3600.000000	87.772	178.9805
3650.000000	87.567	126.3643
3700.000000	87.387	74.2842
3750.000000	87.231	22.4961
3820.000000	87.058	-48.1230
3870.000000	86.958	-96.9785
3950.000000	86.804	-173.6074
4000.000000	86.710	139.3057
4060.000000	86.607	84.3398
4120.000000	86.516	31.1318
4180.000000	86.424	-21.0176
4250.000000	86.312	-80.8105
4310.000000	86.221	-130.4912
4370.000000	86.137	-178.4551
4440.000000	86.037	126.9990
4500.000000	85.949	81.0977
4550.000000	85.880	43.7842
4620.000000	85.802	-6.5078
4680.000000	85.750	-48.1143
4750.000000	85.700	-95.6279
4820.000000	85.666	-141.9268
4870.000000	85.659	-173.8564
4940.000000	85.676	143.0205
5000.000000	85.710	106.9580
5080.000000	85.784	60.0049
5150.000000	85.886	20.6064
5220.000000	86.019	-17.1377
5300.000000	86.192	-59.0840
5380.000000	86.369	-100.1484
5450.000000	86.523	-134.8271
5520.000000	86.664	-168.0098
5600.000000	86.783	155.4414
5700.000000	86.828	111.1680
5800.000000	86.755	70.0039
5900.000000	86.621	33.1465
6000.000000	86.456	-1.0703
6080.000000	86.279	-27.0752
6150.000000	86.091	-48.3252
6220.000000	85.887	-67.8203
6300.000000	85.648	-88.1523
6400.000000	85.349	-111.4551
6500.000000	85.069	-132.4912
6600.000000	84.838	-150.4844
6700.000000	84.666	-165.5127
6800.000000	84.550	-178.5098
6900.000000	84.492	170.3291
7000.000000	84.508	161.6562
7100.000000	84.605	155.5332
7200.000000	84.774	151.1279
7300.000000	85.006	147.9863
7400.000000	85.309	146.5547
7500.000000	85.691	147.0840
7620.000000	86.228	149.1963
7750.000000	86.855	152.3906
7880.000000	87.439	157.0791
8000.000000	87.798	162.5244
8120.000000	87.828	168.5156
8250.000000	87.399	176.8896
8380.000000	86.548	-170.1260
8500.000000	85.524	-152.9863
8620.000000	84.398	-131.7314
8750.000000	83.158	-104.8203
8850.000000	82.230	-80.9766
9000.000000	80.919	-39.7158
9120.000000	79.946	-3.0859
9250.000000	78.965	38.9688
9380.000000	78.064	83.9727
9500.000000	77.306	129.0723
9620.000000	76.613	177.2500
9750.000000	75.920	-128.4941
9880.000000	75.282	-72.5498
10000.000000	74.743	-18.3730
10150.000000	74.138	54.0566
10300.000000	73.593	130.2666
10440.000000	73.129	-157.1855
10600.000000	72.654	-71.5488
10750.000000	72.271	13.9141
10900.000000	71.945	103.8672
11060.000000	71.650	-158.6484
11200.000000	71.439	-72.1152
11380.000000	71.247	44.6113
11500.000000	71.171	126.8203
11720.000000	71.122	-79.0605
11800.000000	71.130	-23.4434
12060.000000	71.271	166.3457
12200.000000	71.421	-84.9053
12410.000000	71.745	79.0811
12500.000000	71.924	149.1699
12650.000000	72.280	-92.3252
12800.000000	72.713	32.3760
13150.000000	74.037	-23.9482
13200.000000	74.268	18.9434
13400.000000	75.336	-167.5591
13600.000000	76.689	14.7871
13800.000000	78.377	-154.0308
14000.000000	80.347	36.3477
14300.000000	83.062	-47.6196
14500.000000	83.775	98.0425
14750.000000	82.692	-89.1064
15000.000000	80.049	164.3374
15250.000000	77.089	65.0366
15500.000000	74.509	-10.7822
15750.000000	72.401	-81.2090
16000.000000	70.656	-161.3760
16250.000000	69.189	112.4961
16500.000000	67.947	66.7578
16750.000000	66.868	31.0840
17000.000000	65.929	-40.1553
17250.000000	65.131	-98.3259
17500.000000	64.434	-110.2585
17750.000000	63.698	-160.7161
18000.000000	62.634	150.0828
18250.000000	60.854	102.3762
18500.000000	58.054	107.3962
18750.000000	54.115	158.3669
19000.000000	49.512	-156.9033
19250.000000	47.881	-145.8191
19500.000000	49.980	-146.5225
19750.000000	51.900	-106.8765
20000.000000	52.797	-64.2271
