* Measurement data measured by REW V5.31.3
* Source: Microphone (JadeAudio JA11), MICROPHONE (Master Volume), L, volume: 0.250
* Format: 512k Log Swept Sine, 1 sweep at -8.1 dBFS with no timing reference
* Dated: Jun 25, 2025 5:10:31 PM
* REW Settings:
*  C-weighting compensation: Off
*  Target level: 75.0 dB
* Note: 
* Measurement: L Quarks 2 (DSP)
* Smoothing: 1/24 octave
* Frequency Step: 1/48 octave
* Start Frequency: 20.300 Hz
*
* Freq(Hz)	SPL(dB)	Phase(degrees)
20.299999	88.228	-18.4282
20.600000	88.167	-18.7751
20.900000	88.097	-19.1411
21.200001	88.027	-19.4950
21.400000	87.982	-19.7228
21.799999	87.895	-20.1600
22.000000	87.852	-20.3700
22.400000	87.767	-20.7749
22.700001	87.703	-21.0664
23.000000	87.639	-21.3481
23.299999	87.577	-21.6199
23.600000	87.515	-21.8819
24.000000	87.435	-22.2159
24.299999	87.376	-22.4552
24.700001	87.297	-22.7602
25.000000	87.239	-22.9794
25.400000	87.162	-23.2606
25.799999	87.087	-23.5307
26.200001	87.013	-23.7908
26.500000	86.959	-23.9792
26.900000	86.888	-24.2209
27.200001	86.835	-24.3946
27.600000	86.765	-24.6165
28.000000	86.697	-24.8281
28.500000	86.612	-25.0800
29.000000	86.531	-25.3181
29.500000	86.451	-25.5414
30.000000	86.373	-25.7519
30.400000	86.311	-25.9139
30.700001	86.266	-26.0330
31.100000	86.205	-26.1884
31.500000	86.146	-26.3385
32.000000	86.074	-26.5157
32.500000	86.003	-26.6807
33.000000	85.933	-26.8356
33.500000	85.864	-26.9823
34.000000	85.797	-27.1217
34.500000	85.733	-27.2559
35.000000	85.669	-27.3884
35.500000	85.605	-27.5188
36.000000	85.542	-27.6418
36.500000	85.480	-27.7522
37.000000	85.419	-27.8519
37.500000	85.361	-27.9486
38.200001	85.282	-28.0888
38.700001	85.226	-28.1898
39.500000	85.136	-28.3421
40.000000	85.081	-28.4307
40.599998	85.016	-28.5312
41.200001	84.954	-28.6237
41.799999	84.892	-28.7077
42.500000	84.821	-28.7991
43.099998	84.760	-28.8752
43.700001	84.699	-28.9506
44.400002	84.632	-29.0382
45.000000	84.575	-29.1121
45.500000	84.528	-29.1713
46.200001	84.464	-29.2494
46.799999	84.411	-29.3122
47.500000	84.351	-29.3814
48.200001	84.290	-29.4479
48.700001	84.247	-29.4945
49.400002	84.187	-29.5577
50.000000	84.137	-29.6086
50.799999	84.071	-29.6714
51.500000	84.015	-29.7247
52.200001	83.959	-29.7781
53.000000	83.895	-29.8368
53.799999	83.834	-29.8896
54.500000	83.781	-29.9322
55.200001	83.729	-29.9749
56.000000	83.670	-30.0248
57.000000	83.596	-30.0858
58.000000	83.524	-30.1389
59.000000	83.453	-30.1868
60.000000	83.384	-30.2400
60.799999	83.329	-30.2808
61.500000	83.281	-30.3081
62.200001	83.234	-30.3307
63.000000	83.181	-30.3599
64.000000	83.116	-30.4028
65.000000	83.051	-30.4424
66.000000	82.986	-30.4772
67.000000	82.922	-30.5082
68.000000	82.860	-30.5366
69.000000	82.799	-30.5599
70.000000	82.738	-30.5774
71.000000	82.677	-30.6005
72.000000	82.617	-30.6281
73.000000	82.557	-30.6523
74.000000	82.499	-30.6741
75.000000	82.442	-30.6936
76.199997	82.373	-30.7131
77.500000	82.299	-30.7252
78.800003	82.225	-30.7375
80.000000	82.158	-30.7483
81.199997	82.092	-30.7540
82.500000	82.022	-30.7562
83.800003	81.952	-30.7581
85.000000	81.888	-30.7563
86.199997	81.824	-30.7486
87.500000	81.756	-30.7362
88.500000	81.704	-30.7299
90.000000	81.626	-30.7263
91.199997	81.564	-30.7146
92.500000	81.497	-30.6972
93.800003	81.431	-30.6740
95.000000	81.370	-30.6470
96.199997	81.310	-30.6164
97.500000	81.246	-30.5850
98.800003	81.181	-30.5528
100.000000	81.122	-30.5179
101.500000	81.048	-30.4727
103.000000	80.975	-30.4252
104.400002	80.907	-30.3722
106.000000	80.830	-30.3050
107.500000	80.759	-30.2395
109.000000	80.686	-30.1696
110.599998	80.610	-30.0874
112.000000	80.545	-30.0092
113.800003	80.461	-29.9061
115.000000	80.406	-29.8336
117.199997	80.306	-29.6891
118.000000	80.269	-29.6328
120.599998	80.151	-29.4385
122.000000	80.089	-29.3305
124.099998	79.996	-29.1639
125.000000	79.956	-29.0874
126.500000	79.891	-28.9535
128.000000	79.826	-28.8116
131.500000	79.678	-28.4586
132.000000	79.657	-28.4058
134.000000	79.573	-28.1832
136.000000	79.490	-27.9482
138.000000	79.406	-27.7108
140.000000	79.325	-27.4644
143.000000	79.208	-27.0728
145.000000	79.133	-26.8027
147.500000	79.039	-26.4418
150.000000	78.946	-26.0789
152.500000	78.857	-25.6978
155.000000	78.772	-25.3025
157.500000	78.689	-24.8962
160.000000	78.607	-24.4674
162.500000	78.529	-24.0296
165.000000	78.452	-23.5826
167.500000	78.379	-23.1149
170.000000	78.311	-22.6389
172.500000	78.247	-22.1634
175.000000	78.183	-21.6904
177.500000	78.123	-21.2098
180.000000	78.067	-20.7091
182.500000	78.015	-20.1913
185.000000	77.970	-19.6806
187.500000	77.928	-19.1716
190.000000	77.887	-18.6702
192.500000	77.844	-18.1781
195.000000	77.805	-17.6944
197.500000	77.772	-17.1934
200.000000	77.743	-16.7103
203.000000	77.712	-16.1478
206.000000	77.682	-15.6177
209.000000	77.652	-15.0801
212.000000	77.629	-14.5228
214.000000	77.618	-14.1368
218.000000	77.592	-13.3611
220.000000	77.579	-12.9844
224.000000	77.558	-12.2408
227.000000	77.553	-11.6415
230.000000	77.564	-11.0483
233.000000	77.594	-10.5143
236.000000	77.634	-10.0743
240.000000	77.670	-9.6392
243.000000	77.681	-9.4476
247.000000	77.684	-9.1179
250.000000	77.683	-8.8446
254.000000	77.678	-8.4991
258.000000	77.669	-8.0405
262.000000	77.667	-7.5353
265.000000	77.670	-7.1576
269.000000	77.681	-6.6702
272.000000	77.692	-6.3433
276.000000	77.701	-5.9643
280.000000	77.709	-5.6141
285.000000	77.726	-5.1567
290.000000	77.741	-4.7084
295.000000	77.748	-4.2893
300.000000	77.755	-3.9055
304.000000	77.761	-3.5910
307.000000	77.765	-3.3341
311.000000	77.769	-3.0101
315.000000	77.774	-2.7218
320.000000	77.783	-2.3553
325.000000	77.789	-2.0063
330.000000	77.791	-1.6685
335.000000	77.792	-1.3140
340.000000	77.792	-0.9600
345.000000	77.791	-0.6138
350.000000	77.791	-0.2678
355.000000	77.790	0.0838
360.000000	77.790	0.4413
365.000000	77.791	0.8042
370.000000	77.795	1.1682
375.000000	77.800	1.5291
382.000000	77.811	2.0150
387.000000	77.820	2.3462
395.000000	77.837	2.8393
400.000000	77.842	3.1197
406.000000	77.844	3.4323
412.000000	77.846	3.7302
418.000000	77.847	4.0408
425.000000	77.844	4.4281
431.000000	77.839	4.7610
437.000000	77.834	5.0914
444.000000	77.830	5.4975
450.000000	77.828	5.8496
455.000000	77.825	6.1433
462.000000	77.820	6.5613
468.000000	77.815	6.9240
475.000000	77.811	7.3428
482.000000	77.807	7.7502
487.000000	77.803	8.0415
494.000000	77.797	8.4623
500.000000	77.792	8.8332
508.000000	77.786	9.3182
515.000000	77.781	9.7440
522.000000	77.774	10.1735
530.000000	77.768	10.6654
538.000000	77.763	11.1609
545.000000	77.757	11.5958
552.000000	77.752	12.0339
560.000000	77.746	12.5397
570.000000	77.740	13.1761
580.000000	77.734	13.8165
590.000000	77.728	14.4658
600.000000	77.722	15.1163
608.000000	77.718	15.6364
615.000000	77.715	16.0950
622.000000	77.711	16.5570
630.000000	77.707	17.0902
640.000000	77.704	17.7648
650.000000	77.701	18.4401
660.000000	77.698	19.1204
670.000000	77.696	19.8071
680.000000	77.694	20.4954
690.000000	77.693	21.1892
700.000000	77.695	21.8873
710.000000	77.696	22.5882
720.000000	77.699	23.2971
730.000000	77.702	24.0148
740.000000	77.707	24.7325
750.000000	77.713	25.4531
762.000000	77.721	26.3233
775.000000	77.730	27.2674
788.000000	77.742	28.2162
800.000000	77.755	29.0939
812.000000	77.769	29.9711
825.000000	77.787	30.9231
838.000000	77.807	31.8722
850.000000	77.828	32.7440
862.000000	77.849	33.6069
875.000000	77.873	34.5280
885.000000	77.889	35.2301
900.000000	77.911	36.2867
912.000000	77.928	37.1634
925.000000	77.949	38.1458
938.000000	77.975	39.1370
950.000000	78.002	40.0459
962.000000	78.030	40.9434
975.000000	78.060	41.9071
988.000000	78.091	42.8665
1000.000000	78.120	43.7543
1015.000000	78.156	44.8717
1030.000000	78.193	46.0038
1044.000000	78.227	47.0835
1060.000000	78.267	48.3470
1075.000000	78.309	49.5660
1090.000000	78.355	50.8176
1106.000000	78.411	52.1825
1120.000000	78.468	53.3936
1138.000000	78.557	54.9114
1150.000000	78.623	55.8238
1172.000000	78.752	57.2276
1180.000000	78.805	57.6735
1206.000000	78.998	59.0094
1220.000000	79.111	59.6575
1241.000000	79.291	60.5063
1250.000000	79.370	60.8250
1265.000000	79.503	61.2969
1280.000000	79.636	61.6969
1315.000000	79.940	62.3807
1320.000000	79.982	62.4537
1340.000000	80.146	62.6945
1360.000000	80.301	62.8679
1380.000000	80.448	62.9861
1400.000000	80.587	63.0536
1430.000000	80.780	63.0866
1450.000000	80.898	63.0808
1475.000000	81.037	63.0523
1500.000000	81.166	63.0095
1525.000000	81.288	62.9615
1550.000000	81.403	62.9110
1575.000000	81.512	62.8681
1600.000000	81.617	62.8301
1625.000000	81.718	62.7918
1650.000000	81.816	62.7565
1675.000000	81.912	62.7208
1700.000000	82.005	62.6817
1725.000000	82.098	62.6402
1750.000000	82.189	62.5960
1775.000000	82.280	62.5485
1800.000000	82.370	62.5002
1825.000000	82.459	62.4483
1850.000000	82.548	62.3874
1875.000000	82.637	62.3147
1900.000000	82.725	62.2333
1925.000000	82.812	62.1425
1950.000000	82.899	62.0405
1975.000000	82.986	61.9263
2000.000000	83.073	61.8032
2030.000000	83.177	61.6522
2060.000000	83.279	61.4958
2090.000000	83.382	61.3287
2120.000000	83.487	61.1446
2140.000000	83.557	61.0108
2180.000000	83.698	60.7135
2200.000000	83.769	60.5508
2240.000000	83.911	60.1971
2270.000000	84.018	59.9049
2300.000000	84.126	59.5848
2330.000000	84.234	59.2369
2360.000000	84.343	58.8585
2400.000000	84.487	58.3065
2430.000000	84.593	57.8554
2470.000000	84.732	57.2001
2500.000000	84.834	56.6726
2540.000000	84.968	55.9338
2580.000000	85.103	55.1501
2620.000000	85.235	54.3021
2650.000000	85.331	53.6215
2690.000000	85.455	52.6645
2720.000000	85.544	51.9173
2760.000000	85.658	50.8835
2800.000000	85.767	49.8023
2850.000000	85.894	48.3813
2900.000000	86.010	46.8880
2950.000000	86.113	45.3331
3000.000000	86.201	43.7293
3040.000000	86.261	42.4285
3070.000000	86.301	41.4502
3110.000000	86.346	40.1477
3150.000000	86.385	38.8518
3200.000000	86.426	37.2402
3250.000000	86.462	35.6149
3300.000000	86.492	33.9429
3350.000000	86.513	32.2038
3400.000000	86.516	30.4230
3450.000000	86.500	28.6439
3500.000000	86.465	26.9032
3550.000000	86.418	25.2249
3600.000000	86.361	23.6200
3650.000000	86.298	22.0837
3700.000000	86.233	20.6057
3750.000000	86.166	19.1778
3820.000000	86.071	17.2396
3870.000000	86.003	15.8864
3950.000000	85.891	13.7696
4000.000000	85.821	12.4832
4060.000000	85.737	10.9716
4120.000000	85.658	9.4938
4180.000000	85.585	8.0302
4250.000000	85.510	6.2773
4310.000000	85.448	4.7016
4370.000000	85.382	3.0579
4440.000000	85.294	1.0715
4500.000000	85.209	-0.6787
4550.000000	85.130	-2.1641
4620.000000	85.005	-4.2680
4680.000000	84.885	-6.0735
4750.000000	84.730	-8.1575
4820.000000	84.558	-10.2048
4870.000000	84.427	-11.6339
4940.000000	84.232	-13.5713
5000.000000	84.057	-15.1686
5080.000000	83.817	-17.2121
5150.000000	83.605	-18.9307
5220.000000	83.389	-20.5893
5300.000000	83.131	-22.2710
5380.000000	82.863	-23.1512
5450.000000	82.621	-23.0732
5520.000000	82.361	-22.5888
5600.000000	82.045	-21.7800
5700.000000	81.639	-20.4177
5800.000000	81.237	-18.6689
5900.000000	80.853	-16.5945
6000.000000	80.489	-14.2480
6080.000000	80.213	-12.1908
6150.000000	79.982	-10.2710
6220.000000	79.762	-8.2457
6300.000000	79.526	-5.8041
6400.000000	79.255	-2.5534
6500.000000	79.014	0.9419
6600.000000	78.810	4.6919
6700.000000	78.654	8.6873
6800.000000	78.558	12.8977
6900.000000	78.538	17.2495
7000.000000	78.604	21.6139
7100.000000	78.762	25.8370
7200.000000	79.008	29.7599
7300.000000	79.334	33.2195
7400.000000	79.722	36.0636
7500.000000	80.146	38.1831
7620.000000	80.663	39.6856
7750.000000	81.175	40.0498
7880.000000	81.576	39.2709
8000.000000	81.810	37.8106
8120.000000	81.894	35.9600
8250.000000	81.817	33.8708
8380.000000	81.586	31.9861
8500.000000	81.263	30.5915
8620.000000	80.861	29.5910
8750.000000	80.360	28.9303
8850.000000	79.937	28.6705
9000.000000	79.241	28.6150
9120.000000	78.622	28.8744
9250.000000	77.880	29.5575
9380.000000	77.065	30.8197
9500.000000	76.262	32.6490
9620.000000	75.435	35.1876
9750.000000	74.539	38.7301
9880.000000	73.671	43.0137
10000.000000	72.912	47.5279
10150.000000	72.030	53.7872
10300.000000	71.227	60.5612
10440.000000	70.550	67.2267
10600.000000	69.858	75.1308
10750.000000	69.279	82.7321
10900.000000	68.758	90.4388
11060.000000	68.259	98.7353
11200.000000	67.865	106.0638
11380.000000	67.413	115.5731
11500.000000	67.143	121.9658
11720.000000	66.713	133.8278
11800.000000	66.576	138.1891
12060.000000	66.205	152.5828
12200.000000	66.052	160.4987
12410.000000	65.895	172.6075
12500.000000	65.858	177.8835
12650.000000	65.841	-173.2161
12800.000000	65.888	-164.1790
13150.000000	66.324	-142.9091
13200.000000	66.429	-139.9196
13400.000000	66.953	-128.3430
13600.000000	67.603	-117.7087
13800.000000	68.316	-108.1718
14000.000000	69.040	-99.5353
14300.000000	70.132	-87.4759
14500.000000	70.919	-79.7411
14750.000000	72.053	-70.7437
15000.000000	73.401	-63.2906
15250.000000	74.932	-58.7348
15500.000000	76.439	-58.6241
15750.000000	77.494	-63.4960
16000.000000	77.644	-71.3140
16250.000000	76.778	-78.0314
16500.000000	75.209	-80.4657
16750.000000	73.392	-77.9674
17000.000000	71.634	-71.5759
17250.000000	70.056	-62.6035
17500.000000	68.677	-51.9958
17750.000000	67.482	-40.2911
18000.000000	66.447	-27.8357
18250.000000	65.554	-14.8403
18500.000000	64.785	-1.4461
18750.000000	64.128	12.2020
19000.000000	63.572	25.9918
19250.000000	63.110	39.8859
19500.000000	62.739	53.7476
19750.000000	62.468	67.0283
20000.000000	62.331	76.9594
