* Measurement data measured by REW V5.31.3
* Source: Microphone (JadeAudio JA11), MICROPHONE (Master Volume), R, volume: 0.250
* Format: 512k Log Swept Sine, 1 sweep at 0.0 dBFS with no timing reference
* Dated: Apr 23, 2025 6:09:03 PM
* REW Settings:
*  C-weighting compensation: Off
*  Target level: 75.0 dB
* Note: 
* Measurement: L Moca (Standard, Nuarl 7)
* Smoothing: 1/24 octave
* Frequency Step: 1/48 octave
* Start Frequency: 20.300 Hz
*
* Freq(Hz)	SPL(dB)	Phase(degrees)
20.299999	91.083	-135.2785
20.600000	91.059	-137.6867
20.900000	91.031	-140.2964
21.200001	91.002	-142.8984
21.400000	90.984	-144.6158
21.799999	90.948	-148.0042
22.000000	90.930	-149.6762
22.400000	90.890	-152.9839
22.700001	90.858	-155.4404
23.000000	90.825	-157.8820
23.299999	90.792	-160.3111
23.600000	90.759	-162.7274
24.000000	90.717	-165.9262
24.299999	90.685	-168.3053
24.700001	90.642	-171.4473
25.000000	90.610	-173.7797
25.400000	90.567	-176.8569
25.799999	90.525	-179.8994
26.200001	90.484	177.0870
26.500000	90.453	174.8417
26.900000	90.411	171.8647
27.200001	90.378	169.6447
27.600000	90.334	166.7050
28.000000	90.292	163.7922
28.500000	90.240	160.1904
29.000000	90.190	156.6254
29.500000	90.139	153.0890
30.000000	90.089	149.5797
30.400000	90.049	146.7936
30.700001	90.020	144.7175
31.100000	89.980	141.9669
31.500000	89.940	139.2356
32.000000	89.889	135.8473
32.500000	89.840	132.4880
33.000000	89.794	129.1570
33.500000	89.751	125.8496
34.000000	89.707	122.5607
34.500000	89.662	119.2885
35.000000	89.617	116.0354
35.500000	89.572	112.8039
36.000000	89.529	109.5939
36.500000	89.487	106.4084
37.000000	89.445	103.2549
37.500000	89.404	100.1367
38.200001	89.350	95.8069
38.700001	89.313	92.7143
39.500000	89.256	87.7668
40.000000	89.219	84.6981
40.599998	89.173	81.0474
41.200001	89.129	77.4181
41.799999	89.087	73.8014
42.500000	89.043	69.5969
43.099998	89.006	66.0134
43.700001	88.969	62.4712
44.400002	88.923	58.4014
45.000000	88.882	54.9218
45.500000	88.848	51.9960
46.200001	88.806	47.8777
46.799999	88.775	44.3769
47.500000	88.739	40.3432
48.200001	88.702	36.3333
48.700001	88.676	33.4777
49.400002	88.640	29.4975
50.000000	88.610	26.0978
50.799999	88.569	21.5685
51.500000	88.534	17.6109
52.200001	88.502	13.6731
53.000000	88.465	9.2199
53.799999	88.428	4.7899
54.500000	88.394	0.8930
55.200001	88.361	-2.9866
56.000000	88.326	-7.3772
57.000000	88.281	-12.8947
58.000000	88.245	-18.3370
59.000000	88.201	-24.0362
60.000000	88.142	-29.9790
60.799999	88.110	-34.1263
61.500000	88.096	-37.4618
62.200001	88.083	-40.9952
63.000000	88.062	-45.2727
64.000000	88.025	-50.5939
65.000000	87.990	-55.9349
66.000000	87.955	-61.2466
67.000000	87.920	-66.4966
68.000000	87.887	-71.7455
69.000000	87.856	-76.9984
70.000000	87.825	-82.2415
71.000000	87.794	-87.4436
72.000000	87.761	-92.6121
73.000000	87.726	-97.7721
74.000000	87.691	-102.9320
75.000000	87.660	-108.0903
76.199997	87.624	-114.2632
77.500000	87.583	-120.8961
78.800003	87.545	-127.5347
80.000000	87.511	-133.6322
81.199997	87.475	-139.7012
82.500000	87.434	-146.2582
83.800003	87.393	-152.7769
85.000000	87.356	-158.7871
86.199997	87.320	-164.7814
87.500000	87.278	-171.2437
88.500000	87.247	-176.1970
90.000000	87.200	176.3981
91.199997	87.162	170.5062
92.500000	87.123	164.1408
93.800003	87.085	157.7745
95.000000	87.049	151.9148
96.199997	87.010	146.0604
97.500000	86.968	139.7572
98.800003	86.928	133.4893
100.000000	86.888	127.7263
101.500000	86.836	120.5427
103.000000	86.789	113.3826
104.400002	86.743	106.7138
106.000000	86.688	99.1228
107.500000	86.637	92.0503
109.000000	86.586	85.0157
110.599998	86.531	77.5322
112.000000	86.482	71.0019
113.800003	86.418	62.6614
115.000000	86.375	57.1400
117.199997	86.297	47.0552
118.000000	86.269	43.3915
120.599998	86.178	31.5488
122.000000	86.129	25.2163
124.099998	86.054	15.7463
125.000000	86.023	11.6940
126.500000	85.969	4.9573
128.000000	85.914	-1.7396
131.500000	85.788	-17.2672
132.000000	85.769	-19.4824
134.000000	85.688	-28.3086
136.000000	85.608	-37.0846
138.000000	85.531	-45.8035
140.000000	85.455	-54.3887
143.000000	85.350	-67.3542
145.000000	85.274	-75.9556
147.500000	85.175	-86.6097
150.000000	85.083	-97.1727
152.500000	84.994	-107.6815
155.000000	84.899	-118.1475
157.500000	84.799	-128.5607
160.000000	84.703	-138.8906
162.500000	84.608	-149.1589
165.000000	84.514	-159.4016
167.500000	84.423	-169.5647
170.000000	84.334	-179.6343
172.500000	84.243	170.3158
175.000000	84.150	160.3203
177.500000	84.064	150.3806
180.000000	83.980	140.4865
182.500000	83.889	130.6589
185.000000	83.792	120.9004
187.500000	83.704	111.1932
190.000000	83.625	101.5161
192.500000	83.548	91.8784
195.000000	83.473	82.2780
197.500000	83.397	72.7219
200.000000	83.320	63.2223
203.000000	83.229	51.8694
206.000000	83.141	40.5648
209.000000	83.058	29.3091
212.000000	82.978	18.1907
214.000000	82.921	10.8707
218.000000	82.803	-3.7429
220.000000	82.738	-11.0658
224.000000	82.609	-25.5161
227.000000	82.527	-36.1732
230.000000	82.469	-46.7373
233.000000	82.442	-57.2926
236.000000	82.430	-67.9506
240.000000	82.398	-82.3414
243.000000	82.363	-93.1193
247.000000	82.310	-107.3975
250.000000	82.272	-118.0504
254.000000	82.217	-132.1703
258.000000	82.149	-146.1759
262.000000	82.084	-159.9619
265.000000	82.045	-170.1367
269.000000	82.022	176.3478
272.000000	82.028	166.1655
276.000000	82.039	152.5383
280.000000	82.046	138.8671
285.000000	82.062	121.8538
290.000000	82.084	104.8176
295.000000	82.103	87.7867
300.000000	82.106	70.8044
304.000000	82.102	57.2517
307.000000	82.098	47.1309
311.000000	82.095	33.7007
315.000000	82.097	20.3248
320.000000	82.103	3.6669
325.000000	82.109	-12.9066
330.000000	82.114	-29.4153
335.000000	82.115	-45.8894
340.000000	82.116	-62.2947
345.000000	82.123	-78.6206
350.000000	82.135	-94.8601
355.000000	82.145	-111.0134
360.000000	82.150	-127.0923
365.000000	82.149	-143.1028
370.000000	82.146	-159.0525
375.000000	82.146	-174.9283
382.000000	82.148	162.9370
387.000000	82.149	147.2080
395.000000	82.142	122.1958
400.000000	82.137	106.6309
406.000000	82.129	88.0494
412.000000	82.120	69.5609
418.000000	82.112	51.1600
425.000000	82.098	29.7841
431.000000	82.082	11.5574
437.000000	82.062	-6.5773
444.000000	82.040	-27.5759
450.000000	82.024	-45.4387
455.000000	82.010	-60.2517
462.000000	81.988	-80.8921
468.000000	81.967	-98.5068
475.000000	81.945	-118.9348
482.000000	81.930	-139.2083
487.000000	81.921	-153.6094
494.000000	81.909	-173.6768
500.000000	81.898	169.1941
508.000000	81.885	146.4534
515.000000	81.876	126.6538
522.000000	81.872	106.9780
530.000000	81.872	84.6313
538.000000	81.872	62.3784
545.000000	81.870	42.9868
552.000000	81.867	23.6599
560.000000	81.863	1.6672
570.000000	81.861	-25.6279
580.000000	81.861	-52.7305
590.000000	81.855	-79.6592
600.000000	81.841	-106.4570
608.000000	81.828	-127.7678
615.000000	81.817	-146.2869
622.000000	81.806	-164.6763
630.000000	81.793	174.4517
640.000000	81.775	148.4988
650.000000	81.761	122.6951
660.000000	81.756	97.0181
670.000000	81.758	71.5022
680.000000	81.759	46.1431
690.000000	81.753	20.8921
700.000000	81.737	-4.3015
710.000000	81.714	-29.4282
720.000000	81.692	-54.3972
730.000000	81.671	-79.1509
740.000000	81.652	-103.7053
750.000000	81.630	-128.1140
762.000000	81.602	-157.2458
775.000000	81.571	171.4292
788.000000	81.543	140.4009
800.000000	81.525	112.0496
812.000000	81.509	83.9368
825.000000	81.491	53.6541
838.000000	81.477	23.5625
850.000000	81.470	-3.9734
862.000000	81.470	-31.2529
875.000000	81.476	-60.5537
885.000000	81.484	-82.9678
900.000000	81.500	-116.4221
912.000000	81.517	-143.0256
925.000000	81.544	-171.6213
938.000000	81.582	160.0339
950.000000	81.625	134.0503
962.000000	81.670	108.1819
975.000000	81.723	80.2676
988.000000	81.782	52.4907
1000.000000	81.842	27.0239
1015.000000	81.928	-4.5559
1030.000000	82.022	-35.8911
1044.000000	82.114	-64.9924
1060.000000	82.221	-98.1326
1075.000000	82.325	-129.0464
1090.000000	82.433	-159.6997
1106.000000	82.559	167.9673
1120.000000	82.675	139.9561
1138.000000	82.821	104.1340
1150.000000	82.916	80.3279
1172.000000	83.090	36.9150
1180.000000	83.154	21.2385
1206.000000	83.365	-29.2637
1220.000000	83.476	-56.2322
1241.000000	83.638	-96.4917
1250.000000	83.704	-113.6865
1265.000000	83.812	-142.2456
1280.000000	83.918	-170.6206
1315.000000	84.162	124.0234
1320.000000	84.195	114.7651
1340.000000	84.321	77.8591
1360.000000	84.438	41.1387
1380.000000	84.548	4.6865
1400.000000	84.653	-31.4038
1430.000000	84.802	-84.8130
1450.000000	84.892	-120.0635
1475.000000	84.991	-163.8506
1500.000000	85.080	152.7651
1525.000000	85.164	109.9380
1550.000000	85.247	67.7173
1575.000000	85.326	25.9731
1600.000000	85.400	-15.4355
1625.000000	85.476	-56.4731
1650.000000	85.561	-96.9932
1675.000000	85.655	-136.9819
1700.000000	85.752	-176.5845
1725.000000	85.842	144.0752
1750.000000	85.916	104.9712
1775.000000	85.979	66.2490
1800.000000	86.037	28.0708
1825.000000	86.093	-9.5420
1850.000000	86.152	-46.7197
1875.000000	86.221	-83.5830
1900.000000	86.310	-120.1543
1925.000000	86.424	-156.3955
1950.000000	86.562	167.7002
1975.000000	86.712	132.1230
2000.000000	86.856	96.7871
2030.000000	87.006	54.5796
2060.000000	87.127	12.6118
2090.000000	87.228	-28.8955
2120.000000	87.318	-69.7773
2140.000000	87.373	-96.6870
2180.000000	87.470	-149.9502
2200.000000	87.512	-176.4565
2240.000000	87.587	130.6982
2270.000000	87.651	91.5298
2300.000000	87.726	52.9341
2330.000000	87.811	14.8906
2360.000000	87.901	-22.7788
2400.000000	88.019	-72.6514
2430.000000	88.104	-109.7764
2470.000000	88.214	-158.6934
2500.000000	88.296	165.1660
2540.000000	88.405	117.7183
2580.000000	88.508	70.8379
2620.000000	88.600	24.3135
2650.000000	88.661	-10.2964
2690.000000	88.732	-55.8950
2720.000000	88.779	-89.5874
2760.000000	88.830	-133.8135
2800.000000	88.862	-177.4702
2850.000000	88.862	128.4897
2900.000000	88.826	75.2607
2950.000000	88.762	23.2812
3000.000000	88.666	-27.4097
3040.000000	88.573	-67.2231
3070.000000	88.499	-96.7451
3110.000000	88.398	-135.7158
3150.000000	88.300	-174.1084
3200.000000	88.187	138.9360
3250.000000	88.083	93.1284
3300.000000	87.976	48.1191
3350.000000	87.859	3.6504
3400.000000	87.728	-40.0723
3450.000000	87.586	-82.5410
3500.000000	87.442	-123.4463
3550.000000	87.298	-163.1714
3600.000000	87.161	157.8496
3650.000000	87.036	119.4082
3700.000000	86.922	81.6206
3750.000000	86.812	44.6621
3820.000000	86.665	-5.4229
3870.000000	86.564	-40.1484
3950.000000	86.407	-94.5542
4000.000000	86.313	-127.8936
4060.000000	86.205	-166.8867
4120.000000	86.104	155.4531
4180.000000	86.006	118.9614
4250.000000	85.892	77.5127
4310.000000	85.792	42.7241
4370.000000	85.696	8.7383
4440.000000	85.597	-29.4863
4500.000000	85.529	-60.9028
4550.000000	85.483	-86.3208
4620.000000	85.432	-121.1177
4680.000000	85.398	-150.3252
4750.000000	85.375	176.5674
4820.000000	85.370	144.7896
4870.000000	85.380	123.0088
4940.000000	85.415	93.6045
5000.000000	85.462	69.1162
5080.000000	85.550	37.1982
5150.000000	85.654	10.1631
5220.000000	85.788	-15.7227
5300.000000	85.974	-43.8516
5380.000000	86.188	-70.8354
5450.000000	86.389	-93.8467
5520.000000	86.591	-116.4922
5600.000000	86.811	-141.7041
5700.000000	87.048	-171.6309
5800.000000	87.210	160.3296
5900.000000	87.268	133.6328
6000.000000	87.208	108.1597
6080.000000	87.083	89.1089
6150.000000	86.926	73.7305
6220.000000	86.740	59.7505
6300.000000	86.507	45.4023
6400.000000	86.210	29.3872
6500.000000	85.928	15.0483
6600.000000	85.679	2.5356
6700.000000	85.473	-7.8315
6800.000000	85.325	-15.8721
6900.000000	85.238	-21.9937
7000.000000	85.214	-26.7979
7100.000000	85.253	-30.4639
7200.000000	85.364	-32.6812
7300.000000	85.551	-33.1714
7400.000000	85.814	-32.1123
7500.000000	86.156	-30.0156
7620.000000	86.663	-26.9668
7750.000000	87.287	-23.6611
7880.000000	87.877	-20.2544
8000.000000	88.223	-16.8125
8120.000000	88.208	-12.8848
8250.000000	87.702	-7.1899
8380.000000	86.761	1.5776
8500.000000	85.661	13.5938
8620.000000	84.478	29.8428
8750.000000	83.205	51.9805
8850.000000	82.267	71.5439
9000.000000	80.947	103.7715
9120.000000	79.971	131.7671
9250.000000	78.995	164.5566
9380.000000	78.101	-159.7124
9500.000000	77.344	-124.1074
9620.000000	76.643	-86.5498
9750.000000	75.937	-44.3672
9880.000000	75.280	-0.8169
10000.000000	74.716	41.0415
10150.000000	74.070	96.4561
10300.000000	73.486	155.3687
10440.000000	72.992	-147.1538
10600.000000	72.490	-79.4824
10750.000000	72.083	-14.5796
10900.000000	71.739	52.4780
11060.000000	71.436	127.4438
11200.000000	71.215	-164.1143
11380.000000	70.982	-73.4844
11500.000000	70.859	-12.3179
11720.000000	70.719	102.7637
11800.000000	70.701	145.6528
12060.000000	70.744	-69.5317
12200.000000	70.831	12.2764
12410.000000	71.064	138.3364
12500.000000	71.210	-167.2471
12650.000000	71.524	-75.6152
12800.000000	71.924	17.0786
13150.000000	73.161	-115.8374
13200.000000	73.379	-82.3257
13400.000000	74.397	54.7241
13600.000000	75.706	-167.5029
13800.000000	77.362	-28.9443
14000.000000	79.311	113.0908
14300.000000	81.946	-46.8594
14500.000000	82.545	54.9775
14750.000000	81.340	-178.6797
15000.000000	78.667	-6.4927
15250.000000	75.758	-164.6147
15500.000000	73.238	44.2090
15750.000000	71.136	-103.4727
16000.000000	69.329	110.0806
16250.000000	67.741	-33.2268
16500.000000	66.325	-171.6846
16750.000000	64.993	54.7339
17000.000000	63.602	-77.7046
17250.000000	61.958	159.4126
17500.000000	59.847	19.1094
17750.000000	57.172	-115.3689
18000.000000	55.023	60.4180
18250.000000	55.596	-163.7559
18500.000000	56.895	12.3508
18750.000000	57.526	-24.5499
19000.000000	58.262	-147.9362
19250.000000	59.364	123.4727
19500.000000	60.425	-60.5488
19750.000000	61.171	-101.3983
20000.000000	61.515	-142.3271
