* Measurement data measured by REW V5.31.3
* Source: Microphone (JadeAudio JA11), MICROPHONE (Master Volume), L, volume: 0.250
* Format: 512k Log Swept Sine, 1 sweep at -10.8 dBFS with no timing reference
* Dated: Sep 12, 2026 9:00:24 PM
* REW Settings:
*  C-weighting compensation: Off
*  Target level: 75.0 dB
* Note: 
* Measurement: R Chu 3
* Smoothing: 1/24 octave
* Frequency Step: 1/48 octave
* Start Frequency: 20.300 Hz
*
* Freq(Hz)	SPL(dB)	Phase(degrees)
20.299999	85.817	-172.1120
20.600000	85.829	-172.3863
20.900000	85.841	-172.7234
21.200001	85.852	-173.0721
21.400000	85.862	-173.3005
21.799999	85.884	-173.7202
22.000000	85.894	-173.9068
22.400000	85.907	-174.2756
22.700001	85.908	-174.5217
23.000000	85.902	-174.7667
23.299999	85.892	-175.0685
23.600000	85.881	-175.3892
24.000000	85.872	-175.8235
24.299999	85.869	-176.1745
24.700001	85.869	-176.5954
25.000000	85.870	-176.8759
25.400000	85.870	-177.2824
25.799999	85.868	-177.7076
26.200001	85.865	-178.1726
26.500000	85.864	-178.5311
26.900000	85.865	-178.9741
27.200001	85.868	-179.2643
27.600000	85.875	-179.6052
28.000000	85.885	-179.9303
28.500000	85.896	179.6513
29.000000	85.901	179.2133
29.500000	85.902	178.8243
30.000000	85.902	178.5012
30.400000	85.903	178.2582
30.700001	85.904	178.0667
31.100000	85.903	177.7855
31.500000	85.896	177.4783
32.000000	85.882	177.1200
32.500000	85.868	176.7839
33.000000	85.858	176.4873
33.500000	85.852	176.1660
34.000000	85.846	175.8247
34.500000	85.839	175.4510
35.000000	85.829	175.0794
35.500000	85.817	174.7173
36.000000	85.803	174.3811
36.500000	85.792	174.0663
37.000000	85.785	173.7628
37.500000	85.781	173.4695
38.200001	85.771	173.0691
38.700001	85.759	172.7943
39.500000	85.738	172.3677
40.000000	85.728	172.1230
40.599998	85.718	171.8529
41.200001	85.706	171.5947
41.799999	85.695	171.3090
42.500000	85.680	170.9352
43.099998	85.665	170.6095
43.700001	85.647	170.2880
44.400002	85.629	169.9297
45.000000	85.614	169.6445
45.500000	85.602	169.4215
46.200001	85.580	169.1133
46.799999	85.562	168.8381
47.500000	85.545	168.5149
48.200001	85.532	168.2202
48.700001	85.522	168.0338
49.400002	85.504	167.7935
50.000000	85.484	167.5865
50.799999	85.453	167.2697
51.500000	85.431	166.9691
52.200001	85.414	166.6979
53.000000	85.391	166.4335
53.799999	85.358	166.1318
54.500000	85.335	165.8236
55.200001	85.321	165.5545
56.000000	85.302	165.3252
57.000000	85.262	165.0063
58.000000	85.231	164.6342
59.000000	85.204	164.3229
60.000000	85.171	164.0117
60.799999	85.146	163.7563
61.500000	85.123	163.5386
62.200001	85.100	163.3212
63.000000	85.074	163.0830
64.000000	85.043	162.8057
65.000000	85.010	162.5264
66.000000	84.977	162.2416
67.000000	84.942	161.9514
68.000000	84.909	161.6698
69.000000	84.875	161.4085
70.000000	84.841	161.1578
71.000000	84.808	160.9147
72.000000	84.774	160.6719
73.000000	84.739	160.4288
74.000000	84.703	160.1942
75.000000	84.669	159.9697
76.199997	84.627	159.7115
77.500000	84.582	159.4310
78.800003	84.538	159.1466
80.000000	84.495	158.8918
81.199997	84.453	158.6483
82.500000	84.407	158.3946
83.800003	84.361	158.1464
85.000000	84.317	157.9196
86.199997	84.274	157.7003
87.500000	84.227	157.4689
88.500000	84.191	157.2914
90.000000	84.138	157.0356
91.199997	84.095	156.8401
92.500000	84.049	156.6317
93.800003	84.003	156.4334
95.000000	83.960	156.2534
96.199997	83.918	156.0717
97.500000	83.871	155.8837
98.800003	83.825	155.7054
100.000000	83.782	155.5460
101.500000	83.728	155.3469
103.000000	83.675	155.1536
104.400002	83.624	154.9781
106.000000	83.567	154.7874
107.500000	83.513	154.6165
109.000000	83.460	154.4476
110.599998	83.403	154.2723
112.000000	83.352	154.1289
113.800003	83.286	153.9556
115.000000	83.243	153.8477
117.199997	83.165	153.6652
118.000000	83.136	153.6024
120.599998	83.043	153.4152
122.000000	82.995	153.3246
124.099998	82.924	153.1958
125.000000	82.895	153.1442
126.500000	82.847	153.0597
128.000000	82.799	152.9766
131.500000	82.686	152.7715
132.000000	82.670	152.7424
134.000000	82.604	152.6312
136.000000	82.537	152.5279
138.000000	82.468	152.4486
140.000000	82.398	152.3879
143.000000	82.291	152.3763
145.000000	82.223	152.4366
147.500000	82.148	152.5491
150.000000	82.088	152.6595
152.500000	82.041	152.7172
155.000000	81.996	152.7117
157.500000	81.949	152.6560
160.000000	81.898	152.5643
162.500000	81.837	152.4513
165.000000	81.769	152.3346
167.500000	81.695	152.2397
170.000000	81.620	152.1788
172.500000	81.545	152.1489
175.000000	81.470	152.1373
177.500000	81.396	152.1475
180.000000	81.324	152.1779
182.500000	81.256	152.2175
185.000000	81.192	152.2529
187.500000	81.129	152.2872
190.000000	81.068	152.3184
192.500000	81.009	152.3444
195.000000	80.949	152.3674
197.500000	80.889	152.3840
200.000000	80.829	152.4039
203.000000	80.761	152.4335
206.000000	80.695	152.4780
209.000000	80.630	152.5383
212.000000	80.565	152.5992
214.000000	80.522	152.6493
218.000000	80.438	152.7595
220.000000	80.396	152.8172
224.000000	80.315	152.9474
227.000000	80.256	153.0531
230.000000	80.197	153.1630
233.000000	80.139	153.2776
236.000000	80.081	153.3953
240.000000	80.004	153.5564
243.000000	79.949	153.6837
247.000000	79.876	153.8549
250.000000	79.821	153.9918
254.000000	79.747	154.1854
258.000000	79.672	154.3765
262.000000	79.599	154.5663
265.000000	79.545	154.7166
269.000000	79.475	154.9317
272.000000	79.422	155.0984
276.000000	79.353	155.3224
280.000000	79.287	155.5515
285.000000	79.208	155.8327
290.000000	79.130	156.1203
295.000000	79.053	156.4092
300.000000	78.978	156.7035
304.000000	78.918	156.9424
307.000000	78.874	157.1206
311.000000	78.817	157.3618
315.000000	78.762	157.6136
320.000000	78.695	157.9368
325.000000	78.632	158.2570
330.000000	78.570	158.5768
335.000000	78.508	158.8907
340.000000	78.447	159.2025
345.000000	78.386	159.5205
350.000000	78.327	159.8402
355.000000	78.270	160.1613
360.000000	78.213	160.4860
365.000000	78.157	160.8284
370.000000	78.101	161.1760
375.000000	78.048	161.5186
382.000000	77.978	161.9922
387.000000	77.929	162.3374
395.000000	77.855	162.8940
400.000000	77.809	163.2393
406.000000	77.755	163.6544
412.000000	77.703	164.0727
418.000000	77.652	164.4966
425.000000	77.595	164.9911
431.000000	77.547	165.4162
437.000000	77.502	165.8424
444.000000	77.450	166.3397
450.000000	77.408	166.7642
455.000000	77.373	167.1192
462.000000	77.326	167.6174
468.000000	77.286	168.0457
475.000000	77.242	168.5455
482.000000	77.200	169.0488
487.000000	77.170	169.4095
494.000000	77.130	169.9106
500.000000	77.097	170.3343
508.000000	77.055	170.9120
515.000000	77.019	171.4224
522.000000	76.985	171.9406
530.000000	76.949	172.5325
538.000000	76.914	173.1171
545.000000	76.886	173.6288
552.000000	76.859	174.1426
560.000000	76.829	174.7293
570.000000	76.794	175.4639
580.000000	76.761	176.1896
590.000000	76.732	176.9225
600.000000	76.705	177.6535
608.000000	76.685	178.2378
615.000000	76.669	178.7475
622.000000	76.654	179.2612
630.000000	76.638	179.8503
640.000000	76.621	-179.4172
650.000000	76.605	-178.6859
660.000000	76.593	-177.9546
670.000000	76.582	-177.2187
680.000000	76.573	-176.4809
690.000000	76.567	-175.7326
700.000000	76.564	-174.9776
710.000000	76.563	-174.2305
720.000000	76.565	-173.4878
730.000000	76.569	-172.7456
740.000000	76.575	-172.0041
750.000000	76.584	-171.2623
762.000000	76.595	-170.3725
775.000000	76.611	-169.4032
788.000000	76.633	-168.4223
800.000000	76.657	-167.5105
812.000000	76.682	-166.6043
825.000000	76.713	-165.6272
838.000000	76.749	-164.6651
850.000000	76.788	-163.7833
862.000000	76.831	-162.9104
875.000000	76.882	-161.9851
885.000000	76.925	-161.2877
900.000000	76.994	-160.2517
912.000000	77.055	-159.4348
925.000000	77.125	-158.5696
938.000000	77.201	-157.7284
950.000000	77.275	-156.9753
962.000000	77.354	-156.2468
975.000000	77.442	-155.4868
988.000000	77.535	-154.7574
1000.000000	77.621	-154.1138
1015.000000	77.728	-153.3565
1030.000000	77.837	-152.6496
1044.000000	77.940	-152.0330
1060.000000	78.061	-151.3782
1075.000000	78.175	-150.8161
1090.000000	78.290	-150.3087
1106.000000	78.413	-149.8197
1120.000000	78.519	-149.4319
1138.000000	78.655	-148.9878
1150.000000	78.745	-148.7232
1172.000000	78.904	-148.2996
1180.000000	78.961	-148.1647
1206.000000	79.140	-147.7867
1220.000000	79.233	-147.6156
1241.000000	79.368	-147.3964
1250.000000	79.427	-147.3130
1265.000000	79.524	-147.1878
1280.000000	79.620	-147.0785
1315.000000	79.835	-146.8648
1320.000000	79.865	-146.8385
1340.000000	79.980	-146.7430
1360.000000	80.091	-146.6572
1380.000000	80.198	-146.5763
1400.000000	80.301	-146.4958
1430.000000	80.450	-146.3783
1450.000000	80.546	-146.2966
1475.000000	80.665	-146.1944
1500.000000	80.780	-146.0901
1525.000000	80.894	-145.9890
1550.000000	81.007	-145.8863
1575.000000	81.119	-145.7826
1600.000000	81.232	-145.6801
1625.000000	81.347	-145.5799
1650.000000	81.465	-145.4808
1675.000000	81.584	-145.3864
1700.000000	81.703	-145.3027
1725.000000	81.822	-145.2244
1750.000000	81.942	-145.1535
1775.000000	82.062	-145.0944
1800.000000	82.182	-145.0433
1825.000000	82.303	-145.0049
1850.000000	82.425	-144.9789
1875.000000	82.548	-144.9661
1900.000000	82.671	-144.9690
1925.000000	82.795	-144.9880
1950.000000	82.921	-145.0237
1975.000000	83.046	-145.0758
2000.000000	83.172	-145.1468
2030.000000	83.321	-145.2571
2060.000000	83.471	-145.3963
2090.000000	83.619	-145.5662
2120.000000	83.768	-145.7670
2140.000000	83.867	-145.9160
2180.000000	84.066	-146.2541
2200.000000	84.166	-146.4440
2240.000000	84.366	-146.8773
2270.000000	84.515	-147.2464
2300.000000	84.664	-147.6549
2330.000000	84.810	-148.1057
2360.000000	84.955	-148.5951
2400.000000	85.145	-149.3008
2430.000000	85.286	-149.8733
2470.000000	85.470	-150.7054
2500.000000	85.604	-151.3838
2540.000000	85.776	-152.3673
2580.000000	85.938	-153.4428
2620.000000	86.090	-154.6082
2650.000000	86.196	-155.5402
2690.000000	86.326	-156.8565
2720.000000	86.414	-157.8904
2760.000000	86.515	-159.3156
2800.000000	86.599	-160.7814
2850.000000	86.677	-162.6460
2900.000000	86.725	-164.5184
2950.000000	86.746	-166.3660
3000.000000	86.739	-168.1568
3040.000000	86.717	-169.5346
3070.000000	86.692	-170.5246
3110.000000	86.652	-171.7778
3150.000000	86.608	-172.9610
3200.000000	86.557	-174.3842
3250.000000	86.509	-175.8218
3300.000000	86.449	-177.3178
3350.000000	86.368	-178.8396
3400.000000	86.261	179.6794
3450.000000	86.131	178.2895
3500.000000	85.985	177.0035
3550.000000	85.828	175.8234
3600.000000	85.659	174.7557
3650.000000	85.482	173.8033
3700.000000	85.299	172.9777
3750.000000	85.111	172.2854
3820.000000	84.850	171.5480
3870.000000	84.671	171.1705
3950.000000	84.410	170.7372
4000.000000	84.263	170.4832
4060.000000	84.091	170.1242
4120.000000	83.913	169.7239
4180.000000	83.724	169.3420
4250.000000	83.492	168.9758
4310.000000	83.290	168.7458
4370.000000	83.088	168.5792
4440.000000	82.854	168.4380
4500.000000	82.651	168.3337
4550.000000	82.478	168.2440
4620.000000	82.221	168.1242
4680.000000	81.978	168.0704
4750.000000	81.659	168.1854
4820.000000	81.310	168.6783
4870.000000	81.058	169.3476
4940.000000	80.732	170.7211
5000.000000	80.500	172.1777
5080.000000	80.264	174.2567
5150.000000	80.114	176.0300
5220.000000	80.001	177.6960
5300.000000	79.899	179.4746
5380.000000	79.819	-178.8443
5450.000000	79.763	-177.4399
5520.000000	79.717	-176.0849
5600.000000	79.674	-174.5699
5700.000000	79.633	-172.6823
5800.000000	79.615	-170.7657
5900.000000	79.630	-168.8257
6000.000000	79.683	-166.9250
6080.000000	79.751	-165.4742
6150.000000	79.827	-164.2731
6220.000000	79.919	-163.1436
6300.000000	80.040	-161.9471
6400.000000	80.214	-160.6166
6500.000000	80.412	-159.5156
6600.000000	80.628	-158.6947
6700.000000	80.850	-158.1878
6800.000000	81.062	-157.9760
6900.000000	81.252	-157.9892
7000.000000	81.414	-158.1169
7100.000000	81.551	-158.2359
7200.000000	81.679	-158.2502
7300.000000	81.818	-158.1140
7400.000000	81.994	-157.8568
7500.000000	82.231	-157.5945
7620.000000	82.619	-157.5794
7750.000000	83.164	-158.4785
7880.000000	83.774	-160.9563
8000.000000	84.286	-164.9975
8120.000000	84.616	-170.6425
8250.000000	84.642	-177.8827
8380.000000	84.271	174.8850
8500.000000	83.627	169.2361
8620.000000	82.803	165.1207
8750.000000	81.836	162.4289
8850.000000	81.103	161.3804
9000.000000	80.058	161.0137
9120.000000	79.273	161.5356
9250.000000	78.480	162.8101
9380.000000	77.757	164.7206
9500.000000	77.161	166.9347
9620.000000	76.636	169.4798
9750.000000	76.146	172.5064
9880.000000	75.736	175.7253
10000.000000	75.424	178.8096
10150.000000	75.120	-177.2524
10300.000000	74.914	-173.2891
10440.000000	74.811	-169.6429
10600.000000	74.806	-165.6464
10750.000000	74.916	-162.1913
10900.000000	75.148	-159.2291
11060.000000	75.532	-157.0501
11200.000000	75.955	-156.6526
11380.000000	76.384	-159.5505
11500.000000	76.261	-163.5466
11720.000000	74.442	-164.8238
11800.000000	73.715	-157.8418
12060.000000	75.281	-130.3740
12200.000000	77.272	-127.1081
12410.000000	80.108	-131.4304
12500.000000	81.197	-135.9165
12650.000000	82.676	-146.7180
12800.000000	83.500	-160.7917
13150.000000	82.286	166.7428
13200.000000	81.847	163.3238
13400.000000	79.859	153.6350
13600.000000	77.908	149.1222
13800.000000	76.227	147.7515
14000.000000	74.832	148.0273
14300.000000	73.159	149.8030
14500.000000	72.250	151.3506
14750.000000	71.279	153.3555
15000.000000	70.446	155.2566
15250.000000	69.713	156.9974
15500.000000	69.059	158.5496
15750.000000	68.485	159.9058
16000.000000	68.076	161.0525
16250.000000	67.949	161.9238
16500.000000	68.034	162.2896
16750.000000	68.272	161.7211
17000.000000	68.647	159.4949
17250.000000	69.088	154.6174
17500.000000	69.389	146.2629
17750.000000	69.222	134.6337
18000.000000	68.302	121.6139
18250.000000	66.597	110.0222
18500.000000	64.345	101.9449
18750.000000	61.877	97.9374
19000.000000	59.443	97.3927
19250.000000	57.171	99.5078
19500.000000	55.131	103.6840
19750.000000	53.414	109.1333
20000.000000	52.367	114.2201
