* Measurement data measured by REW V5.31.3
* Source: Microphone (JadeAudio JA11), no input selected, L, volume: no control
* Format: 2M Log Swept Sine, 1 sweep at -8.9 dBFS with no timing reference
* Dated: May 31, 2025 8:28:18 PM
* REW Settings:
*  C-weighting compensation: Off
*  Target level: 75.0 dB
* Note: 
* Measurement: L Aria (Vent blocked, Velvet)
* Smoothing: 1/24 octave
* Frequency Step: 1/48 octave
* Start Frequency: 20.300 Hz
*
* Freq(Hz)	SPL(dB)	Phase(degrees)
20.299999	97.424	-178.5590
20.600000	97.421	-179.3391
20.900000	97.419	179.8731
21.200001	97.421	179.1403
21.400000	97.424	178.6776
21.799999	97.430	177.7935
22.000000	97.434	177.3660
22.400000	97.442	176.5378
22.700001	97.448	175.9474
23.000000	97.455	175.3920
23.299999	97.462	174.8748
23.600000	97.466	174.3916
24.000000	97.466	173.7800
24.299999	97.462	173.3278
24.700001	97.453	172.7137
25.000000	97.444	172.2419
25.400000	97.435	171.6078
25.799999	97.429	170.9862
26.200001	97.425	170.3904
26.500000	97.422	169.9611
26.900000	97.417	169.4062
27.200001	97.412	168.9984
27.600000	97.404	168.4619
28.000000	97.395	167.9346
28.500000	97.385	167.2921
29.000000	97.374	166.6692
29.500000	97.364	166.0635
30.000000	97.353	165.4734
30.400000	97.343	165.0123
30.700001	97.336	164.6727
31.100000	97.326	164.2277
31.500000	97.315	163.7908
32.000000	97.302	163.2564
32.500000	97.289	162.7361
33.000000	97.274	162.2311
33.500000	97.260	161.7405
34.000000	97.245	161.2624
34.500000	97.230	160.7950
35.000000	97.214	160.3371
35.500000	97.198	159.8890
36.000000	97.181	159.4517
36.500000	97.163	159.0266
37.000000	97.145	158.6130
37.500000	97.127	158.2089
38.200001	97.103	157.6544
38.700001	97.084	157.2664
39.500000	97.052	156.6655
40.000000	97.031	156.3057
40.599998	97.006	155.8895
41.200001	96.980	155.4857
41.799999	96.954	155.0899
42.500000	96.922	154.6370
43.099998	96.894	154.2585
43.700001	96.865	153.8910
44.400002	96.831	153.4748
45.000000	96.800	153.1253
45.500000	96.774	152.8382
46.200001	96.735	152.4465
46.799999	96.700	152.1249
47.500000	96.658	151.7656
48.200001	96.614	151.4189
48.700001	96.582	151.1778
49.400002	96.536	150.8492
50.000000	96.494	150.5752
50.799999	96.437	150.2199
51.500000	96.385	149.9221
52.200001	96.330	149.6406
53.000000	96.265	149.3326
53.799999	96.202	149.0213
54.500000	96.147	148.7481
55.200001	96.088	148.4964
56.000000	96.013	148.2434
57.000000	95.921	147.9393
58.000000	95.831	147.6389
59.000000	95.738	147.3586
60.000000	95.646	147.0736
60.799999	95.574	146.8487
61.500000	95.511	146.6614
62.200001	95.449	146.4769
63.000000	95.379	146.2669
64.000000	95.293	146.0172
65.000000	95.208	145.7856
66.000000	95.123	145.5687
67.000000	95.038	145.3607
68.000000	94.955	145.1576
69.000000	94.873	144.9632
70.000000	94.792	144.7809
71.000000	94.712	144.6075
72.000000	94.631	144.4416
73.000000	94.552	144.2850
74.000000	94.473	144.1339
75.000000	94.395	143.9880
76.199997	94.304	143.8273
77.500000	94.206	143.6653
78.800003	94.109	143.5154
80.000000	94.020	143.3881
81.199997	93.933	143.2695
82.500000	93.839	143.1503
83.800003	93.747	143.0393
85.000000	93.662	142.9444
86.199997	93.579	142.8573
87.500000	93.491	142.7699
88.500000	93.423	142.7086
90.000000	93.323	142.6270
91.199997	93.244	142.5699
92.500000	93.159	142.5197
93.800003	93.076	142.4671
95.000000	92.999	142.4195
96.199997	92.924	142.3846
97.500000	92.844	142.3576
98.800003	92.764	142.3342
100.000000	92.692	142.3168
101.500000	92.602	142.3019
103.000000	92.514	142.2924
104.400002	92.432	142.2892
106.000000	92.340	142.2933
107.500000	92.255	142.3037
109.000000	92.172	142.3206
110.599998	92.083	142.3452
112.000000	92.007	142.3733
113.800003	91.910	142.4157
115.000000	91.846	142.4481
117.199997	91.731	142.5145
118.000000	91.689	142.5401
120.599998	91.554	142.6394
122.000000	91.482	142.7059
124.099998	91.375	142.8135
125.000000	91.329	142.8614
126.500000	91.253	142.9469
128.000000	91.179	143.0422
131.500000	91.004	143.2918
132.000000	90.978	143.3317
134.000000	90.877	143.5142
136.000000	90.776	143.7279
138.000000	90.671	143.9918
140.000000	90.570	144.3896
143.000000	90.465	145.3237
145.000000	90.443	145.8738
147.500000	90.460	146.1149
150.000000	90.473	146.1169
152.500000	90.423	145.9064
155.000000	90.340	145.6638
157.500000	90.243	145.5648
160.000000	90.142	145.5776
162.500000	90.044	145.6663
165.000000	89.951	145.8040
167.500000	89.863	145.9663
170.000000	89.777	146.1445
172.500000	89.694	146.3326
175.000000	89.613	146.5166
177.500000	89.535	146.7109
180.000000	89.457	146.9170
182.500000	89.382	147.1160
185.000000	89.310	147.3194
187.500000	89.238	147.5336
190.000000	89.167	147.7612
192.500000	89.098	147.9933
195.000000	89.032	148.2250
197.500000	88.967	148.4541
200.000000	88.904	148.6841
203.000000	88.829	148.9626
206.000000	88.756	149.2480
209.000000	88.683	149.5310
212.000000	88.613	149.8097
214.000000	88.567	150.0059
218.000000	88.475	150.4123
220.000000	88.429	150.6154
224.000000	88.342	151.0291
227.000000	88.278	151.3768
230.000000	88.220	151.7690
233.000000	88.175	152.1581
236.000000	88.141	152.4804
240.000000	88.092	152.7921
243.000000	88.045	152.9954
247.000000	87.976	153.2827
250.000000	87.922	153.5296
254.000000	87.853	153.9077
258.000000	87.794	154.3102
262.000000	87.742	154.6712
265.000000	87.703	154.9092
269.000000	87.648	155.2084
272.000000	87.605	155.4374
276.000000	87.547	155.7545
280.000000	87.489	156.0841
285.000000	87.420	156.5109
290.000000	87.353	156.9382
295.000000	87.288	157.3687
300.000000	87.226	157.8015
304.000000	87.178	158.1450
307.000000	87.143	158.4020
311.000000	87.097	158.7451
315.000000	87.052	159.0900
320.000000	86.998	159.5179
325.000000	86.946	159.9427
330.000000	86.896	160.3632
335.000000	86.847	160.7852
340.000000	86.800	161.2101
345.000000	86.754	161.6287
350.000000	86.710	162.0420
355.000000	86.667	162.4547
360.000000	86.626	162.8661
365.000000	86.585	163.2740
370.000000	86.546	163.6809
375.000000	86.509	164.0848
382.000000	86.459	164.6422
387.000000	86.424	165.0397
395.000000	86.370	165.6744
400.000000	86.339	166.0668
406.000000	86.302	166.5360
412.000000	86.267	167.0017
418.000000	86.233	167.4615
425.000000	86.195	167.9974
431.000000	86.164	168.4527
437.000000	86.134	168.9034
444.000000	86.101	169.4184
450.000000	86.073	169.8557
455.000000	86.050	170.2219
462.000000	86.020	170.7313
468.000000	85.996	171.1597
475.000000	85.968	171.6592
482.000000	85.941	172.1597
487.000000	85.922	172.5165
494.000000	85.897	173.0149
500.000000	85.877	173.4391
508.000000	85.851	173.9999
515.000000	85.829	174.4877
522.000000	85.808	174.9741
530.000000	85.786	175.5281
538.000000	85.765	176.0802
545.000000	85.748	176.5606
552.000000	85.732	177.0392
560.000000	85.715	177.5837
570.000000	85.695	178.2618
580.000000	85.676	178.9391
590.000000	85.660	179.6139
600.000000	85.646	-179.7139
608.000000	85.636	-179.1777
615.000000	85.628	-178.7096
622.000000	85.620	-178.2420
630.000000	85.614	-177.7087
640.000000	85.606	-177.0432
650.000000	85.601	-176.3781
660.000000	85.597	-175.7147
670.000000	85.595	-175.0531
680.000000	85.595	-174.3913
690.000000	85.597	-173.7297
700.000000	85.601	-173.0682
710.000000	85.607	-172.4061
720.000000	85.615	-171.7445
730.000000	85.625	-171.0850
740.000000	85.637	-170.4257
750.000000	85.651	-169.7663
762.000000	85.671	-168.9776
775.000000	85.697	-168.1263
788.000000	85.726	-167.2784
800.000000	85.757	-166.4975
812.000000	85.792	-165.7213
825.000000	85.833	-164.8885
838.000000	85.879	-164.0622
850.000000	85.926	-163.3082
862.000000	85.976	-162.5645
875.000000	86.034	-161.7716
885.000000	86.082	-161.1731
900.000000	86.159	-160.2962
912.000000	86.225	-159.6142
925.000000	86.299	-158.8968
938.000000	86.377	-158.2012
950.000000	86.452	-157.5782
962.000000	86.530	-156.9733
975.000000	86.619	-156.3414
988.000000	86.710	-155.7389
1000.000000	86.798	-155.2118
1015.000000	86.910	-154.5941
1030.000000	87.025	-154.0247
1044.000000	87.133	-153.5375
1060.000000	87.259	-153.0291
1075.000000	87.376	-152.5988
1090.000000	87.494	-152.2138
1106.000000	87.619	-151.8501
1120.000000	87.727	-151.5707
1138.000000	87.863	-151.2612
1150.000000	87.952	-151.0839
1172.000000	88.110	-150.8168
1180.000000	88.165	-150.7375
1206.000000	88.335	-150.5145
1220.000000	88.421	-150.3949
1241.000000	88.549	-150.2114
1250.000000	88.604	-150.1387
1265.000000	88.694	-150.0332
1280.000000	88.784	-149.9477
1315.000000	88.984	-149.8078
1320.000000	89.011	-149.7927
1340.000000	89.119	-149.7416
1360.000000	89.223	-149.7013
1380.000000	89.323	-149.6690
1400.000000	89.420	-149.6410
1430.000000	89.561	-149.6051
1450.000000	89.652	-149.5851
1475.000000	89.764	-149.5611
1500.000000	89.873	-149.5385
1525.000000	89.980	-149.5155
1550.000000	90.086	-149.4949
1575.000000	90.191	-149.4769
1600.000000	90.296	-149.4647
1625.000000	90.400	-149.4576
1650.000000	90.504	-149.4569
1675.000000	90.608	-149.4642
1700.000000	90.712	-149.4805
1725.000000	90.816	-149.5058
1750.000000	90.920	-149.5424
1775.000000	91.024	-149.5919
1800.000000	91.127	-149.6530
1825.000000	91.230	-149.7271
1850.000000	91.334	-149.8161
1875.000000	91.437	-149.9205
1900.000000	91.540	-150.0413
1925.000000	91.643	-150.1784
1950.000000	91.745	-150.3324
1975.000000	91.847	-150.5033
2000.000000	91.948	-150.6914
2030.000000	92.068	-150.9394
2060.000000	92.187	-151.2108
2090.000000	92.304	-151.5054
2120.000000	92.420	-151.8237
2140.000000	92.497	-152.0493
2180.000000	92.648	-152.5367
2200.000000	92.722	-152.7994
2240.000000	92.867	-153.3634
2270.000000	92.972	-153.8172
2300.000000	93.074	-154.2931
2330.000000	93.171	-154.7892
2360.000000	93.265	-155.3041
2400.000000	93.385	-156.0185
2430.000000	93.470	-156.5732
2470.000000	93.577	-157.3360
2500.000000	93.652	-157.9211
2540.000000	93.745	-158.7126
2580.000000	93.832	-159.5147
2620.000000	93.912	-160.3280
2650.000000	93.967	-160.9434
2690.000000	94.035	-161.7675
2720.000000	94.081	-162.3864
2760.000000	94.136	-163.2092
2800.000000	94.184	-164.0247
2850.000000	94.234	-165.0260
2900.000000	94.274	-165.9976
2950.000000	94.304	-166.9215
3000.000000	94.327	-167.7697
3040.000000	94.345	-168.3786
3070.000000	94.361	-168.7994
3110.000000	94.390	-169.3372
3150.000000	94.427	-169.8907
3200.000000	94.481	-170.6569
3250.000000	94.531	-171.5106
3300.000000	94.573	-172.4219
3350.000000	94.606	-173.3636
3400.000000	94.628	-174.3066
3450.000000	94.643	-175.2336
3500.000000	94.653	-176.1405
3550.000000	94.660	-177.0312
3600.000000	94.665	-177.9132
3650.000000	94.668	-178.7928
3700.000000	94.668	-179.6748
3750.000000	94.667	179.4360
3820.000000	94.661	178.1719
3870.000000	94.653	177.2511
3950.000000	94.633	175.7440
4000.000000	94.614	174.7819
4060.000000	94.584	173.6092
4120.000000	94.546	172.4203
4180.000000	94.499	171.2198
4250.000000	94.432	169.8085
4310.000000	94.366	168.5901
4370.000000	94.289	167.3625
4440.000000	94.185	165.9219
4500.000000	94.082	164.6883
4550.000000	93.985	163.6700
4620.000000	93.833	162.2745
4680.000000	93.686	161.1222
4750.000000	93.497	159.8496
4820.000000	93.291	158.6721
4870.000000	93.134	157.8961
4940.000000	92.902	156.9091
5000.000000	92.693	156.1649
5080.000000	92.403	155.3363
5150.000000	92.142	154.7734
5220.000000	91.879	154.3593
5300.000000	91.578	154.0581
5380.000000	91.279	153.9293
5450.000000	91.019	153.9549
5520.000000	90.763	154.1124
5600.000000	90.477	154.4568
5700.000000	90.136	155.1298
5800.000000	89.820	156.0462
5900.000000	89.533	157.1640
6000.000000	89.276	158.4436
6080.000000	89.091	159.5710
6150.000000	88.942	160.6408
6220.000000	88.808	161.8141
6300.000000	88.680	163.3341
6400.000000	88.593	165.4829
6500.000000	88.612	167.4336
6600.000000	88.662	168.8524
6700.000000	88.698	170.1610
6800.000000	88.753	171.5717
6900.000000	88.850	173.0200
7000.000000	88.997	174.4367
7100.000000	89.203	175.7613
7200.000000	89.475	176.9017
7300.000000	89.816	177.7365
7400.000000	90.227	178.1360
7500.000000	90.703	177.9604
7620.000000	91.351	176.7497
7750.000000	92.118	173.8029
7880.000000	92.876	168.6194
8000.000000	93.435	161.4886
8120.000000	93.673	152.2823
8250.000000	93.381	141.1661
8380.000000	92.468	130.8761
8500.000000	91.205	123.6440
8620.000000	89.743	119.1339
8750.000000	88.135	117.0317
8850.000000	86.960	116.9466
9000.000000	85.355	118.5504
9120.000000	84.210	120.8710
9250.000000	83.101	124.0809
9380.000000	82.113	127.7795
9500.000000	81.294	131.4878
9620.000000	80.550	135.3994
9750.000000	79.818	139.8177
9880.000000	79.149	144.4053
10000.000000	78.582	148.7859
10150.000000	77.933	154.4634
10300.000000	77.347	160.3790
10440.000000	76.852	166.1403
10600.000000	76.346	173.0642
10750.000000	75.931	179.9789
10900.000000	75.584	-172.5530
11060.000000	75.317	-163.7545
11200.000000	75.226	-155.1438
11380.000000	75.452	-142.7702
11500.000000	75.926	-134.1474
11720.000000	77.555	-120.4628
11800.000000	78.316	-117.0493
12060.000000	80.749	-112.6597
12200.000000	81.787	-113.1193
12410.000000	82.956	-114.5996
12500.000000	83.372	-115.0456
12650.000000	84.047	-115.3765
12800.000000	84.774	-115.3659
13150.000000	86.961	-116.4911
13200.000000	87.335	-117.0955
13400.000000	88.920	-121.5368
13600.000000	90.422	-130.1286
13800.000000	91.422	-142.7981
14000.000000	91.576	-157.2971
14300.000000	90.319	-175.2878
14500.000000	89.015	177.7425
14750.000000	87.466	173.9316
15000.000000	86.268	173.2458
15250.000000	85.433	173.8018
15500.000000	84.901	174.3947
15750.000000	84.575	174.1421
16000.000000	84.329	172.5349
16250.000000	84.026	169.4713
16500.000000	83.548	165.2636
16750.000000	82.834	160.4462
17000.000000	81.899	155.2324
17250.000000	80.727	148.6754
17500.000000	78.844	140.6630
17750.000000	75.614	145.9089
18000.000000	73.485	169.2995
18250.000000	73.257	177.5878
18500.000000	72.993	-179.5181
18750.000000	72.541	-177.1399
19000.000000	71.971	-175.1297
19250.000000	71.245	-172.7732
19500.000000	70.531	-168.6308
19750.000000	70.159	-164.0340
20000.000000	70.071	-161.6073
