* Measurement data measured by REW V5.31.3
* Source: Microphone (JadeAudio JA11), MICROPHONE (Master Volume), R, volume: 0.250
* Format: 512k Log Swept Sine, 1 sweep at 0.0 dBFS with no timing reference
* Dated: Apr 23, 2025 7:15:21 PM
* REW Settings:
*  C-weighting compensation: Off
*  Target level: 75.0 dB
* Note: 
* Measurement: R Moca (POP Style, Nuarl 7)
* Smoothing: 1/24 octave
* Frequency Step: 1/48 octave
* Start Frequency: 20.300 Hz
*
* Freq(Hz)	SPL(dB)	Phase(degrees)
20.299999	95.066	-93.8240
20.600000	95.054	-95.9856
20.900000	95.038	-98.3167
21.200001	95.021	-100.6345
21.400000	95.011	-102.1638
21.799999	94.991	-105.1861
22.000000	94.981	-106.6805
22.400000	94.958	-109.6378
22.700001	94.937	-111.8283
23.000000	94.914	-113.9946
23.299999	94.889	-116.1368
23.600000	94.863	-118.2555
24.000000	94.828	-121.0474
24.299999	94.802	-123.1188
24.700001	94.767	-125.8529
25.000000	94.740	-127.8825
25.400000	94.703	-130.5600
25.799999	94.665	-133.2044
26.200001	94.626	-135.8176
26.500000	94.596	-137.7585
26.900000	94.557	-140.3229
27.200001	94.528	-142.2291
27.600000	94.488	-144.7484
28.000000	94.448	-147.2427
28.500000	94.396	-150.3271
29.000000	94.344	-153.3752
29.500000	94.291	-156.3868
30.000000	94.238	-159.3625
30.400000	94.197	-161.7187
30.700001	94.166	-163.4727
31.100000	94.125	-165.7950
31.500000	94.085	-168.0993
32.000000	94.034	-170.9562
32.500000	93.982	-173.7884
33.000000	93.931	-176.5944
33.500000	93.879	-179.3692
34.000000	93.828	177.8899
34.500000	93.778	175.1771
35.000000	93.727	172.4810
35.500000	93.678	169.7975
36.000000	93.629	167.1354
36.500000	93.579	164.5039
37.000000	93.529	161.8961
37.500000	93.481	159.2911
38.200001	93.419	155.6347
38.700001	93.373	153.0479
39.500000	93.296	149.0182
40.000000	93.247	146.5505
40.599998	93.195	143.5896
41.200001	93.145	140.6149
41.799999	93.093	137.6509
42.500000	93.030	134.2322
43.099998	92.980	131.3312
43.700001	92.933	128.4467
44.400002	92.876	125.0936
45.000000	92.824	122.2314
45.500000	92.783	119.8648
46.200001	92.731	116.5908
46.799999	92.690	113.8079
47.500000	92.640	110.5639
48.200001	92.590	107.3258
48.700001	92.554	105.0260
49.400002	92.503	101.8278
50.000000	92.460	99.1013
50.799999	92.405	95.4809
51.500000	92.358	92.3353
52.200001	92.310	89.2163
53.000000	92.257	85.6536
53.799999	92.205	82.0885
54.500000	92.162	79.0030
55.200001	92.122	75.9261
56.000000	92.076	72.3965
57.000000	92.008	68.0453
58.000000	91.946	63.7004
59.000000	91.875	59.5087
60.000000	91.782	55.4553
60.799999	91.745	51.9619
61.500000	91.733	48.8226
62.200001	91.710	45.7907
63.000000	91.666	42.4160
64.000000	91.612	38.1843
65.000000	91.558	33.9850
66.000000	91.506	29.8170
67.000000	91.455	25.6595
68.000000	91.404	21.5208
69.000000	91.354	17.3981
70.000000	91.303	13.2870
71.000000	91.252	9.1858
72.000000	91.201	5.1055
73.000000	91.152	1.0470
74.000000	91.102	-2.9969
75.000000	91.051	-7.0123
76.199997	90.989	-11.8320
77.500000	90.926	-17.0470
78.800003	90.865	-22.2241
80.000000	90.808	-26.9922
81.199997	90.750	-31.7308
82.500000	90.687	-36.8422
83.800003	90.621	-41.9390
85.000000	90.561	-46.6265
86.199997	90.502	-51.3052
87.500000	90.440	-56.3564
88.500000	90.390	-60.2333
90.000000	90.317	-66.0372
91.199997	90.260	-70.6536
92.500000	90.197	-75.6172
93.800003	90.130	-80.5466
95.000000	90.069	-85.0908
96.199997	90.008	-89.6343
97.500000	89.942	-94.5367
98.800003	89.877	-99.4083
100.000000	89.818	-103.8929
101.500000	89.742	-109.4822
103.000000	89.665	-115.0455
104.400002	89.594	-120.2109
106.000000	89.513	-126.0841
107.500000	89.435	-131.5670
109.000000	89.359	-137.0367
110.599998	89.277	-142.8364
112.000000	89.205	-147.8939
113.800003	89.109	-154.3558
115.000000	89.044	-158.6371
117.199997	88.927	-166.4264
118.000000	88.886	-169.2497
120.599998	88.751	-178.4158
122.000000	88.673	176.6761
124.099998	88.560	169.3560
125.000000	88.511	166.2234
126.500000	88.432	161.0289
128.000000	88.351	155.8733
131.500000	88.160	143.9646
132.000000	88.132	142.2720
134.000000	88.022	135.5268
136.000000	87.917	128.8403
138.000000	87.813	122.2122
140.000000	87.699	115.5764
143.000000	87.534	105.6553
145.000000	87.425	99.1339
147.500000	87.284	91.0421
150.000000	87.148	83.0045
152.500000	87.010	75.0170
155.000000	86.871	67.1079
157.500000	86.732	59.2778
160.000000	86.595	51.5087
162.500000	86.461	43.8289
165.000000	86.335	36.2264
167.500000	86.222	28.6458
170.000000	86.110	21.0437
172.500000	85.997	13.4329
175.000000	85.879	5.8530
177.500000	85.759	-1.6337
180.000000	85.639	-9.0116
182.500000	85.526	-16.3671
185.000000	85.416	-23.7167
187.500000	85.306	-31.0253
190.000000	85.191	-38.3043
192.500000	85.073	-45.5477
195.000000	84.956	-52.7257
197.500000	84.838	-59.8420
200.000000	84.718	-66.8830
203.000000	84.573	-75.1957
206.000000	84.443	-83.3503
209.000000	84.347	-91.3875
212.000000	84.274	-99.5629
214.000000	84.220	-105.0589
218.000000	84.099	-116.1349
220.000000	84.042	-121.6333
224.000000	83.926	-132.5292
227.000000	83.839	-140.6357
230.000000	83.758	-148.6914
233.000000	83.672	-156.7465
236.000000	83.583	-164.7653
240.000000	83.472	-175.3586
243.000000	83.393	176.8088
247.000000	83.293	166.4143
250.000000	83.220	158.6479
254.000000	83.130	148.3176
258.000000	83.057	138.0090
262.000000	82.985	127.7195
265.000000	82.930	119.9929
269.000000	82.860	109.7587
272.000000	82.811	102.1414
276.000000	82.758	92.0044
280.000000	82.708	81.9459
285.000000	82.643	69.3003
290.000000	82.591	56.7339
295.000000	82.550	44.2339
300.000000	82.511	31.7484
304.000000	82.477	21.7614
307.000000	82.449	14.2782
311.000000	82.412	4.3453
315.000000	82.378	-5.5428
320.000000	82.340	-17.8502
325.000000	82.305	-30.1001
330.000000	82.269	-42.2898
335.000000	82.237	-54.4637
340.000000	82.208	-66.6108
345.000000	82.179	-78.7080
350.000000	82.149	-90.7471
355.000000	82.119	-102.7659
360.000000	82.089	-114.7306
365.000000	82.062	-126.6254
370.000000	82.037	-138.4741
375.000000	82.010	-150.2933
382.000000	81.972	-166.7778
387.000000	81.943	-178.5156
395.000000	81.893	162.7893
400.000000	81.861	151.1917
406.000000	81.823	137.3812
412.000000	81.789	123.6720
418.000000	81.753	110.0624
425.000000	81.708	94.2561
431.000000	81.668	80.7842
437.000000	81.626	67.3759
444.000000	81.579	51.8320
450.000000	81.541	38.6248
455.000000	81.509	27.6755
462.000000	81.465	12.4329
468.000000	81.428	-0.5505
475.000000	81.387	-15.6302
482.000000	81.350	-30.6454
487.000000	81.324	-41.3132
494.000000	81.290	-56.1553
500.000000	81.266	-68.8055
508.000000	81.241	-85.5724
515.000000	81.222	-100.1638
522.000000	81.205	-114.7004
530.000000	81.187	-131.2539
538.000000	81.170	-147.7369
545.000000	81.155	-162.1001
552.000000	81.141	-176.3967
560.000000	81.126	167.3511
570.000000	81.104	147.1727
580.000000	81.078	127.1393
590.000000	81.053	107.2687
600.000000	81.039	87.5298
608.000000	81.037	71.7924
615.000000	81.035	58.0588
622.000000	81.031	44.3718
630.000000	81.021	28.7980
640.000000	81.004	9.4507
650.000000	80.981	-9.7714
660.000000	80.955	-28.8826
670.000000	80.926	-47.8756
680.000000	80.898	-66.7332
690.000000	80.871	-85.4248
700.000000	80.844	-103.9651
710.000000	80.815	-122.3640
720.000000	80.787	-140.6594
730.000000	80.758	-158.8467
740.000000	80.727	-176.9385
750.000000	80.698	165.0813
762.000000	80.663	143.6970
775.000000	80.626	120.7788
788.000000	80.595	98.0862
800.000000	80.572	77.2698
812.000000	80.549	56.4653
825.000000	80.521	33.8997
838.000000	80.502	11.4082
850.000000	80.489	-9.1506
862.000000	80.480	-29.5466
875.000000	80.478	-51.4458
885.000000	80.480	-68.1675
900.000000	80.492	-93.0967
912.000000	80.506	-112.9365
925.000000	80.527	-134.3167
938.000000	80.554	-155.5461
950.000000	80.585	-175.0010
962.000000	80.623	165.6846
975.000000	80.670	144.8979
988.000000	80.725	124.2312
1000.000000	80.782	105.2410
1015.000000	80.857	81.6240
1030.000000	80.939	58.1162
1044.000000	81.022	36.2810
1060.000000	81.126	11.5005
1075.000000	81.232	-11.5469
1090.000000	81.342	-34.4504
1106.000000	81.464	-58.7654
1120.000000	81.573	-79.9553
1138.000000	81.716	-107.1033
1150.000000	81.814	-125.1274
1172.000000	81.996	-157.9849
1180.000000	82.064	-169.8657
1206.000000	82.288	151.8228
1220.000000	82.409	131.3398
1241.000000	82.589	100.7588
1250.000000	82.663	87.7122
1265.000000	82.786	66.1038
1280.000000	82.914	44.7505
1315.000000	83.208	-4.1670
1320.000000	83.249	-11.0859
1340.000000	83.408	-38.6128
1360.000000	83.563	-65.9280
1380.000000	83.712	-93.0662
1400.000000	83.853	-120.0688
1430.000000	84.055	-160.2710
1450.000000	84.181	173.1763
1475.000000	84.329	140.3108
1500.000000	84.469	107.8699
1525.000000	84.599	75.8020
1550.000000	84.722	44.0483
1575.000000	84.836	12.5752
1600.000000	84.950	-18.6055
1625.000000	85.065	-49.4277
1650.000000	85.190	-79.8848
1675.000000	85.324	-110.0042
1700.000000	85.459	-139.8584
1725.000000	85.585	-169.5061
1750.000000	85.696	161.0383
1775.000000	85.794	131.8105
1800.000000	85.883	102.8870
1825.000000	85.969	74.3208
1850.000000	86.055	46.1294
1875.000000	86.139	18.2837
1900.000000	86.223	-9.2534
1925.000000	86.310	-36.5210
1950.000000	86.403	-63.5740
1975.000000	86.506	-90.4414
2000.000000	86.617	-117.1108
2030.000000	86.750	-148.8120
2060.000000	86.878	179.8777
2090.000000	86.997	148.9639
2120.000000	87.109	118.3982
2140.000000	87.182	98.1904
2180.000000	87.327	58.1216
2200.000000	87.401	38.2671
2240.000000	87.555	-1.0190
2270.000000	87.673	-30.0942
2300.000000	87.793	-58.8066
2330.000000	87.910	-87.2002
2360.000000	88.024	-115.3271
2400.000000	88.171	-152.4854
2430.000000	88.276	179.8506
2470.000000	88.407	143.3154
2500.000000	88.500	116.2056
2540.000000	88.612	80.3867
2580.000000	88.704	44.8418
2620.000000	88.783	9.6812
2650.000000	88.836	-16.4058
2690.000000	88.895	-50.8789
2720.000000	88.932	-76.4995
2760.000000	88.973	-110.2793
2800.000000	89.004	-143.5713
2850.000000	89.030	175.5894
2900.000000	89.033	135.5254
2950.000000	89.009	96.1030
3000.000000	88.949	57.2256
3040.000000	88.875	26.5586
3070.000000	88.805	3.8789
3110.000000	88.697	-25.8882
3150.000000	88.577	-55.0586
3200.000000	88.427	-90.6099
3250.000000	88.284	-125.2808
3300.000000	88.152	-159.2539
3350.000000	88.026	167.3110
3400.000000	87.900	134.3604
3450.000000	87.769	102.0049
3500.000000	87.629	70.3457
3550.000000	87.485	39.5049
3600.000000	87.341	9.4609
3650.000000	87.199	-19.9160
3700.000000	87.064	-48.7173
3750.000000	86.934	-77.0508
3820.000000	86.768	-115.8936
3870.000000	86.657	-142.9507
3950.000000	86.488	175.2456
4000.000000	86.396	150.3091
4060.000000	86.298	121.5181
4120.000000	86.209	93.5039
4180.000000	86.125	66.0088
4250.000000	86.032	34.6543
4310.000000	85.952	8.5391
4370.000000	85.866	-16.7393
4440.000000	85.762	-45.0742
4500.000000	85.674	-68.4658
4550.000000	85.607	-87.3936
4620.000000	85.532	-113.1855
4680.000000	85.488	-134.7305
4750.000000	85.465	-159.1313
4820.000000	85.468	177.3447
4870.000000	85.487	161.1406
4940.000000	85.540	139.2891
5000.000000	85.608	121.2002
5080.000000	85.727	97.7988
5150.000000	85.853	77.8037
5220.000000	85.994	58.1836
5300.000000	86.165	36.3374
5380.000000	86.330	15.2070
5450.000000	86.456	-2.5713
5520.000000	86.551	-19.6924
5600.000000	86.605	-38.5459
5700.000000	86.574	-61.0820
5800.000000	86.429	-82.3867
5900.000000	86.228	-102.0630
6000.000000	85.996	-119.9722
6080.000000	85.785	-132.8599
6150.000000	85.583	-143.0762
6220.000000	85.374	-152.3804
6300.000000	85.137	-161.9971
6400.000000	84.856	-172.7271
6500.000000	84.610	177.9131
6600.000000	84.414	170.0498
6700.000000	84.276	163.7148
6800.000000	84.206	158.9966
6900.000000	84.207	155.7998
7000.000000	84.276	153.8037
7100.000000	84.415	152.7129
7200.000000	84.619	152.2407
7300.000000	84.889	152.3594
7400.000000	85.222	153.1333
7500.000000	85.612	154.5654
7620.000000	86.144	157.0498
7750.000000	86.745	159.9463
7880.000000	87.244	162.2295
8000.000000	87.448	163.6094
8120.000000	87.279	165.1670
8250.000000	86.655	168.7969
8380.000000	85.682	175.9395
8500.000000	84.623	-173.7163
8620.000000	83.516	-160.0771
8750.000000	82.331	-142.2173
8850.000000	81.453	-126.6719
9000.000000	80.212	-100.9209
9120.000000	79.294	-78.2671
9250.000000	78.377	-51.6636
9380.000000	77.538	-22.8140
9500.000000	76.829	5.7842
9620.000000	76.179	35.9824
9750.000000	75.536	70.2510
9880.000000	74.950	105.8145
10000.000000	74.455	139.6191
10150.000000	73.893	-176.5693
10300.000000	73.385	-130.8096
10440.000000	72.957	-85.9980
10600.000000	72.530	-32.1533
10750.000000	72.195	20.4990
10900.000000	71.928	74.9268
11060.000000	71.715	134.3135
11200.000000	71.584	-172.6426
11380.000000	71.486	-102.5571
11500.000000	71.464	-54.5117
11720.000000	71.514	37.1406
11800.000000	71.561	71.4927
12060.000000	71.819	-173.7109
12200.000000	72.039	-109.9614
12410.000000	72.500	-12.9902
12500.000000	72.747	29.1484
12650.000000	73.222	100.2969
12800.000000	73.779	172.6826
13150.000000	75.484	-11.3599
13200.000000	75.788	14.6025
13400.000000	77.210	119.9766
13600.000000	79.031	-131.8115
13800.000000	81.230	-23.2979
14000.000000	83.429	73.1577
14300.000000	84.973	178.6470
14500.000000	84.015	-115.3457
14750.000000	81.193	-3.0774
15000.000000	77.968	149.5469
15250.000000	75.200	-51.3193
15500.000000	73.004	108.1753
15750.000000	71.257	-89.1289
16000.000000	69.841	76.1853
16250.000000	68.702	-112.6492
16500.000000	67.821	63.0996
16750.000000	67.201	-118.7246
17000.000000	66.879	65.0596
17250.000000	66.908	-112.9509
17500.000000	67.278	73.1783
17750.000000	67.733	-96.9045
18000.000000	67.620	58.3683
18250.000000	66.123	177.2460
18500.000000	62.904	-62.8273
18750.000000	58.258	156.9888
19000.000000	52.627	-20.6587
19250.000000	47.603	121.6100
19500.000000	47.281	-70.7251
19750.000000	49.229	86.3486
20000.000000	50.281	-41.2646
