* Measurement data measured by REW V5.31.3
* Source: Microphone (JadeAudio JA11), MICROPHONE (Master Volume), R, volume: 0.250
* Format: 512k Log Swept Sine, 1 sweep at 0.0 dBFS with no timing reference
* Dated: Apr 23, 2025 7:13:20 PM
* REW Settings:
*  C-weighting compensation: Off
*  Target level: 75.0 dB
* Note: 
* Measurement: R Moca (Standard, Nuarl 7)
* Smoothing: 1/24 octave
* Frequency Step: 1/48 octave
* Start Frequency: 20.300 Hz
*
* Freq(Hz)	SPL(dB)	Phase(degrees)
20.299999	90.491	-99.7871
20.600000	90.468	-101.7931
20.900000	90.440	-103.9639
21.200001	90.411	-106.1265
21.400000	90.393	-107.5534
21.799999	90.359	-110.3685
22.000000	90.343	-111.7579
22.400000	90.308	-114.5059
22.700001	90.281	-116.5448
23.000000	90.252	-118.5674
23.299999	90.222	-120.5735
23.600000	90.193	-122.5620
24.000000	90.156	-125.1831
24.299999	90.128	-127.1257
24.700001	90.091	-129.6872
25.000000	90.062	-131.5893
25.400000	90.021	-134.1036
25.799999	89.980	-136.5943
26.200001	89.938	-139.0597
26.500000	89.908	-140.8898
26.900000	89.868	-143.3023
27.200001	89.839	-145.0913
27.600000	89.800	-147.4533
28.000000	89.762	-149.7955
28.500000	89.714	-152.7040
29.000000	89.666	-155.5901
29.500000	89.617	-158.4433
30.000000	89.568	-161.2580
30.400000	89.531	-163.4868
30.700001	89.503	-165.1495
31.100000	89.468	-167.3587
31.500000	89.433	-169.5588
32.000000	89.389	-172.2891
32.500000	89.344	-174.9872
33.000000	89.299	-177.6483
33.500000	89.254	179.7222
34.000000	89.209	177.1127
34.500000	89.163	174.5143
35.000000	89.118	171.9290
35.500000	89.079	169.3666
36.000000	89.043	166.8335
36.500000	89.009	164.3252
37.000000	88.975	161.8313
37.500000	88.939	159.3457
38.200001	88.886	155.8800
38.700001	88.846	153.4168
39.500000	88.781	149.5107
40.000000	88.746	147.0992
40.599998	88.707	144.2264
41.200001	88.666	141.3578
41.799999	88.623	138.4997
42.500000	88.575	135.2082
43.099998	88.537	132.4184
43.700001	88.501	129.6400
44.400002	88.462	126.4283
45.000000	88.431	123.7090
45.500000	88.404	121.4412
46.200001	88.364	118.2275
46.799999	88.329	115.4608
47.500000	88.292	112.2759
48.200001	88.255	109.1370
48.700001	88.228	106.9041
49.400002	88.191	103.7849
50.000000	88.160	101.1222
50.799999	88.122	97.5794
51.500000	88.090	94.4890
52.200001	88.058	91.4284
53.000000	88.023	87.9486
53.799999	87.989	84.4562
54.500000	87.961	81.4193
55.200001	87.932	78.4024
56.000000	87.897	74.9592
57.000000	87.855	70.6990
58.000000	87.812	66.4258
59.000000	87.766	62.5161
60.000000	87.717	58.8243
60.799999	87.691	55.2578
61.500000	87.680	51.8995
62.200001	87.664	48.7718
63.000000	87.638	45.4399
64.000000	87.607	41.2757
65.000000	87.573	37.1499
66.000000	87.540	33.0336
67.000000	87.508	28.9394
68.000000	87.475	24.8674
69.000000	87.443	20.7966
70.000000	87.411	16.7421
71.000000	87.380	12.7023
72.000000	87.348	8.6658
73.000000	87.318	4.6205
74.000000	87.292	0.5822
75.000000	87.265	-3.4269
76.199997	87.232	-8.2087
77.500000	87.194	-13.3897
78.800003	87.151	-18.5762
80.000000	87.112	-23.3610
81.199997	87.076	-28.1117
82.500000	87.038	-33.2241
83.800003	86.998	-38.3114
85.000000	86.962	-42.9960
86.199997	86.926	-47.6637
87.500000	86.890	-52.7167
88.500000	86.862	-56.5985
90.000000	86.815	-62.3864
91.199997	86.775	-66.9913
92.500000	86.731	-71.9932
93.800003	86.691	-76.9669
95.000000	86.655	-81.4985
96.199997	86.616	-86.0426
97.500000	86.577	-90.9944
98.800003	86.540	-95.8967
100.000000	86.501	-100.3972
101.500000	86.449	-106.0153
103.000000	86.399	-111.6008
104.400002	86.354	-116.8042
106.000000	86.302	-122.7333
107.500000	86.255	-128.2613
109.000000	86.207	-133.7736
110.599998	86.150	-139.6072
112.000000	86.097	-144.6761
113.800003	86.027	-151.1967
115.000000	85.984	-155.5542
117.199997	85.913	-163.4473
118.000000	85.886	-166.2924
120.599998	85.801	-175.4803
122.000000	85.752	179.6221
124.099998	85.675	172.3120
125.000000	85.641	169.1790
126.500000	85.583	163.9543
128.000000	85.527	158.7453
131.500000	85.401	146.7098
132.000000	85.382	144.9997
134.000000	85.309	138.1800
136.000000	85.238	131.4263
138.000000	85.163	124.7160
140.000000	85.080	117.9914
143.000000	84.963	107.9532
145.000000	84.883	101.3665
147.500000	84.782	93.1938
150.000000	84.679	85.0446
152.500000	84.569	76.9664
155.000000	84.464	68.9824
157.500000	84.373	61.0494
160.000000	84.286	53.1400
162.500000	84.207	45.3167
165.000000	84.129	37.5045
167.500000	84.046	29.6870
170.000000	83.959	21.8804
172.500000	83.870	14.1343
175.000000	83.775	6.4553
177.500000	83.683	-1.1190
180.000000	83.598	-8.5898
182.500000	83.516	-16.0377
185.000000	83.434	-23.5081
187.500000	83.354	-31.0160
190.000000	83.272	-38.4705
192.500000	83.189	-45.8394
195.000000	83.104	-53.1411
197.500000	83.019	-60.3690
200.000000	82.935	-67.5294
203.000000	82.843	-76.0133
206.000000	82.767	-84.4239
209.000000	82.700	-92.8367
212.000000	82.637	-101.3099
214.000000	82.605	-106.9385
218.000000	82.531	-118.1056
220.000000	82.488	-123.6994
224.000000	82.402	-134.7498
227.000000	82.341	-142.9601
230.000000	82.287	-151.1725
233.000000	82.241	-159.3898
236.000000	82.191	-167.5975
240.000000	82.117	-178.5142
243.000000	82.070	173.3835
247.000000	82.020	162.6658
250.000000	81.984	154.6497
254.000000	81.943	143.9795
258.000000	81.907	133.3538
262.000000	81.869	122.7832
265.000000	81.841	114.9246
269.000000	81.810	104.4915
272.000000	81.795	96.6625
276.000000	81.787	86.2206
280.000000	81.786	75.7969
285.000000	81.780	62.8228
290.000000	81.774	49.8792
295.000000	81.771	36.9717
300.000000	81.768	24.0613
304.000000	81.766	13.7600
307.000000	81.763	6.0852
311.000000	81.762	-4.0771
315.000000	81.766	-14.2217
320.000000	81.772	-26.8848
325.000000	81.777	-39.5231
330.000000	81.782	-52.1415
335.000000	81.789	-64.7212
340.000000	81.798	-77.2285
345.000000	81.810	-89.6873
350.000000	81.820	-102.0886
355.000000	81.824	-114.4751
360.000000	81.826	-126.8416
365.000000	81.830	-139.1536
370.000000	81.836	-151.3901
375.000000	81.840	-163.5498
382.000000	81.845	179.5398
387.000000	81.848	167.5190
395.000000	81.847	148.3547
400.000000	81.843	136.4417
406.000000	81.836	122.1967
412.000000	81.829	108.0405
418.000000	81.823	93.9705
425.000000	81.808	77.6479
431.000000	81.794	63.7446
437.000000	81.779	49.9122
444.000000	81.758	33.8685
450.000000	81.738	20.1788
455.000000	81.722	8.8271
462.000000	81.701	-6.9453
468.000000	81.684	-20.3687
475.000000	81.667	-35.9307
482.000000	81.652	-51.3944
487.000000	81.643	-62.3916
494.000000	81.632	-77.7335
500.000000	81.624	-90.8336
508.000000	81.615	-108.1974
515.000000	81.610	-123.2959
522.000000	81.608	-138.3247
530.000000	81.606	-155.3885
538.000000	81.602	-172.3688
545.000000	81.598	172.8311
552.000000	81.591	158.0808
560.000000	81.582	141.3116
570.000000	81.575	120.5529
580.000000	81.579	99.9879
590.000000	81.593	79.5012
600.000000	81.605	59.0552
608.000000	81.607	42.7594
615.000000	81.603	28.5470
622.000000	81.596	14.3984
630.000000	81.588	-1.6663
640.000000	81.575	-21.5890
650.000000	81.561	-41.3516
660.000000	81.543	-60.9744
670.000000	81.520	-80.4822
680.000000	81.497	-99.8760
690.000000	81.473	-119.1428
700.000000	81.447	-138.2549
710.000000	81.422	-157.2207
720.000000	81.397	-176.0278
730.000000	81.374	165.2915
740.000000	81.350	146.6802
750.000000	81.320	128.1260
762.000000	81.285	105.9309
775.000000	81.250	82.0928
788.000000	81.218	58.5059
800.000000	81.195	36.9666
812.000000	81.174	15.6018
825.000000	81.151	-7.3892
838.000000	81.129	-30.2246
850.000000	81.116	-51.1528
862.000000	81.108	-71.9023
875.000000	81.106	-94.1736
885.000000	81.110	-111.1655
900.000000	81.120	-136.4587
912.000000	81.133	-156.5398
925.000000	81.154	-178.1663
938.000000	81.179	160.3079
950.000000	81.208	140.5554
962.000000	81.243	120.9417
975.000000	81.289	99.8770
988.000000	81.340	78.9746
1000.000000	81.393	59.7996
1015.000000	81.467	35.9397
1030.000000	81.548	12.2019
1044.000000	81.629	-9.8530
1060.000000	81.728	-34.9172
1075.000000	81.827	-58.2449
1090.000000	81.933	-81.4028
1106.000000	82.051	-105.9202
1120.000000	82.157	-127.2595
1138.000000	82.294	-154.5608
1150.000000	82.385	-172.6609
1172.000000	82.564	154.4553
1180.000000	82.630	142.6060
1206.000000	82.844	104.3982
1220.000000	82.961	84.0171
1241.000000	83.136	53.6599
1250.000000	83.210	40.7144
1265.000000	83.332	19.2063
1280.000000	83.451	-2.2302
1315.000000	83.721	-51.8713
1320.000000	83.759	-58.9077
1340.000000	83.907	-86.8967
1360.000000	84.054	-114.6245
1380.000000	84.195	-142.1228
1400.000000	84.329	-169.4453
1430.000000	84.517	149.8765
1450.000000	84.635	122.9951
1475.000000	84.775	89.7346
1500.000000	84.909	56.9155
1525.000000	85.034	24.5034
1550.000000	85.154	-7.5864
1575.000000	85.270	-39.3948
1600.000000	85.385	-70.9275
1625.000000	85.503	-102.1233
1650.000000	85.628	-132.9722
1675.000000	85.757	-163.4783
1700.000000	85.881	166.2915
1725.000000	85.994	136.2959
1750.000000	86.091	106.5288
1775.000000	86.176	77.0112
1800.000000	86.255	47.8110
1825.000000	86.331	18.9668
1850.000000	86.408	-9.4976
1875.000000	86.483	-37.5869
1900.000000	86.560	-65.3677
1925.000000	86.642	-92.8765
1950.000000	86.729	-120.1748
1975.000000	86.822	-147.2905
2000.000000	86.917	-174.1982
2030.000000	87.030	153.8459
2060.000000	87.140	122.3391
2090.000000	87.244	91.2673
2120.000000	87.345	60.5540
2140.000000	87.413	40.2544
2180.000000	87.552	-0.0059
2200.000000	87.625	-19.9653
2240.000000	87.775	-59.4849
2270.000000	87.892	-88.7461
2300.000000	88.009	-117.7192
2330.000000	88.121	-146.5552
2360.000000	88.229	-175.2949
2400.000000	88.368	146.6470
2430.000000	88.467	118.3340
2470.000000	88.594	80.9878
2500.000000	88.682	53.3252
2540.000000	88.790	16.9780
2580.000000	88.883	-18.8076
2620.000000	88.963	-54.1201
2650.000000	89.014	-80.3354
2690.000000	89.069	-114.9966
2720.000000	89.104	-140.7334
2760.000000	89.143	-174.6279
2800.000000	89.171	152.0278
2850.000000	89.193	111.1685
2900.000000	89.191	71.0615
2950.000000	89.160	31.5635
3000.000000	89.092	-7.4038
3040.000000	89.012	-38.0801
3070.000000	88.938	-60.7354
3110.000000	88.826	-90.4106
3150.000000	88.707	-119.4067
3200.000000	88.556	-154.7759
3250.000000	88.412	170.6602
3300.000000	88.280	136.7197
3350.000000	88.159	103.2744
3400.000000	88.042	70.4102
3450.000000	87.918	38.2236
3500.000000	87.786	6.8311
3550.000000	87.644	-23.7568
3600.000000	87.493	-53.5449
3650.000000	87.343	-82.3945
3700.000000	87.196	-110.4009
3750.000000	87.053	-137.7681
3820.000000	86.867	-175.0107
3870.000000	86.746	159.2158
3950.000000	86.572	119.4541
4000.000000	86.475	95.3574
4060.000000	86.370	67.0244
4120.000000	86.275	39.2500
4180.000000	86.188	12.1504
4250.000000	86.091	-18.4912
4310.000000	86.007	-43.7866
4370.000000	85.918	-68.2104
4440.000000	85.808	-95.7236
4500.000000	85.714	-118.5430
4550.000000	85.643	-137.1040
4620.000000	85.565	-162.3403
4680.000000	85.521	176.7881
4750.000000	85.497	153.3843
4820.000000	85.502	131.0605
4870.000000	85.520	115.6904
4940.000000	85.569	94.8379
5000.000000	85.633	77.4653
5080.000000	85.747	54.8228
5150.000000	85.871	35.5400
5220.000000	86.012	16.8467
5300.000000	86.182	-3.6914
5380.000000	86.349	-23.3013
5450.000000	86.474	-39.8428
5520.000000	86.566	-55.8911
5600.000000	86.616	-73.7061
5700.000000	86.573	-95.0977
5800.000000	86.423	-114.9248
5900.000000	86.221	-132.7744
6000.000000	85.991	-148.5879
6080.000000	85.775	-159.8940
6150.000000	85.566	-168.8643
6220.000000	85.349	-177.0522
6300.000000	85.101	174.4756
6400.000000	84.810	165.3340
6500.000000	84.557	157.9868
6600.000000	84.359	152.5542
6700.000000	84.220	148.7944
6800.000000	84.145	146.3960
6900.000000	84.139	145.0342
7000.000000	84.201	144.5264
7100.000000	84.331	144.9375
7200.000000	84.529	146.1182
7300.000000	84.792	147.7505
7400.000000	85.118	149.8184
7500.000000	85.504	152.3677
7620.000000	86.036	155.7412
7750.000000	86.651	158.9927
7880.000000	87.188	161.4517
8000.000000	87.453	163.2964
8120.000000	87.361	165.7505
8250.000000	86.814	170.5571
8380.000000	85.894	178.6733
8500.000000	84.854	-170.5874
8620.000000	83.745	-157.0737
8750.000000	82.543	-139.5239
8850.000000	81.650	-124.0146
9000.000000	80.390	-97.5728
9120.000000	79.462	-73.7158
9250.000000	78.536	-45.5786
9380.000000	77.689	-15.4561
9500.000000	76.974	13.7524
9620.000000	76.316	44.0459
9750.000000	75.664	78.2192
9880.000000	75.073	113.9521
10000.000000	74.574	148.4570
10150.000000	74.010	-166.0825
10300.000000	73.501	-118.3506
10440.000000	73.073	-72.0938
10600.000000	72.643	-17.7036
10750.000000	72.308	34.9009
10900.000000	72.041	89.2539
11060.000000	71.827	149.3188
11200.000000	71.694	-156.1245
11380.000000	71.593	-82.7310
11500.000000	71.574	-31.2319
11720.000000	71.627	66.0522
11800.000000	71.672	101.8652
12060.000000	71.923	-139.1367
12200.000000	72.136	-73.0264
12410.000000	72.587	29.7715
12500.000000	72.833	75.1011
12650.000000	73.312	151.6333
12800.000000	73.877	-130.5469
13150.000000	75.597	54.9443
13200.000000	75.902	81.7856
13400.000000	77.331	-169.1675
13600.000000	79.161	-57.6660
13800.000000	81.361	57.1782
14000.000000	83.534	161.0127
14300.000000	84.967	-85.9844
14500.000000	83.934	-14.3418
14750.000000	81.065	105.8330
15000.000000	77.842	-94.7258
15250.000000	75.092	68.5061
15500.000000	72.916	-122.0376
15750.000000	71.180	50.6584
16000.000000	69.772	-132.8188
16250.000000	68.639	46.7400
16500.000000	67.768	-133.0623
16750.000000	67.162	52.1177
17000.000000	66.856	-121.7593
17250.000000	66.903	74.2261
17500.000000	67.272	-91.9838
17750.000000	67.691	112.1755
18000.000000	67.502	-88.0017
18250.000000	65.923	35.4484
18500.000000	62.657	162.9714
18750.000000	58.004	37.0402
19000.000000	52.421	-141.3269
19250.000000	47.571	15.9608
19500.000000	47.368	-171.6161
19750.000000	49.301	-8.6236
20000.000000	50.353	-110.4745
