* Measurement data measured by REW V5.31.3
* Source: Microphone (JadeAudio JA11), MICROPHONE (Master Volume), L, volume: 1.000
* Format: 512k Log Swept Sine, 1 sweep at -14.9 dBFS with no timing reference
* Dated: Jun 13, 2026 1:01:34 AM
* REW Settings:
*  C-weighting compensation: Off
*  Target level: 75.0 dB
* Note: 
* Measurement: R Pudding (ANC, Reference)
* Smoothing: 1/24 octave
* Frequency Step: 1/48 octave
* Start Frequency: 20.300 Hz
*
* Freq(Hz)	SPL(dB)	Phase(degrees)
20.299999	91.306	134.0956
20.600000	91.348	131.2734
20.900000	91.401	128.1916
21.200001	91.454	125.1124
21.400000	91.486	123.0794
21.799999	91.535	119.0475
22.000000	91.554	117.0339
22.400000	91.587	112.9737
22.700001	91.613	109.8829
23.000000	91.646	106.7536
23.299999	91.681	103.5966
23.600000	91.716	100.4252
24.000000	91.755	96.1913
24.299999	91.777	93.0195
24.700001	91.800	88.8036
25.000000	91.817	85.6569
25.400000	91.845	81.4864
25.799999	91.877	77.3390
26.200001	91.909	73.1967
26.500000	91.930	70.0806
26.900000	91.953	65.9028
27.200001	91.967	62.7519
27.600000	91.982	58.5351
28.000000	91.996	54.3145
28.500000	92.010	49.0579
29.000000	92.019	43.8455
29.500000	92.027	38.6837
30.000000	92.036	33.5512
30.400000	92.046	29.4425
30.700001	92.053	26.3513
31.100000	92.059	22.2189
31.500000	92.057	18.0871
32.000000	92.044	12.9473
32.500000	92.024	7.8492
33.000000	92.009	2.7899
33.500000	92.002	-2.2378
34.000000	91.996	-7.2347
34.500000	91.983	-12.2003
35.000000	91.960	-17.1392
35.500000	91.930	-22.0648
36.000000	91.899	-26.9974
36.500000	91.872	-31.9531
37.000000	91.852	-36.9229
37.500000	91.838	-41.8645
38.200001	91.811	-48.6485
38.700001	91.777	-53.3967
39.500000	91.709	-60.9484
40.000000	91.675	-65.6778
40.599998	91.644	-71.3229
41.200001	91.609	-76.9080
41.799999	91.563	-82.4857
42.500000	91.509	-89.0295
43.099998	91.468	-94.5794
43.700001	91.426	-100.0147
44.400002	91.370	-106.3615
45.000000	91.324	-111.9405
45.500000	91.287	-116.6197
46.200001	91.230	-123.0057
46.799999	91.175	-128.3269
47.500000	91.123	-134.5362
48.200001	91.089	-140.7547
48.700001	91.060	-145.1469
49.400002	90.999	-151.2852
50.000000	90.938	-156.6133
50.799999	90.859	-163.6965
51.500000	90.787	-169.7547
52.200001	90.720	-175.7767
53.000000	90.668	177.3355
53.799999	90.617	170.5610
54.500000	90.553	164.6719
55.200001	90.492	158.7371
56.000000	90.437	151.9637
57.000000	90.363	143.5237
58.000000	90.294	135.0842
59.000000	90.226	126.7624
60.000000	90.151	118.5293
60.799999	90.090	111.9795
61.500000	90.038	106.2255
62.200001	89.992	100.4481
63.000000	89.941	93.8593
64.000000	89.869	85.6793
65.000000	89.784	77.6272
66.000000	89.704	69.6457
67.000000	89.639	61.6640
68.000000	89.560	53.7288
69.000000	89.467	45.8689
70.000000	89.385	38.0535
71.000000	89.314	30.1488
72.000000	89.242	22.2629
73.000000	89.161	14.4937
74.000000	89.077	6.7269
75.000000	89.005	-1.0323
76.199997	88.934	-10.3350
77.500000	88.843	-20.2999
78.800003	88.746	-30.1086
80.000000	88.654	-39.2521
81.199997	88.565	-48.3500
82.500000	88.487	-58.1151
83.800003	88.409	-67.8437
85.000000	88.317	-76.7521
86.199997	88.218	-85.5417
87.500000	88.111	-95.0801
88.500000	88.036	-102.4982
90.000000	87.940	-113.5389
91.199997	87.857	-122.3565
92.500000	87.758	-131.8064
93.800003	87.664	-141.1342
95.000000	87.591	-149.6594
96.199997	87.519	-158.1620
97.500000	87.443	-167.4830
98.800003	87.369	-176.7978
100.000000	87.287	174.7057
101.500000	87.169	164.0532
103.000000	87.058	153.5174
104.400002	86.974	143.8582
106.000000	86.871	132.9144
107.500000	86.761	122.5648
109.000000	86.670	112.2369
110.599998	86.572	101.3619
112.000000	86.479	91.8207
113.800003	86.356	79.6195
115.000000	86.276	71.5585
117.199997	86.148	56.8757
118.000000	86.103	51.5217
120.599998	85.952	34.2534
122.000000	85.871	25.0764
124.099998	85.756	11.1142
125.000000	85.720	5.1415
126.500000	85.654	-4.6460
128.000000	85.564	-14.3592
131.500000	85.367	-36.9011
132.000000	85.341	-40.0501
134.000000	85.238	-52.7225
136.000000	85.130	-65.4562
138.000000	85.034	-78.1367
140.000000	84.961	-90.6403
143.000000	84.829	-109.3914
145.000000	84.740	-121.9320
147.500000	84.623	-137.3350
150.000000	84.512	-152.5657
152.500000	84.395	-167.8335
155.000000	84.295	176.9468
157.500000	84.216	161.7156
160.000000	84.140	146.4236
162.500000	84.076	131.3010
165.000000	84.019	116.5303
167.500000	83.949	101.7953
170.000000	83.863	86.9717
172.500000	83.787	72.2574
175.000000	83.721	57.5895
177.500000	83.667	42.9904
180.000000	83.630	28.5270
182.500000	83.592	14.0201
185.000000	83.541	-0.5880
187.500000	83.485	-15.0536
190.000000	83.449	-29.3302
192.500000	83.421	-43.5465
195.000000	83.382	-57.7561
197.500000	83.337	-72.0034
200.000000	83.298	-86.2808
203.000000	83.264	-103.1102
206.000000	83.265	-119.9231
209.000000	83.280	-136.7631
212.000000	83.261	-153.4489
214.000000	83.236	-164.6315
218.000000	83.203	173.3041
220.000000	83.192	162.4093
224.000000	83.194	140.4777
227.000000	83.211	123.9404
230.000000	83.234	107.5525
233.000000	83.251	91.2045
236.000000	83.249	75.0067
240.000000	83.248	53.5442
243.000000	83.270	37.3931
247.000000	83.306	15.8889
250.000000	83.327	-0.1569
254.000000	83.336	-21.4141
258.000000	83.348	-42.6516
262.000000	83.377	-63.7876
265.000000	83.400	-79.5361
269.000000	83.431	-100.5016
272.000000	83.459	-116.1785
276.000000	83.492	-136.9312
280.000000	83.521	-157.6490
285.000000	83.554	176.5554
290.000000	83.594	150.9031
295.000000	83.637	125.3181
300.000000	83.698	99.8221
304.000000	83.750	79.6207
307.000000	83.794	64.5306
311.000000	83.857	44.3594
315.000000	83.915	24.2600
320.000000	83.976	-0.8477
325.000000	84.028	-25.9412
330.000000	84.107	-50.6996
335.000000	84.182	-75.3604
340.000000	84.242	-100.1760
345.000000	84.303	-124.8313
350.000000	84.365	-149.1497
355.000000	84.443	-173.3013
360.000000	84.525	162.4780
365.000000	84.605	138.3049
370.000000	84.658	114.3677
375.000000	84.688	90.3652
382.000000	84.767	56.7178
387.000000	84.846	32.8250
395.000000	84.952	-4.9331
400.000000	84.988	-28.4573
406.000000	85.026	-56.5151
412.000000	85.062	-84.2949
418.000000	85.095	-111.9841
425.000000	85.144	-144.4937
431.000000	85.203	-172.1162
437.000000	85.237	160.5259
444.000000	85.279	128.7361
450.000000	85.327	101.4329
455.000000	85.377	78.8499
462.000000	85.406	47.5112
468.000000	85.411	20.7812
475.000000	85.412	-10.0828
482.000000	85.406	-41.0403
487.000000	85.404	-63.0554
494.000000	85.426	-93.6897
500.000000	85.459	-119.6641
508.000000	85.478	-153.9707
515.000000	85.463	175.9167
522.000000	85.448	145.8237
530.000000	85.454	111.7410
538.000000	85.465	78.0081
545.000000	85.461	48.6445
552.000000	85.445	19.4897
560.000000	85.423	-13.7327
570.000000	85.390	-54.9771
580.000000	85.330	-95.9514
590.000000	85.288	-136.5249
600.000000	85.255	-176.5591
608.000000	85.209	151.6611
615.000000	85.161	123.9797
622.000000	85.114	96.4565
630.000000	85.077	65.1626
640.000000	85.053	26.2971
650.000000	85.019	-12.5554
660.000000	84.994	-51.0168
670.000000	84.981	-88.8596
680.000000	84.971	-126.5457
690.000000	84.935	-164.1204
700.000000	84.890	158.4077
710.000000	84.848	121.2073
720.000000	84.806	84.5535
730.000000	84.783	47.7805
740.000000	84.766	11.1802
750.000000	84.734	-24.8762
762.000000	84.682	-67.8276
775.000000	84.616	-113.9868
788.000000	84.556	-159.8523
800.000000	84.525	158.1008
812.000000	84.505	116.6023
825.000000	84.463	71.9854
838.000000	84.417	27.5776
850.000000	84.379	-12.9268
862.000000	84.341	-53.1128
875.000000	84.301	-96.4536
885.000000	84.271	-129.6562
900.000000	84.217	-178.9678
912.000000	84.181	141.9961
925.000000	84.168	100.0488
938.000000	84.147	58.4150
950.000000	84.140	20.1343
962.000000	84.147	-17.6963
975.000000	84.142	-58.4658
988.000000	84.129	-99.1670
1000.000000	84.130	-136.3623
1015.000000	84.145	177.7534
1030.000000	84.152	132.2388
1044.000000	84.153	89.8130
1060.000000	84.171	41.9346
1075.000000	84.195	-2.5537
1090.000000	84.218	-46.7212
1106.000000	84.259	-93.6392
1120.000000	84.312	-134.4883
1138.000000	84.381	173.4805
1150.000000	84.420	139.0923
1172.000000	84.490	76.4282
1180.000000	84.523	53.8711
1206.000000	84.618	-18.9097
1220.000000	84.675	-57.8447
1241.000000	84.770	-115.6011
1250.000000	84.808	-140.1392
1265.000000	84.862	179.1353
1280.000000	84.918	138.4717
1315.000000	85.065	44.7939
1320.000000	85.084	31.5562
1340.000000	85.157	-21.0186
1360.000000	85.218	-73.0566
1380.000000	85.280	-124.7021
1400.000000	85.353	-175.8135
1430.000000	85.462	108.6670
1450.000000	85.527	58.7935
1475.000000	85.606	-2.9097
1500.000000	85.660	-64.0127
1525.000000	85.722	-124.5117
1550.000000	85.807	175.8496
1575.000000	85.898	116.9790
1600.000000	85.975	58.8281
1625.000000	86.056	1.1040
1650.000000	86.155	-55.8335
1675.000000	86.257	-111.7241
1700.000000	86.357	-167.3574
1725.000000	86.456	137.3975
1750.000000	86.553	82.9233
1775.000000	86.665	29.1504
1800.000000	86.782	-23.9551
1825.000000	86.897	-76.4531
1850.000000	87.008	-128.5010
1875.000000	87.122	-179.9829
1900.000000	87.245	129.0918
1925.000000	87.376	78.7207
1950.000000	87.506	28.8574
1975.000000	87.646	-20.6685
2000.000000	87.789	-69.5474
2030.000000	87.942	-127.3906
2060.000000	88.112	175.1182
2090.000000	88.295	118.6851
2120.000000	88.456	63.0708
2140.000000	88.569	26.3369
2180.000000	88.803	-46.2007
2200.000000	88.917	-82.0835
2240.000000	89.150	-153.1187
2270.000000	89.344	154.4858
2300.000000	89.558	102.7456
2330.000000	89.781	51.7930
2360.000000	89.986	1.3574
2400.000000	90.268	-65.1826
2430.000000	90.493	-114.3140
2470.000000	90.803	-179.0825
2500.000000	91.043	132.9707
2540.000000	91.360	69.7290
2580.000000	91.683	7.1655
2620.000000	92.013	-54.5249
2650.000000	92.263	-100.1543
2690.000000	92.596	-160.2666
2720.000000	92.842	155.0850
2760.000000	93.158	96.0332
2800.000000	93.456	37.9639
2850.000000	93.765	-33.1172
2900.000000	94.004	-103.4062
2950.000000	94.190	-172.3086
3000.000000	94.297	120.4512
3040.000000	94.322	67.6250
3070.000000	94.318	28.4131
3110.000000	94.298	-22.8994
3150.000000	94.270	-72.9785
3200.000000	94.228	-134.0791
3250.000000	94.166	166.1611
3300.000000	94.089	107.5947
3350.000000	94.011	50.5537
3400.000000	93.920	-5.1016
3450.000000	93.812	-59.5000
3500.000000	93.700	-112.5010
3550.000000	93.590	-164.1045
3600.000000	93.475	145.5537
3650.000000	93.361	96.5107
3700.000000	93.246	48.6807
3750.000000	93.131	1.9814
3820.000000	92.987	-61.3906
3870.000000	92.899	-105.3506
3950.000000	92.782	-173.3643
4000.000000	92.709	145.4756
4060.000000	92.594	97.6738
4120.000000	92.442	51.1836
4180.000000	92.277	6.1436
4250.000000	92.084	-43.9238
4310.000000	91.909	-85.2764
4370.000000	91.726	-125.2812
4440.000000	91.506	-170.2500
4500.000000	91.327	152.7637
4550.000000	91.186	123.2197
4620.000000	90.999	83.7109
4680.000000	90.857	51.7051
4750.000000	90.704	15.9697
4820.000000	90.573	-18.2139
4870.000000	90.498	-41.5811
4940.000000	90.432	-72.7734
5000.000000	90.410	-98.2002
5080.000000	90.421	-130.5859
5150.000000	90.438	-157.3857
5220.000000	90.460	177.3262
5300.000000	90.482	150.5996
5380.000000	90.487	125.9785
5450.000000	90.486	105.7246
5520.000000	90.491	86.8105
5600.000000	90.480	67.1719
5700.000000	90.400	45.2314
5800.000000	90.298	26.1914
5900.000000	90.202	10.4443
6000.000000	90.123	-2.5889
6080.000000	90.060	-11.2646
6150.000000	90.001	-17.4844
6220.000000	89.935	-22.3398
6300.000000	89.847	-26.2090
6400.000000	89.720	-28.4707
6500.000000	89.579	-28.0635
6600.000000	89.440	-24.9688
6700.000000	89.315	-19.1465
6800.000000	89.204	-10.7900
6900.000000	89.106	-0.0820
7000.000000	88.993	12.8320
7100.000000	88.852	28.0615
7200.000000	88.691	45.9795
7300.000000	88.508	66.8145
7400.000000	88.304	90.0430
7500.000000	88.116	115.7373
7620.000000	87.971	150.4590
7750.000000	88.026	-167.1152
7880.000000	88.434	-120.8418
8000.000000	89.049	-77.9570
8120.000000	89.522	-37.3115
8250.000000	89.551	7.4414
8380.000000	89.180	57.5811
8500.000000	88.703	109.4883
8620.000000	88.219	165.4307
8750.000000	87.730	-130.2109
8850.000000	87.373	-77.7461
9000.000000	86.840	4.0811
9120.000000	86.395	71.7305
9250.000000	85.885	148.1875
9380.000000	85.336	-132.1318
9500.000000	84.804	-55.5576
9620.000000	84.260	24.6426
9750.000000	83.673	114.8242
9880.000000	83.092	-152.2822
10000.000000	82.580	-63.2217
10150.000000	82.002	52.1973
10300.000000	81.483	171.4102
10440.000000	81.052	-74.4795
10600.000000	80.629	61.2178
10750.000000	80.298	-168.4365
10900.000000	80.005	-36.1260
11060.000000	79.716	108.5098
11200.000000	79.470	-119.1953
11380.000000	79.088	47.8984
11500.000000	78.744	163.5864
11720.000000	77.737	13.3569
11800.000000	77.197	88.6240
12060.000000	74.732	-15.0288
12200.000000	73.091	136.1309
12410.000000	70.876	22.5845
12500.000000	70.406	137.5298
12650.000000	70.886	15.7686
12800.000000	72.785	-111.5479
13150.000000	77.567	-82.9766
13200.000000	78.023	-30.6431
13400.000000	79.136	-178.4995
13600.000000	79.218	43.9238
13800.000000	78.527	-67.0044
14000.000000	77.461	178.4473
14300.000000	76.842	149.1929
14500.000000	78.744	-138.3213
14750.000000	82.851	-134.9312
15000.000000	86.038	-139.3169
15250.000000	86.713	73.3022
15500.000000	85.175	84.1309
15750.000000	82.887	-170.8853
16000.000000	80.975	-174.1733
16250.000000	79.860	-171.9614
16500.000000	79.487	159.9038
16750.000000	79.770	63.6401
17000.000000	80.871	22.5288
17250.000000	82.997	22.0107
17500.000000	85.344	20.3774
17750.000000	86.215	9.4263
18000.000000	84.935	-12.3589
18250.000000	81.761	-29.6050
18500.000000	77.849	-36.4609
18750.000000	74.267	-34.9585
19000.000000	71.491	-28.4463
19250.000000	69.541	-19.7939
19500.000000	68.299	-11.2754
19750.000000	67.646	-3.7212
20000.000000	67.413	0.8984
