* Measurement data measured by REW V5.31.3
* Source: Microphone (JadeAudio JA11), MICROPHONE (Master Volume), L, volume: 0.250
* Format: 2M Log Swept Sine, 1 sweep at -8.9 dBFS with no timing reference
* Dated: May 30, 2025 8:52:15 PM
* REW Settings:
*  C-weighting compensation: Off
*  Target level: 75.0 dB
* Note: 
* Measurement: R Aria (Vent filter, Velvet)
* Smoothing: 1/24 octave
* Frequency Step: 1/48 octave
* Start Frequency: 20.300 Hz
*
* Freq(Hz)	SPL(dB)	Phase(degrees)
20.299999	94.752	-144.2230
20.600000	94.770	-145.0551
20.900000	94.787	-145.9501
21.200001	94.805	-146.8369
21.400000	94.818	-147.4192
21.799999	94.843	-148.5605
22.000000	94.856	-149.1191
22.400000	94.877	-150.2132
22.700001	94.890	-151.0142
23.000000	94.901	-151.7990
23.299999	94.910	-152.5677
23.600000	94.919	-153.3204
24.000000	94.930	-154.3000
24.299999	94.937	-155.0179
24.700001	94.944	-155.9554
25.000000	94.948	-156.6445
25.400000	94.952	-157.5446
25.799999	94.955	-158.4232
26.200001	94.956	-159.2805
26.500000	94.956	-159.9100
26.900000	94.953	-160.7317
27.200001	94.951	-161.3343
27.600000	94.947	-162.1190
28.000000	94.944	-162.8849
28.500000	94.936	-163.8255
29.000000	94.921	-164.7581
29.500000	94.901	-165.6773
30.000000	94.884	-166.5615
30.400000	94.874	-167.2330
30.700001	94.870	-167.7176
31.100000	94.864	-168.3490
31.500000	94.856	-168.9760
32.000000	94.839	-169.7616
32.500000	94.819	-170.5378
33.000000	94.797	-171.2873
33.500000	94.776	-172.0074
34.000000	94.754	-172.7099
34.500000	94.731	-173.4046
35.000000	94.707	-174.0897
35.500000	94.684	-174.7572
36.000000	94.659	-175.4037
36.500000	94.633	-176.0314
37.000000	94.605	-176.6435
37.500000	94.578	-177.2411
38.200001	94.543	-178.0542
38.700001	94.517	-178.6209
39.500000	94.469	-179.5117
40.000000	94.438	179.9406
40.599998	94.402	179.2995
41.200001	94.367	178.6819
41.799999	94.331	178.0848
42.500000	94.287	177.4048
43.099998	94.249	176.8370
43.700001	94.211	176.2852
44.400002	94.166	175.6511
45.000000	94.129	175.1096
45.500000	94.098	174.6688
46.200001	94.053	174.0858
46.799999	94.012	173.6127
47.500000	93.964	173.0683
48.200001	93.917	172.5268
48.700001	93.884	172.1495
49.400002	93.838	171.6376
50.000000	93.797	171.2082
50.799999	93.743	170.6462
51.500000	93.695	170.1718
52.200001	93.646	169.7128
53.000000	93.592	169.1977
53.799999	93.539	168.6985
54.500000	93.492	168.2811
55.200001	93.444	167.8702
56.000000	93.389	167.4111
57.000000	93.321	166.8751
58.000000	93.251	166.3378
59.000000	93.187	165.8806
60.000000	93.125	165.4906
60.799999	93.069	165.0615
61.500000	93.017	164.6472
62.200001	92.968	164.2937
63.000000	92.915	163.9495
64.000000	92.850	163.5208
65.000000	92.783	163.1090
66.000000	92.717	162.7106
67.000000	92.652	162.3257
68.000000	92.586	161.9575
69.000000	92.521	161.5992
70.000000	92.457	161.2562
71.000000	92.392	160.9315
72.000000	92.328	160.6129
73.000000	92.265	160.2964
74.000000	92.202	159.9938
75.000000	92.139	159.7036
76.199997	92.064	159.3753
77.500000	91.984	159.0362
78.800003	91.905	158.7112
80.000000	91.833	158.4240
81.199997	91.761	158.1496
82.500000	91.682	157.8685
83.800003	91.605	157.5994
85.000000	91.535	157.3569
86.199997	91.466	157.1223
87.500000	91.392	156.8849
88.500000	91.334	156.7114
90.000000	91.247	156.4573
91.199997	91.181	156.2756
92.500000	91.113	156.0917
93.800003	91.043	155.9094
95.000000	90.977	155.7474
96.199997	90.912	155.5939
97.500000	90.844	155.4382
98.800003	90.777	155.2885
100.000000	90.715	155.1562
101.500000	90.639	155.0014
103.000000	90.562	154.8547
104.400002	90.492	154.7300
106.000000	90.412	154.5990
107.500000	90.338	154.4819
109.000000	90.265	154.3751
110.599998	90.189	154.2765
112.000000	90.123	154.1934
113.800003	90.039	154.0931
115.000000	89.983	154.0331
117.199997	89.880	153.9386
118.000000	89.844	153.9116
120.599998	89.726	153.8310
122.000000	89.663	153.7830
124.099998	89.568	153.7360
125.000000	89.529	153.7240
126.500000	89.463	153.7083
128.000000	89.397	153.7019
131.500000	89.244	153.7428
132.000000	89.223	153.7534
134.000000	89.134	153.8086
136.000000	89.043	153.8910
138.000000	88.958	153.9949
140.000000	88.883	154.1660
143.000000	88.799	154.4697
145.000000	88.757	154.6109
147.500000	88.706	154.6855
150.000000	88.645	154.6796
152.500000	88.570	154.6836
155.000000	88.486	154.7114
157.500000	88.396	154.7812
160.000000	88.306	154.9710
162.500000	88.229	155.3145
165.000000	88.186	155.7180
167.500000	88.180	155.9371
170.000000	88.167	155.8274
172.500000	88.119	155.6303
175.000000	88.050	155.5175
177.500000	87.975	155.4673
180.000000	87.901	155.4812
182.500000	87.827	155.5557
185.000000	87.755	155.6716
187.500000	87.686	155.7924
190.000000	87.620	155.9171
192.500000	87.557	156.0525
195.000000	87.496	156.1980
197.500000	87.436	156.3606
200.000000	87.378	156.5277
203.000000	87.310	156.7279
206.000000	87.247	156.9344
209.000000	87.188	157.1512
212.000000	87.131	157.3437
214.000000	87.094	157.4541
218.000000	87.020	157.6844
220.000000	86.983	157.8085
224.000000	86.910	158.0735
227.000000	86.858	158.2631
230.000000	86.806	158.4543
233.000000	86.752	158.6488
236.000000	86.699	158.8537
240.000000	86.632	159.1385
243.000000	86.585	159.3590
247.000000	86.525	159.6576
250.000000	86.483	159.8750
254.000000	86.429	160.1521
258.000000	86.375	160.4181
262.000000	86.322	160.6724
265.000000	86.282	160.8633
269.000000	86.229	161.1209
272.000000	86.189	161.3192
276.000000	86.138	161.5870
280.000000	86.088	161.8534
285.000000	86.028	162.1928
290.000000	85.968	162.5338
295.000000	85.910	162.8750
300.000000	85.854	163.2222
304.000000	85.811	163.5011
307.000000	85.779	163.7101
311.000000	85.737	163.9873
315.000000	85.697	164.2640
320.000000	85.649	164.6107
325.000000	85.602	164.9611
330.000000	85.557	165.3117
335.000000	85.513	165.6601
340.000000	85.471	166.0070
345.000000	85.430	166.3521
350.000000	85.391	166.6998
355.000000	85.352	167.0466
360.000000	85.315	167.3943
365.000000	85.279	167.7382
370.000000	85.243	168.0765
375.000000	85.209	168.4144
382.000000	85.163	168.8852
387.000000	85.132	169.2222
395.000000	85.083	169.7617
400.000000	85.054	170.0965
406.000000	85.020	170.4937
412.000000	84.988	170.8874
418.000000	84.957	171.2778
425.000000	84.923	171.7375
431.000000	84.894	172.1297
437.000000	84.867	172.5158
444.000000	84.836	172.9730
450.000000	84.812	173.3562
455.000000	84.792	173.6683
462.000000	84.765	174.1047
468.000000	84.742	174.4811
475.000000	84.716	174.9201
482.000000	84.692	175.3580
487.000000	84.675	175.6718
494.000000	84.653	176.1106
500.000000	84.634	176.4863
508.000000	84.611	176.9812
515.000000	84.591	177.4111
522.000000	84.573	177.8411
530.000000	84.553	178.3313
538.000000	84.534	178.8196
545.000000	84.519	179.2439
552.000000	84.504	179.6678
560.000000	84.488	-179.8479
570.000000	84.469	-179.2456
580.000000	84.452	-178.6429
590.000000	84.436	-178.0379
600.000000	84.422	-177.4355
608.000000	84.412	-176.9548
615.000000	84.405	-176.5347
622.000000	84.398	-176.1140
630.000000	84.390	-175.6314
640.000000	84.383	-175.0270
650.000000	84.377	-174.4253
660.000000	84.373	-173.8231
670.000000	84.371	-173.2166
680.000000	84.370	-172.6106
690.000000	84.371	-172.0041
700.000000	84.374	-171.3968
710.000000	84.379	-170.7890
720.000000	84.386	-170.1783
730.000000	84.394	-169.5663
740.000000	84.404	-168.9551
750.000000	84.417	-168.3430
762.000000	84.434	-167.6062
775.000000	84.456	-166.8052
788.000000	84.483	-166.0047
800.000000	84.511	-165.2646
812.000000	84.542	-164.5269
825.000000	84.581	-163.7350
838.000000	84.623	-162.9472
850.000000	84.666	-162.2260
862.000000	84.713	-161.5116
875.000000	84.769	-160.7486
885.000000	84.814	-160.1696
900.000000	84.888	-159.3186
912.000000	84.951	-158.6545
925.000000	85.023	-157.9522
938.000000	85.099	-157.2722
950.000000	85.173	-156.6632
962.000000	85.249	-156.0759
975.000000	85.336	-155.4653
988.000000	85.426	-154.8801
1000.000000	85.511	-154.3655
1015.000000	85.621	-153.7610
1030.000000	85.734	-153.1982
1044.000000	85.842	-152.7126
1060.000000	85.968	-152.2054
1075.000000	86.087	-151.7792
1090.000000	86.206	-151.4032
1106.000000	86.333	-151.0609
1120.000000	86.442	-150.8148
1138.000000	86.575	-150.5580
1150.000000	86.657	-150.3965
1172.000000	86.804	-150.0654
1180.000000	86.859	-149.9410
1206.000000	87.044	-149.5986
1220.000000	87.145	-149.4683
1241.000000	87.293	-149.3370
1250.000000	87.354	-149.3006
1265.000000	87.453	-149.2618
1280.000000	87.549	-149.2454
1315.000000	87.758	-149.2671
1320.000000	87.786	-149.2750
1340.000000	87.895	-149.3140
1360.000000	87.998	-149.3602
1380.000000	88.096	-149.4101
1400.000000	88.191	-149.4604
1430.000000	88.325	-149.5303
1450.000000	88.411	-149.5727
1475.000000	88.515	-149.6177
1500.000000	88.616	-149.6550
1525.000000	88.715	-149.6846
1550.000000	88.813	-149.7081
1575.000000	88.910	-149.7261
1600.000000	89.007	-149.7422
1625.000000	89.103	-149.7591
1650.000000	89.200	-149.7773
1675.000000	89.297	-149.7987
1700.000000	89.394	-149.8258
1725.000000	89.491	-149.8602
1750.000000	89.588	-149.9017
1775.000000	89.686	-149.9517
1800.000000	89.783	-150.0120
1825.000000	89.881	-150.0830
1850.000000	89.979	-150.1653
1875.000000	90.077	-150.2608
1900.000000	90.175	-150.3699
1925.000000	90.273	-150.4933
1950.000000	90.372	-150.6322
1975.000000	90.470	-150.7873
2000.000000	90.568	-150.9584
2030.000000	90.685	-151.1853
2060.000000	90.801	-151.4350
2090.000000	90.916	-151.7075
2120.000000	91.030	-152.0018
2140.000000	91.105	-152.2100
2180.000000	91.253	-152.6553
2200.000000	91.326	-152.8928
2240.000000	91.471	-153.4034
2270.000000	91.576	-153.8196
2300.000000	91.679	-154.2607
2330.000000	91.779	-154.7242
2360.000000	91.876	-155.2072
2400.000000	92.000	-155.8779
2430.000000	92.089	-156.3995
2470.000000	92.204	-157.1229
2500.000000	92.286	-157.6884
2540.000000	92.388	-158.4666
2580.000000	92.483	-159.2600
2620.000000	92.570	-160.0643
2650.000000	92.631	-160.6716
2690.000000	92.706	-161.4835
2720.000000	92.758	-162.0923
2760.000000	92.822	-162.9001
2800.000000	92.880	-163.6956
2850.000000	92.946	-164.6642
2900.000000	93.008	-165.5993
2950.000000	93.069	-166.5119
3000.000000	93.133	-167.4326
3040.000000	93.185	-168.1981
3070.000000	93.223	-168.7967
3110.000000	93.268	-169.6196
3150.000000	93.309	-170.4513
3200.000000	93.358	-171.5135
3250.000000	93.401	-172.6435
3300.000000	93.428	-173.8225
3350.000000	93.439	-174.9994
3400.000000	93.436	-176.1385
3450.000000	93.425	-177.2314
3500.000000	93.408	-178.2868
3550.000000	93.387	-179.3130
3600.000000	93.361	179.6847
3650.000000	93.332	178.7017
3700.000000	93.298	177.7333
3750.000000	93.261	176.7753
3820.000000	93.202	175.4475
3870.000000	93.154	174.5100
3950.000000	93.064	173.0408
4000.000000	93.001	172.1531
4060.000000	92.920	171.1283
4120.000000	92.835	170.1457
4180.000000	92.747	169.1909
4250.000000	92.641	168.0940
4310.000000	92.545	167.1642
4370.000000	92.444	166.2479
4440.000000	92.317	165.2003
4500.000000	92.200	164.3236
4550.000000	92.098	163.6110
4620.000000	91.947	162.6475
4680.000000	91.809	161.8600
4750.000000	91.638	160.9932
4820.000000	91.458	160.1892
4870.000000	91.324	159.6597
4940.000000	91.128	158.9900
5000.000000	90.954	158.4900
5080.000000	90.716	157.9388
5150.000000	90.504	157.5695
5220.000000	90.290	157.3069
5300.000000	90.045	157.1359
5380.000000	89.804	157.0991
5450.000000	89.597	157.1732
5520.000000	89.394	157.3425
5600.000000	89.170	157.6469
5700.000000	88.904	158.1834
5800.000000	88.655	158.8806
5900.000000	88.427	159.7299
6000.000000	88.221	160.7181
6080.000000	88.076	161.5963
6150.000000	87.965	162.4171
6220.000000	87.869	163.2757
6300.000000	87.778	164.2913
6400.000000	87.693	165.5875
6500.000000	87.638	166.8918
6600.000000	87.612	168.2111
6700.000000	87.619	169.5466
6800.000000	87.665	170.8820
6900.000000	87.756	172.1797
7000.000000	87.897	173.3826
7100.000000	88.090	174.4141
7200.000000	88.335	175.1851
7300.000000	88.627	175.6106
7400.000000	88.960	175.6232
7500.000000	89.329	175.1563
7620.000000	89.813	173.8195
7750.000000	90.363	171.1408
7880.000000	90.878	166.8625
8000.000000	91.231	161.3681
8120.000000	91.361	154.6087
8250.000000	91.155	146.5578
8380.000000	90.559	138.7953
8500.000000	89.715	132.7411
8620.000000	88.681	128.2137
8750.000000	87.457	125.1302
8850.000000	86.500	123.9353
9000.000000	85.105	123.7232
9120.000000	84.050	124.6428
9250.000000	82.983	126.4774
9380.000000	81.995	128.9809
9500.000000	81.150	131.7519
9620.000000	80.364	134.8807
9750.000000	79.572	138.6117
9880.000000	78.833	142.6612
10000.000000	78.192	146.6755
10150.000000	77.438	152.1065
10300.000000	76.733	158.0970
10440.000000	76.126	164.3488
10600.000000	75.524	172.5286
10750.000000	75.114	-178.5497
10900.000000	74.974	-168.3945
11060.000000	75.280	-156.9442
11200.000000	75.989	-147.8570
11380.000000	77.317	-139.7713
11500.000000	78.244	-137.1291
11720.000000	79.608	-136.4428
11800.000000	79.956	-136.8246
12060.000000	80.665	-137.7647
12200.000000	80.917	-137.5024
12410.000000	81.311	-136.1604
12500.000000	81.515	-135.3824
12650.000000	81.924	-134.0428
12800.000000	82.426	-132.8874
13150.000000	83.924	-132.4483
13200.000000	84.163	-132.7852
13400.000000	85.114	-135.4221
13600.000000	85.943	-140.2049
13800.000000	86.490	-146.6989
14000.000000	86.654	-153.8226
14300.000000	86.262	-162.9167
14500.000000	85.787	-166.8868
14750.000000	85.211	-169.7436
15000.000000	84.777	-171.2768
15250.000000	84.495	-172.5005
15500.000000	84.298	-174.0135
15750.000000	84.116	-175.9389
16000.000000	83.918	-178.1790
16250.000000	83.719	179.2235
16500.000000	83.535	175.7890
16750.000000	83.316	170.5707
17000.000000	82.857	162.3926
17250.000000	81.603	151.4936
17500.000000	78.890	150.6166
17750.000000	77.057	173.5552
18000.000000	77.217	177.2411
18250.000000	76.837	173.8703
18500.000000	75.957	172.1766
18750.000000	74.931	172.2974
19000.000000	73.858	173.4973
19250.000000	72.734	176.1846
19500.000000	71.760	-178.9994
19750.000000	71.183	-173.8783
20000.000000	70.956	-170.7265
