* Measurement data measured by REW V5.31.3
* Source: Microphone (JadeAudio JA11), MICROPHONE (Master Volume), R, volume: 0.250
* Format: 512k Log Swept Sine, 1 sweep at 0.0 dBFS with no timing reference
* Dated: Apr 25, 2025 4:41:44 AM
* REW Settings:
*  C-weighting compensation: Off
*  Target level: 75.0 dB
* Note: 
* Measurement: L Moca (Tp, Std, Nuarl 7)
* Smoothing: 1/24 octave
* Frequency Step: 1/48 octave
* Start Frequency: 20.300 Hz
*
* Freq(Hz)	SPL(dB)	Phase(degrees)
20.299999	90.885	108.7526
20.600000	90.864	105.0522
20.900000	90.837	101.0396
21.200001	90.810	97.0304
21.400000	90.793	94.3767
21.799999	90.759	89.1155
22.000000	90.742	86.5050
22.400000	90.704	81.3146
22.700001	90.673	77.4437
23.000000	90.641	73.5905
23.299999	90.609	69.7568
23.600000	90.577	65.9444
24.000000	90.534	60.8942
24.299999	90.502	57.1294
24.700001	90.459	52.1385
25.000000	90.428	48.4191
25.400000	90.385	43.4975
25.799999	90.343	38.6227
26.200001	90.300	33.7896
26.500000	90.268	30.1854
26.900000	90.226	25.3993
27.200001	90.196	21.8232
27.600000	90.157	17.0764
28.000000	90.118	12.3580
28.500000	90.070	6.4984
29.000000	90.020	0.6728
29.500000	89.972	-5.1221
30.000000	89.926	-10.8796
30.400000	89.888	-15.4566
30.700001	89.858	-18.8753
31.100000	89.817	-23.4201
31.500000	89.774	-27.9526
32.000000	89.723	-33.5971
32.500000	89.674	-39.2097
33.000000	89.627	-44.7920
33.500000	89.580	-50.3556
34.000000	89.534	-55.9055
34.500000	89.490	-61.4318
35.000000	89.447	-66.9212
35.500000	89.406	-72.3723
36.000000	89.365	-77.7926
36.500000	89.326	-83.1879
37.000000	89.289	-88.5634
37.500000	89.251	-93.9272
38.200001	89.194	-101.4167
38.700001	89.155	-106.7227
39.500000	89.095	-115.0979
40.000000	89.059	-120.3008
40.599998	89.014	-126.5663
41.200001	88.972	-132.8407
41.799999	88.930	-139.0813
42.500000	88.884	-146.3147
43.099998	88.847	-152.4873
43.700001	88.812	-158.6339
44.400002	88.769	-165.7970
45.000000	88.734	-171.9507
45.500000	88.707	-177.0607
46.200001	88.669	175.8735
46.799999	88.633	169.8837
47.500000	88.592	162.9008
48.200001	88.556	155.9108
48.700001	88.531	150.9312
49.400002	88.494	143.9855
50.000000	88.462	138.0514
50.799999	88.422	130.1575
51.500000	88.389	123.2661
52.200001	88.359	116.4109
53.000000	88.324	108.6268
53.799999	88.291	100.8466
54.500000	88.259	94.0251
55.200001	88.225	87.2305
56.000000	88.190	79.5335
57.000000	88.148	69.9532
58.000000	88.106	60.4147
59.000000	88.062	50.7876
60.000000	88.009	40.9493
60.799999	87.982	33.4181
61.500000	87.968	27.1326
62.200001	87.953	20.8057
63.000000	87.930	13.4049
64.000000	87.900	4.1553
65.000000	87.870	-5.0349
66.000000	87.839	-14.1700
67.000000	87.807	-23.2648
68.000000	87.776	-32.3556
69.000000	87.746	-41.4307
70.000000	87.717	-50.4738
71.000000	87.687	-59.4752
72.000000	87.656	-68.4447
73.000000	87.623	-77.3928
74.000000	87.592	-86.3133
75.000000	87.561	-95.2086
76.199997	87.526	-105.8451
77.500000	87.489	-117.3281
78.800003	87.455	-128.7767
80.000000	87.419	-139.2953
81.199997	87.383	-149.7798
82.500000	87.349	-161.1062
83.800003	87.313	-172.3796
85.000000	87.276	177.2809
86.199997	87.241	166.9827
87.500000	87.207	155.8541
88.500000	87.180	147.3104
90.000000	87.139	134.5320
91.199997	87.107	124.3163
92.500000	87.075	113.2570
93.800003	87.040	102.2261
95.000000	87.007	92.0725
96.199997	86.974	81.9573
97.500000	86.931	70.9929
98.800003	86.885	59.9881
100.000000	86.843	49.8513
101.500000	86.791	37.2170
103.000000	86.742	24.6336
104.400002	86.700	12.9581
106.000000	86.651	-0.3345
107.500000	86.602	-12.7516
109.000000	86.553	-25.1581
110.599998	86.502	-38.3252
112.000000	86.455	-49.7889
113.800003	86.395	-64.4871
115.000000	86.357	-74.2489
117.199997	86.286	-92.0930
118.000000	86.261	-98.5657
120.599998	86.174	-119.5338
122.000000	86.126	-130.7704
124.099998	86.052	-147.5127
125.000000	86.020	-154.6682
126.500000	85.967	-166.5848
128.000000	85.916	-178.4650
131.500000	85.795	153.9681
132.000000	85.777	150.0483
134.000000	85.701	134.4014
136.000000	85.624	118.8225
138.000000	85.549	103.3009
140.000000	85.473	87.7609
143.000000	85.378	64.6964
145.000000	85.306	49.4448
147.500000	85.215	30.4038
150.000000	85.127	11.5234
152.500000	85.033	-7.2816
155.000000	84.938	-26.0680
157.500000	84.842	-44.7205
160.000000	84.747	-63.2786
162.500000	84.649	-81.7313
165.000000	84.548	-100.0905
167.500000	84.453	-118.3259
170.000000	84.369	-136.4719
172.500000	84.292	-154.5889
175.000000	84.221	-172.6018
177.500000	84.145	169.4562
180.000000	84.056	151.5361
182.500000	83.965	133.6991
185.000000	83.878	116.0569
187.500000	83.790	98.5723
190.000000	83.711	81.1434
192.500000	83.651	63.8129
195.000000	83.592	46.6035
197.500000	83.520	29.5725
200.000000	83.442	12.6135
203.000000	83.355	-7.6824
206.000000	83.267	-27.8531
209.000000	83.175	-47.9382
212.000000	83.082	-67.8868
214.000000	83.024	-81.0594
218.000000	82.916	-107.1715
220.000000	82.866	-120.2034
224.000000	82.806	-146.1549
227.000000	82.784	-165.5557
230.000000	82.759	175.0159
233.000000	82.724	155.6022
236.000000	82.684	136.2458
240.000000	82.635	110.5203
243.000000	82.602	91.4110
247.000000	82.557	66.0153
250.000000	82.525	47.0131
254.000000	82.484	21.8270
258.000000	82.447	-3.3090
262.000000	82.407	-28.3152
265.000000	82.375	-46.9839
269.000000	82.340	-71.6885
272.000000	82.325	-90.1155
276.000000	82.319	-114.6523
280.000000	82.314	-139.1321
285.000000	82.307	-169.4812
290.000000	82.306	160.1709
295.000000	82.313	129.7915
300.000000	82.310	99.4133
304.000000	82.302	75.0796
307.000000	82.299	56.8213
311.000000	82.300	32.5415
315.000000	82.304	8.3789
320.000000	82.310	-21.7371
325.000000	82.317	-51.7124
330.000000	82.321	-81.5488
335.000000	82.328	-111.3206
340.000000	82.336	-140.9297
345.000000	82.345	-170.4292
350.000000	82.354	160.1431
355.000000	82.362	130.8347
360.000000	82.370	101.6484
365.000000	82.375	72.5820
370.000000	82.378	43.6360
375.000000	82.382	14.8027
382.000000	82.383	-25.3381
387.000000	82.383	-53.9224
395.000000	82.384	-99.4192
400.000000	82.382	-127.6731
406.000000	82.375	-161.4600
412.000000	82.366	164.8955
418.000000	82.352	131.4460
425.000000	82.336	92.6167
431.000000	82.322	59.5137
437.000000	82.303	26.5759
444.000000	82.277	-11.6714
450.000000	82.257	-44.2856
455.000000	82.241	-71.3279
462.000000	82.215	-108.9934
468.000000	82.195	-141.1428
475.000000	82.174	-178.4534
482.000000	82.152	144.4526
487.000000	82.136	118.0757
494.000000	82.117	81.3086
500.000000	82.104	49.9739
508.000000	82.087	8.4238
515.000000	82.078	-27.7864
522.000000	82.077	-63.8496
530.000000	82.077	-104.8328
538.000000	82.076	-145.5894
545.000000	82.076	178.8940
552.000000	82.077	143.5547
560.000000	82.079	103.3691
570.000000	82.089	53.3406
580.000000	82.084	3.6555
590.000000	82.070	-45.4587
600.000000	82.079	-93.7756
608.000000	82.090	-131.7781
615.000000	82.087	-164.7808
622.000000	82.077	162.2937
630.000000	82.067	124.8462
640.000000	82.054	78.3513
650.000000	82.034	32.1631
660.000000	82.014	-13.7432
670.000000	81.996	-59.3071
680.000000	81.973	-104.5371
690.000000	81.949	-149.5195
700.000000	81.929	165.8096
710.000000	81.907	121.4805
720.000000	81.881	77.4160
730.000000	81.860	33.6011
740.000000	81.839	-9.8833
750.000000	81.814	-53.0908
762.000000	81.784	-104.6108
775.000000	81.759	-159.9502
788.000000	81.730	145.1938
800.000000	81.708	94.9058
812.000000	81.692	45.0596
825.000000	81.675	-8.5215
838.000000	81.663	-61.7256
850.000000	81.659	-110.4053
862.000000	81.654	-158.7334
875.000000	81.652	149.2158
885.000000	81.659	109.4336
900.000000	81.687	50.2910
912.000000	81.723	3.2754
925.000000	81.771	-47.6475
938.000000	81.802	-98.8149
950.000000	81.826	-146.4277
962.000000	81.864	166.0566
975.000000	81.922	115.0010
988.000000	81.989	64.3135
1000.000000	82.053	17.7622
1015.000000	82.137	-40.1768
1030.000000	82.235	-97.6938
1044.000000	82.334	-150.9834
1060.000000	82.447	148.4341
1075.000000	82.560	91.9521
1090.000000	82.682	35.8965
1106.000000	82.810	-23.5615
1120.000000	82.924	-75.3525
1138.000000	83.079	-141.4526
1150.000000	83.181	174.7544
1172.000000	83.365	94.8271
1180.000000	83.433	65.9258
1206.000000	83.658	-27.2349
1220.000000	83.772	-77.0337
1241.000000	83.939	-151.3423
1250.000000	84.012	177.0312
1265.000000	84.129	124.6060
1280.000000	84.238	72.4116
1315.000000	84.485	-48.2505
1320.000000	84.519	-65.3281
1340.000000	84.645	-133.3813
1360.000000	84.761	158.9453
1380.000000	84.877	91.8906
1400.000000	84.987	25.4814
1430.000000	85.136	-73.3779
1450.000000	85.237	-138.5801
1475.000000	85.356	140.6743
1500.000000	85.460	60.5063
1525.000000	85.556	-18.7310
1550.000000	85.637	-97.1904
1575.000000	85.711	-175.0420
1600.000000	85.801	108.0732
1625.000000	85.906	31.9995
1650.000000	86.021	-43.6382
1675.000000	86.149	-118.5493
1700.000000	86.266	167.2705
1725.000000	86.358	93.5215
1750.000000	86.430	20.4941
1775.000000	86.488	-51.6328
1800.000000	86.533	-123.2207
1825.000000	86.574	165.7832
1850.000000	86.641	96.1475
1875.000000	86.775	29.1260
1900.000000	86.932	-36.1631
1925.000000	87.089	-101.2080
1950.000000	87.239	-165.6680
1975.000000	87.363	130.3682
2000.000000	87.457	66.7920
2030.000000	87.554	-8.5146
2060.000000	87.636	-82.7588
2090.000000	87.706	-156.3926
2120.000000	87.777	130.8203
2140.000000	87.829	82.9346
2180.000000	87.935	-11.6270
2200.000000	87.986	-58.5371
2240.000000	88.098	-151.1816
2270.000000	88.187	140.4688
2300.000000	88.272	72.6475
2330.000000	88.359	5.5039
2360.000000	88.452	-60.6270
2400.000000	88.571	-147.7744
2430.000000	88.655	147.4121
2470.000000	88.770	62.3086
2500.000000	88.858	-0.4668
2540.000000	88.965	-83.4033
2580.000000	89.067	-165.2910
2620.000000	89.164	114.3770
2650.000000	89.225	54.7363
2690.000000	89.295	-23.9941
2720.000000	89.345	-82.0420
2760.000000	89.403	-158.4453
2800.000000	89.444	125.7295
2850.000000	89.491	32.7754
2900.000000	89.536	-58.3643
2950.000000	89.496	-152.9844
3000.000000	89.432	111.7266
3040.000000	89.369	37.4805
3070.000000	89.309	-17.7441
3110.000000	89.223	-90.6826
3150.000000	89.142	-162.2402
3200.000000	89.040	109.9561
3250.000000	88.923	23.1689
3300.000000	88.793	-62.1992
3350.000000	88.657	-145.5547
3400.000000	88.512	132.2148
3450.000000	88.373	51.2832
3500.000000	88.253	-27.7041
3550.000000	88.141	-105.5654
3600.000000	88.035	177.5459
3650.000000	87.938	102.4238
3700.000000	87.842	28.7939
3750.000000	87.737	-43.9941
3820.000000	87.581	-143.9980
3870.000000	87.475	146.5742
3950.000000	87.305	37.4131
4000.000000	87.206	-29.3027
4060.000000	87.095	-107.2793
4120.000000	86.978	175.9756
4180.000000	86.856	100.7324
4250.000000	86.717	15.7812
4310.000000	86.600	-55.3604
4370.000000	86.488	-125.4043
4440.000000	86.381	155.1826
4500.000000	86.311	89.1182
4550.000000	86.259	34.8359
4620.000000	86.205	-39.5146
4680.000000	86.182	-101.1582
4750.000000	86.171	-171.5410
4820.000000	86.178	119.5518
4870.000000	86.202	71.7939
4940.000000	86.259	6.8066
5000.000000	86.326	-47.8223
5080.000000	86.442	-119.1895
5150.000000	86.580	-179.4219
5220.000000	86.745	122.0000
5300.000000	86.951	56.3564
5380.000000	87.177	-7.0557
5450.000000	87.374	-60.7852
5520.000000	87.549	-113.5996
5600.000000	87.708	-172.5312
5700.000000	87.821	117.0410
5800.000000	87.799	51.5811
5900.000000	87.690	-4.0693
6000.000000	87.470	-52.8555
6080.000000	87.220	-89.4424
6150.000000	86.969	-119.6865
6220.000000	86.709	-147.8721
6300.000000	86.416	-177.6660
6400.000000	86.067	147.9082
6500.000000	85.757	116.7832
6600.000000	85.504	89.4580
6700.000000	85.304	65.3213
6800.000000	85.155	43.9844
6900.000000	85.074	25.9609
7000.000000	85.061	10.8975
7100.000000	85.119	-1.6826
7200.000000	85.264	-11.4219
7300.000000	85.500	-18.5332
7400.000000	85.818	-23.7207
7500.000000	86.220	-26.9639
7620.000000	86.809	-28.0703
7750.000000	87.508	-27.0811
7880.000000	88.118	-24.9346
8000.000000	88.419	-21.3809
8120.000000	88.294	-15.9150
8250.000000	87.632	-6.2637
8380.000000	86.568	9.6855
8500.000000	85.402	30.2080
8620.000000	84.192	55.5986
8750.000000	82.926	88.7100
8850.000000	82.015	118.2148
9000.000000	80.757	167.2910
9120.000000	79.838	-152.8574
9250.000000	78.890	-112.7461
9380.000000	78.015	-72.4863
9500.000000	77.271	-33.1172
9620.000000	76.584	9.5215
9750.000000	75.901	59.5996
9880.000000	75.266	112.4727
10000.000000	74.722	163.5625
10150.000000	74.103	-128.0166
10300.000000	73.548	-54.2041
10440.000000	73.077	17.3418
10600.000000	72.599	103.1475
10750.000000	72.224	-170.3730
10900.000000	71.910	-81.0586
11060.000000	71.635	16.8418
11200.000000	71.445	108.2168
11380.000000	71.255	-130.4180
11500.000000	71.157	-49.1055
11720.000000	71.061	107.4932
11800.000000	71.056	168.2168
12060.000000	71.156	10.6602
12200.000000	71.282	120.2344
12410.000000	71.576	-63.3496
12500.000000	71.738	14.9414
12650.000000	72.060	143.2021
12800.000000	72.462	-86.8047
13150.000000	73.799	-115.9170
13200.000000	74.044	-67.3496
13400.000000	75.197	122.3965
13600.000000	76.725	-39.4844
13800.000000	78.716	174.5059
14000.000000	81.061	18.3125
14300.000000	83.941	-31.9307
14500.000000	84.149	96.6904
14750.000000	82.062	-71.2129
15000.000000	78.736	-103.2402
15250.000000	75.628	-156.7100
15500.000000	73.165	143.7627
15750.000000	71.199	101.3223
16000.000000	69.551	77.7607
16250.000000	68.127	45.8613
16500.000000	66.902	11.2363
16750.000000	65.839	-14.1943
17000.000000	64.877	-88.9414
17250.000000	63.923	-21.6689
17500.000000	62.805	-32.3184
17750.000000	61.352	-77.4302
18000.000000	59.789	-128.2451
18250.000000	59.046	-148.4395
18500.000000	58.721	-175.2617
18750.000000	58.027	-92.3574
19000.000000	58.040	82.6660
19250.000000	58.792	-19.9604
19500.000000	59.528	-20.8286
19750.000000	59.986	-85.9253
20000.000000	60.176	-2.5508
