* Measurement data measured by REW V5.31.3
* Source: Microphone (JadeAudio JA11), MICROPHONE (Master Volume), L, volume: 0.250
* Format: 512k Log Swept Sine, 1 sweep at -8.1 dBFS with no timing reference
* Dated: Jun 25, 2025 5:16:47 PM
* REW Settings:
*  C-weighting compensation: Off
*  Target level: 75.0 dB
* Note: 
* Measurement: R Quarks 2 (DSP)
* Smoothing: 1/24 octave
* Frequency Step: 1/48 octave
* Start Frequency: 20.300 Hz
*
* Freq(Hz)	SPL(dB)	Phase(degrees)
20.299999	88.406	-27.2952
20.600000	88.336	-27.6791
20.900000	88.256	-28.0860
21.200001	88.177	-28.4829
21.400000	88.126	-28.7406
21.799999	88.027	-29.2394
22.000000	87.979	-29.4805
22.400000	87.883	-29.9455
22.700001	87.810	-30.2791
23.000000	87.738	-30.6000
23.299999	87.666	-30.9088
23.600000	87.597	-31.2066
24.000000	87.506	-31.5887
24.299999	87.439	-31.8653
24.700001	87.351	-32.2222
25.000000	87.286	-32.4807
25.400000	87.199	-32.8123
25.799999	87.115	-33.1278
26.200001	87.033	-33.4273
26.500000	86.973	-33.6428
26.900000	86.893	-33.9207
27.200001	86.835	-34.1238
27.600000	86.757	-34.3885
28.000000	86.680	-34.6449
28.500000	86.587	-34.9503
29.000000	86.497	-35.2376
29.500000	86.408	-35.5107
30.000000	86.320	-35.7754
30.400000	86.251	-35.9826
30.700001	86.200	-36.1343
31.100000	86.134	-36.3300
31.500000	86.068	-36.5168
32.000000	85.989	-36.7380
32.500000	85.911	-36.9481
33.000000	85.834	-37.1507
33.500000	85.759	-37.3490
34.000000	85.685	-37.5447
34.500000	85.612	-37.7367
35.000000	85.541	-37.9224
35.500000	85.471	-38.0998
36.000000	85.403	-38.2696
36.500000	85.336	-38.4346
37.000000	85.271	-38.5956
37.500000	85.207	-38.7510
38.200001	85.119	-38.9572
38.700001	85.057	-39.0984
39.500000	84.960	-39.3202
40.000000	84.901	-39.4574
40.599998	84.831	-39.6202
41.200001	84.762	-39.7801
41.799999	84.695	-39.9353
42.500000	84.618	-40.1087
43.099998	84.554	-40.2524
43.700001	84.491	-40.3941
44.400002	84.419	-40.5570
45.000000	84.358	-40.6920
45.500000	84.308	-40.8002
46.200001	84.241	-40.9478
46.799999	84.185	-41.0747
47.500000	84.119	-41.2251
48.200001	84.053	-41.3739
48.700001	84.008	-41.4767
49.400002	83.945	-41.6161
50.000000	83.891	-41.7333
50.799999	83.822	-41.8885
51.500000	83.763	-42.0221
52.200001	83.704	-42.1507
53.000000	83.636	-42.2940
53.799999	83.570	-42.4397
54.500000	83.514	-42.5695
55.200001	83.459	-42.6990
56.000000	83.398	-42.8448
57.000000	83.322	-43.0169
58.000000	83.248	-43.1877
59.000000	83.176	-43.3685
60.000000	83.102	-43.5338
60.799999	83.044	-43.6566
61.500000	82.994	-43.7688
62.200001	82.945	-43.8858
63.000000	82.890	-44.0174
64.000000	82.823	-44.1699
65.000000	82.757	-44.3209
66.000000	82.692	-44.4777
67.000000	82.627	-44.6341
68.000000	82.563	-44.7923
69.000000	82.500	-44.9453
70.000000	82.438	-45.0919
71.000000	82.377	-45.2371
72.000000	82.316	-45.3822
73.000000	82.255	-45.5277
74.000000	82.196	-45.6739
75.000000	82.137	-45.8203
76.199997	82.068	-45.9910
77.500000	81.994	-46.1719
78.800003	81.920	-46.3513
80.000000	81.853	-46.5162
81.199997	81.787	-46.6784
82.500000	81.715	-46.8477
83.800003	81.644	-47.0151
85.000000	81.579	-47.1670
86.199997	81.515	-47.3185
87.500000	81.446	-47.4763
88.500000	81.393	-47.5977
90.000000	81.316	-47.7874
91.199997	81.254	-47.9320
92.500000	81.189	-48.0779
93.800003	81.124	-48.2214
95.000000	81.063	-48.3565
96.199997	81.002	-48.4887
97.500000	80.937	-48.6285
98.800003	80.873	-48.7643
100.000000	80.814	-48.8856
101.500000	80.741	-49.0333
103.000000	80.668	-49.1812
104.400002	80.601	-49.3159
106.000000	80.525	-49.4669
107.500000	80.455	-49.6034
109.000000	80.384	-49.7347
110.599998	80.309	-49.8691
112.000000	80.244	-49.9795
113.800003	80.161	-50.1109
115.000000	80.105	-50.1922
117.199997	80.004	-50.3272
118.000000	79.968	-50.3699
120.599998	79.852	-50.4999
122.000000	79.790	-50.5645
124.099998	79.699	-50.6454
125.000000	79.660	-50.6737
126.500000	79.596	-50.7132
128.000000	79.532	-50.7436
131.500000	79.384	-50.8034
132.000000	79.363	-50.8084
134.000000	79.281	-50.8220
136.000000	79.199	-50.8284
138.000000	79.119	-50.8207
140.000000	79.041	-50.8080
143.000000	78.924	-50.7631
145.000000	78.848	-50.7111
147.500000	78.755	-50.6424
150.000000	78.666	-50.5635
152.500000	78.579	-50.4611
155.000000	78.494	-50.3445
157.500000	78.411	-50.2152
160.000000	78.332	-50.0713
162.500000	78.256	-49.9234
165.000000	78.182	-49.7622
167.500000	78.113	-49.5785
170.000000	78.046	-49.3859
172.500000	77.983	-49.1893
175.000000	77.923	-48.9939
177.500000	77.865	-48.7840
180.000000	77.810	-48.5518
182.500000	77.760	-48.3139
185.000000	77.715	-48.0695
187.500000	77.674	-47.8282
190.000000	77.637	-47.5836
192.500000	77.601	-47.3366
195.000000	77.566	-47.0843
197.500000	77.531	-46.8128
200.000000	77.501	-46.5566
203.000000	77.471	-46.2607
206.000000	77.445	-45.9792
209.000000	77.420	-45.7016
212.000000	77.396	-45.4216
214.000000	77.383	-45.2443
218.000000	77.357	-44.9390
220.000000	77.346	-44.7782
224.000000	77.331	-44.4644
227.000000	77.319	-44.2204
230.000000	77.308	-43.9621
233.000000	77.305	-43.6982
236.000000	77.311	-43.4318
240.000000	77.320	-43.1973
243.000000	77.328	-43.0737
247.000000	77.334	-42.9301
250.000000	77.335	-42.8345
254.000000	77.329	-42.7127
258.000000	77.324	-42.5523
262.000000	77.318	-42.3143
265.000000	77.321	-42.0531
269.000000	77.350	-41.6890
272.000000	77.391	-41.5072
276.000000	77.452	-41.4440
280.000000	77.494	-41.5829
285.000000	77.515	-41.7891
290.000000	77.526	-41.9351
295.000000	77.532	-42.0493
300.000000	77.536	-42.1675
304.000000	77.540	-42.2234
307.000000	77.543	-42.2706
311.000000	77.546	-42.3377
315.000000	77.551	-42.3906
320.000000	77.555	-42.4510
325.000000	77.555	-42.5055
330.000000	77.555	-42.5594
335.000000	77.557	-42.6073
340.000000	77.559	-42.6482
345.000000	77.560	-42.6857
350.000000	77.562	-42.7131
355.000000	77.567	-42.7503
360.000000	77.575	-42.8039
365.000000	77.585	-42.8665
370.000000	77.595	-42.9609
375.000000	77.606	-43.1028
382.000000	77.621	-43.3568
387.000000	77.629	-43.5521
395.000000	77.638	-43.8682
400.000000	77.640	-44.0771
406.000000	77.640	-44.3212
412.000000	77.638	-44.5517
418.000000	77.635	-44.7581
425.000000	77.629	-44.9817
431.000000	77.625	-45.1713
437.000000	77.624	-45.3590
444.000000	77.623	-45.5690
450.000000	77.621	-45.7581
455.000000	77.618	-45.9275
462.000000	77.614	-46.1647
468.000000	77.611	-46.3367
475.000000	77.606	-46.5309
482.000000	77.601	-46.7295
487.000000	77.597	-46.8687
494.000000	77.591	-47.0602
500.000000	77.586	-47.2195
508.000000	77.580	-47.4243
515.000000	77.575	-47.6006
522.000000	77.570	-47.7692
530.000000	77.564	-47.9563
538.000000	77.559	-48.1380
545.000000	77.554	-48.2900
552.000000	77.550	-48.4369
560.000000	77.545	-48.6068
570.000000	77.538	-48.8132
580.000000	77.533	-49.0028
590.000000	77.528	-49.1872
600.000000	77.523	-49.3670
608.000000	77.520	-49.5014
615.000000	77.517	-49.6151
622.000000	77.514	-49.7254
630.000000	77.511	-49.8481
640.000000	77.507	-49.9884
650.000000	77.504	-50.1146
660.000000	77.502	-50.2363
670.000000	77.501	-50.3514
680.000000	77.500	-50.4573
690.000000	77.500	-50.5549
700.000000	77.500	-50.6405
710.000000	77.501	-50.7186
720.000000	77.503	-50.7943
730.000000	77.506	-50.8581
740.000000	77.510	-50.9083
750.000000	77.516	-50.9582
762.000000	77.523	-51.0098
775.000000	77.532	-51.0529
788.000000	77.544	-51.0871
800.000000	77.556	-51.1155
812.000000	77.571	-51.1384
825.000000	77.589	-51.1577
838.000000	77.610	-51.1686
850.000000	77.634	-51.2293
862.000000	77.658	-51.4035
875.000000	77.677	-51.7298
885.000000	77.692	-52.0406
900.000000	77.717	-52.5219
912.000000	77.735	-52.8951
925.000000	77.753	-53.2740
938.000000	77.774	-53.6343
950.000000	77.797	-53.9635
962.000000	77.822	-54.2941
975.000000	77.850	-54.6525
988.000000	77.879	-55.0119
1000.000000	77.906	-55.3454
1015.000000	77.940	-55.7620
1030.000000	77.973	-56.1618
1044.000000	78.005	-56.5127
1060.000000	78.043	-56.8839
1075.000000	78.082	-57.1979
1090.000000	78.125	-57.4819
1106.000000	78.179	-57.7572
1120.000000	78.232	-57.9749
1138.000000	78.312	-58.2384
1150.000000	78.374	-58.4141
1172.000000	78.504	-58.7512
1180.000000	78.557	-58.8883
1206.000000	78.745	-59.4220
1220.000000	78.855	-59.7783
1241.000000	79.030	-60.4139
1250.000000	79.106	-60.7246
1265.000000	79.236	-61.2938
1280.000000	79.365	-61.9276
1315.000000	79.661	-63.6312
1320.000000	79.701	-63.8950
1340.000000	79.861	-64.9932
1360.000000	80.014	-66.1577
1380.000000	80.159	-67.3726
1400.000000	80.296	-68.6230
1430.000000	80.487	-70.5566
1450.000000	80.606	-71.8703
1475.000000	80.746	-73.5249
1500.000000	80.877	-75.1822
1525.000000	81.000	-76.8465
1550.000000	81.117	-78.5092
1575.000000	81.228	-80.1620
1600.000000	81.335	-81.8061
1625.000000	81.437	-83.4417
1650.000000	81.536	-85.0695
1675.000000	81.632	-86.6870
1700.000000	81.725	-88.2974
1725.000000	81.816	-89.8980
1750.000000	81.906	-91.4902
1775.000000	81.994	-93.0768
1800.000000	82.081	-94.6599
1825.000000	82.168	-96.2388
1850.000000	82.253	-97.8155
1875.000000	82.336	-99.3872
1900.000000	82.418	-100.9495
1925.000000	82.499	-102.4969
1950.000000	82.580	-104.0284
1975.000000	82.663	-105.5486
2000.000000	82.745	-107.0241
2030.000000	82.847	-108.6427
2060.000000	82.953	-110.1054
2090.000000	83.058	-111.5194
2120.000000	83.163	-112.9322
2140.000000	83.232	-113.8774
2180.000000	83.368	-115.7685
2200.000000	83.436	-116.7132
2240.000000	83.576	-118.6026
2270.000000	83.683	-120.0192
2300.000000	83.790	-121.4465
2330.000000	83.897	-122.8936
2360.000000	84.005	-124.3614
2400.000000	84.147	-126.3444
2430.000000	84.251	-127.8469
2470.000000	84.387	-129.8658
2500.000000	84.488	-131.3889
2540.000000	84.622	-133.4322
2580.000000	84.754	-135.5007
2620.000000	84.883	-137.5943
2650.000000	84.978	-139.1796
2690.000000	85.102	-141.3169
2720.000000	85.193	-142.9405
2760.000000	85.310	-145.1337
2800.000000	85.423	-147.3570
2850.000000	85.555	-150.1742
2900.000000	85.676	-153.0282
2950.000000	85.784	-155.9077
3000.000000	85.879	-158.7926
3040.000000	85.943	-161.0905
3070.000000	85.986	-162.7990
3110.000000	86.038	-165.0488
3150.000000	86.088	-167.2625
3200.000000	86.152	-169.9992
3250.000000	86.221	-172.7715
3300.000000	86.286	-175.6452
3350.000000	86.333	-178.6245
3400.000000	86.351	178.3644
3450.000000	86.341	175.4017
3500.000000	86.308	172.5308
3550.000000	86.260	169.7650
3600.000000	86.202	167.1077
3650.000000	86.138	164.5542
3700.000000	86.070	162.0986
3750.000000	85.999	159.7336
3820.000000	85.896	156.5529
3870.000000	85.820	154.3667
3950.000000	85.696	151.1202
4000.000000	85.621	149.5672
4060.000000	85.542	148.4725
4120.000000	85.463	147.8066
4180.000000	85.383	147.2506
4250.000000	85.287	146.6558
4310.000000	85.203	146.1898
4370.000000	85.113	145.7596
4440.000000	84.999	145.3114
4500.000000	84.895	144.9940
4550.000000	84.804	144.7783
4620.000000	84.671	144.5367
4680.000000	84.552	144.3809
4750.000000	84.403	144.2623
4820.000000	84.241	144.2184
4870.000000	84.117	144.2416
4940.000000	83.930	144.3680
5000.000000	83.761	144.5855
5080.000000	83.526	145.0476
5150.000000	83.315	145.5983
5220.000000	83.099	146.2704
5300.000000	82.842	147.1854
5380.000000	82.573	148.2855
5450.000000	82.330	149.4348
5520.000000	82.085	150.7742
5600.000000	81.806	152.5417
5700.000000	81.467	155.0862
5800.000000	81.145	157.9584
5900.000000	80.841	161.0927
6000.000000	80.558	164.2789
6080.000000	80.344	166.4463
6150.000000	80.165	168.0459
6220.000000	80.000	169.6485
6300.000000	79.830	171.6159
6400.000000	79.646	174.2683
6500.000000	79.500	177.1022
6600.000000	79.394	-179.8859
6700.000000	79.337	-176.7048
6800.000000	79.337	-173.4104
6900.000000	79.406	-170.0954
7000.000000	79.553	-166.8696
7100.000000	79.778	-163.8710
7200.000000	80.071	-161.2740
7300.000000	80.413	-159.2380
7400.000000	80.776	-157.8480
7500.000000	81.136	-157.0989
7620.000000	81.536	-156.9610
7750.000000	81.904	-157.6562
7880.000000	82.184	-159.1818
8000.000000	82.336	-161.3246
8120.000000	82.341	-164.1161
8250.000000	82.124	-167.5544
8380.000000	81.641	-170.8203
8500.000000	80.980	-173.1015
8620.000000	80.165	-174.2923
8750.000000	79.185	-174.1966
8850.000000	78.406	-173.1852
9000.000000	77.249	-170.3387
9120.000000	76.363	-167.0907
9250.000000	75.458	-162.8185
9380.000000	74.613	-157.9421
9500.000000	73.887	-153.0161
9620.000000	73.210	-147.7570
9750.000000	72.531	-141.7560
9880.000000	71.903	-135.5064
10000.000000	71.364	-129.5649
10150.000000	70.739	-121.9248
10300.000000	70.163	-114.0544
10440.000000	69.667	-106.5078
10600.000000	69.145	-97.6386
10750.000000	68.701	-89.1087
10900.000000	68.301	-80.4225
11060.000000	67.916	-71.0103
11200.000000	67.613	-62.6595
11380.000000	67.270	-51.7713
11500.000000	67.070	-44.4048
11720.000000	66.762	-30.6728
11800.000000	66.669	-25.6180
12060.000000	66.438	-8.9021
12200.000000	66.358	0.2858
12410.000000	66.297	14.2775
12500.000000	66.295	20.3482
12650.000000	66.326	30.5788
12800.000000	66.409	40.9747
13150.000000	66.859	65.8362
13200.000000	66.961	69.4249
13400.000000	67.481	83.7068
13600.000000	68.180	97.5161
13800.000000	69.020	110.3705
14000.000000	69.942	122.0516
14300.000000	71.390	137.8257
14500.000000	72.415	147.5112
14750.000000	73.830	158.3996
15000.000000	75.409	166.8309
15250.000000	77.013	171.1552
15500.000000	78.263	170.2770
15750.000000	78.652	165.5564
16000.000000	77.944	161.1294
16250.000000	76.397	161.0421
16500.000000	74.507	166.6217
16750.000000	72.657	176.8991
17000.000000	71.014	-169.6917
17250.000000	69.611	-154.3561
17500.000000	68.425	-137.7947
17750.000000	67.425	-120.4373
18000.000000	66.587	-102.5758
18250.000000	65.893	-84.4741
18500.000000	65.333	-67.0138
18750.000000	64.887	-52.2093
19000.000000	64.546	-39.9388
19250.000000	64.312	-28.6500
19500.000000	64.171	-17.8901
19750.000000	64.100	-8.0685
20000.000000	64.075	-1.0913
