* Measurement data measured by REW V5.31.3
* Source: Microphone (JadeAudio JA11), MICROPHONE (Master Volume), L, volume: 1.000
* Format: 512k Log Swept Sine, 1 sweep at -14.9 dBFS with no timing reference
* Dated: Jun 13, 2026 1:03:16 AM
* REW Settings:
*  C-weighting compensation: Off
*  Target level: 75.0 dB
* Note: 
* Measurement: R Pudding (WNR, Reference)
* Smoothing: 1/24 octave
* Frequency Step: 1/48 octave
* Start Frequency: 20.300 Hz
*
* Freq(Hz)	SPL(dB)	Phase(degrees)
20.299999	91.314	-162.5486
20.600000	91.353	-164.5382
20.900000	91.409	-166.7661
21.200001	91.469	-169.0653
21.400000	91.506	-170.6225
21.799999	91.559	-173.7713
22.000000	91.574	-175.3511
22.400000	91.589	-178.4918
22.700001	91.598	179.1892
23.000000	91.613	176.9098
23.299999	91.637	174.6633
23.600000	91.671	172.4312
24.000000	91.720	169.4387
24.299999	91.756	167.1628
24.700001	91.798	164.0845
25.000000	91.824	161.7568
25.400000	91.854	158.6497
25.799999	91.878	155.5453
26.200001	91.898	152.4321
26.500000	91.911	150.0844
26.900000	91.930	146.9413
27.200001	91.947	144.5851
27.600000	91.971	141.4585
28.000000	91.992	138.3484
28.500000	92.008	134.4609
29.000000	92.011	130.5532
29.500000	92.008	126.6305
30.000000	92.000	122.7017
30.400000	91.989	119.5505
30.700001	91.981	117.1828
31.100000	91.972	114.0319
31.500000	91.971	110.9110
32.000000	91.985	107.0828
32.500000	92.009	103.3379
33.000000	92.029	99.6518
33.500000	92.027	95.9956
34.000000	91.999	92.3411
34.500000	91.958	88.6631
35.000000	91.922	84.9624
35.500000	91.902	81.2729
36.000000	91.890	77.6191
36.500000	91.873	73.9809
37.000000	91.849	70.3289
37.500000	91.826	66.6833
38.200001	91.798	61.6851
38.700001	91.772	58.1759
39.500000	91.715	52.5034
40.000000	91.681	48.9467
40.599998	91.647	44.8023
41.200001	91.610	40.7870
41.799999	91.563	36.7468
42.500000	91.509	31.9386
43.099998	91.466	27.8659
43.700001	91.421	23.8744
44.400002	91.366	19.1973
45.000000	91.323	15.1680
45.500000	91.288	11.8708
46.200001	91.225	7.3546
46.799999	91.164	3.4725
47.500000	91.107	-1.0981
48.200001	91.069	-5.6260
48.700001	91.040	-8.8395
49.400002	90.987	-13.3411
50.000000	90.933	-17.1580
50.799999	90.854	-22.1373
51.500000	90.790	-26.4730
52.200001	90.734	-30.8239
53.000000	90.668	-35.7490
53.799999	90.602	-40.5997
54.500000	90.554	-44.8123
55.200001	90.504	-49.0552
56.000000	90.437	-53.9434
57.000000	90.371	-59.9489
58.000000	90.311	-65.9417
59.000000	90.223	-72.0156
60.000000	90.136	-77.9920
60.799999	90.083	-82.7638
61.500000	90.040	-86.9041
62.200001	89.991	-90.9355
63.000000	89.921	-95.4592
64.000000	89.820	-101.1466
65.000000	89.735	-106.8242
66.000000	89.667	-112.5248
67.000000	89.600	-118.2789
68.000000	89.527	-123.8590
69.000000	89.445	-129.3279
70.000000	89.367	-134.8964
71.000000	89.300	-140.4775
72.000000	89.230	-145.9806
73.000000	89.154	-151.4265
74.000000	89.075	-156.8887
75.000000	89.001	-162.3453
76.199997	88.919	-168.6910
77.500000	88.830	-175.5361
78.800003	88.743	177.5535
80.000000	88.678	171.2177
81.199997	88.590	164.8370
82.500000	88.474	157.9501
83.800003	88.378	151.1053
85.000000	88.296	144.9105
86.199997	88.203	138.8171
87.500000	88.095	132.1539
88.500000	88.011	127.0375
90.000000	87.907	119.5150
91.199997	87.831	113.4870
92.500000	87.738	106.9242
93.800003	87.657	100.4943
95.000000	87.580	94.5620
96.199997	87.493	88.5706
97.500000	87.398	82.1202
98.800003	87.311	75.7621
100.000000	87.242	70.0443
101.500000	87.157	63.0245
103.000000	87.065	55.7476
104.400002	86.983	49.0856
106.000000	86.879	41.6080
107.500000	86.770	34.5521
109.000000	86.666	27.5656
110.599998	86.550	20.2220
112.000000	86.461	13.7094
113.800003	86.360	5.2243
115.000000	86.288	-0.3951
117.199997	86.141	-10.3916
118.000000	86.088	-13.9431
120.599998	85.937	-25.3795
122.000000	85.867	-31.4841
124.099998	85.755	-40.7713
125.000000	85.711	-44.8556
126.500000	85.638	-51.6045
128.000000	85.545	-58.1933
131.500000	85.330	-73.2977
132.000000	85.309	-75.4359
134.000000	85.234	-83.9913
136.000000	85.132	-92.4832
138.000000	85.018	-100.8289
140.000000	84.925	-109.1704
143.000000	84.809	-121.7703
145.000000	84.703	-130.0056
147.500000	84.593	-140.2310
150.000000	84.520	-150.3341
152.500000	84.453	-160.4602
155.000000	84.349	-170.5563
157.500000	84.241	179.5858
160.000000	84.160	169.6135
162.500000	84.095	159.5950
165.000000	84.024	149.7786
167.500000	83.950	139.9843
170.000000	83.877	130.1609
172.500000	83.813	120.4377
175.000000	83.733	111.0037
177.500000	83.663	101.5658
180.000000	83.624	92.1337
182.500000	83.569	82.7356
185.000000	83.509	73.2827
187.500000	83.455	63.8289
190.000000	83.419	54.4673
192.500000	83.400	45.3184
195.000000	83.365	36.1775
197.500000	83.317	26.8165
200.000000	83.291	17.5989
203.000000	83.276	6.6499
206.000000	83.256	-4.4041
209.000000	83.225	-15.4490
212.000000	83.213	-26.4514
214.000000	83.211	-33.6229
218.000000	83.195	-47.7574
220.000000	83.194	-54.8401
224.000000	83.191	-68.8345
227.000000	83.196	-79.4496
230.000000	83.221	-90.1403
233.000000	83.243	-100.7076
236.000000	83.261	-111.1469
240.000000	83.282	-125.0090
243.000000	83.285	-135.4626
247.000000	83.302	-149.3915
250.000000	83.319	-159.6700
254.000000	83.330	-173.2340
258.000000	83.337	173.2112
262.000000	83.349	159.5951
265.000000	83.367	149.5112
269.000000	83.402	136.1608
272.000000	83.433	126.1876
276.000000	83.475	112.8517
280.000000	83.506	99.5142
285.000000	83.539	82.9844
290.000000	83.588	66.6687
295.000000	83.634	50.3625
300.000000	83.692	34.1202
304.000000	83.753	21.1989
307.000000	83.792	11.5240
311.000000	83.837	-1.2346
315.000000	83.885	-14.0116
320.000000	83.954	-29.9739
325.000000	84.029	-45.7572
330.000000	84.096	-61.5199
335.000000	84.166	-77.2506
340.000000	84.246	-92.9260
345.000000	84.326	-108.5353
350.000000	84.397	-124.1755
355.000000	84.458	-139.6672
360.000000	84.511	-154.9707
365.000000	84.568	-170.3179
370.000000	84.615	174.3206
375.000000	84.652	159.1786
382.000000	84.723	138.0197
387.000000	84.787	122.9775
395.000000	84.874	99.0658
400.000000	84.931	84.1886
406.000000	84.992	66.3772
412.000000	85.053	48.6351
418.000000	85.124	31.1785
425.000000	85.184	11.1155
431.000000	85.224	-6.1055
437.000000	85.265	-23.2972
444.000000	85.294	-43.1924
450.000000	85.311	-60.1995
455.000000	85.322	-74.3857
462.000000	85.335	-94.1514
468.000000	85.359	-110.9026
475.000000	85.383	-130.1130
482.000000	85.393	-149.2825
487.000000	85.406	-162.9758
494.000000	85.428	178.0493
500.000000	85.450	162.0405
508.000000	85.475	140.9468
515.000000	85.482	122.4448
522.000000	85.483	103.9153
530.000000	85.472	82.8843
538.000000	85.456	61.9880
545.000000	85.451	44.0022
552.000000	85.440	26.1663
560.000000	85.427	5.8982
570.000000	85.401	-19.1833
580.000000	85.348	-44.0571
590.000000	85.283	-68.5872
600.000000	85.242	-92.8269
608.000000	85.211	-111.9998
615.000000	85.181	-128.6692
622.000000	85.156	-145.2327
630.000000	85.130	-164.0776
640.000000	85.077	172.6987
650.000000	85.039	149.4578
660.000000	85.038	126.5500
670.000000	85.010	104.1162
680.000000	84.969	81.6663
690.000000	84.944	59.2317
700.000000	84.914	37.1597
710.000000	84.881	15.2900
720.000000	84.848	-6.3586
730.000000	84.817	-27.8494
740.000000	84.793	-49.1064
750.000000	84.770	-70.1296
762.000000	84.726	-95.2808
775.000000	84.668	-122.1511
788.000000	84.606	-148.8223
800.000000	84.557	-173.1006
812.000000	84.498	162.9856
825.000000	84.445	137.3555
838.000000	84.400	112.1174
850.000000	84.354	89.0012
862.000000	84.308	66.1147
875.000000	84.277	41.5515
885.000000	84.249	22.9058
900.000000	84.201	-4.6807
912.000000	84.173	-26.5110
925.000000	84.165	-49.9443
938.000000	84.160	-73.1235
950.000000	84.143	-94.3337
962.000000	84.122	-115.2842
975.000000	84.111	-137.8367
988.000000	84.118	-160.1482
1000.000000	84.121	179.5149
1015.000000	84.127	154.2690
1030.000000	84.139	129.3271
1044.000000	84.152	106.4199
1060.000000	84.175	80.4551
1075.000000	84.209	56.4167
1090.000000	84.252	32.6929
1106.000000	84.304	7.6870
1120.000000	84.342	-14.0117
1138.000000	84.386	-41.4971
1150.000000	84.418	-59.6028
1172.000000	84.489	-92.5796
1180.000000	84.516	-104.5417
1206.000000	84.614	-142.9583
1220.000000	84.678	-163.3374
1241.000000	84.775	166.5376
1250.000000	84.812	153.7598
1265.000000	84.870	132.5947
1280.000000	84.925	111.6831
1315.000000	85.067	63.9282
1320.000000	85.086	57.1980
1340.000000	85.156	30.4419
1360.000000	85.229	4.0425
1380.000000	85.293	-21.8540
1400.000000	85.355	-47.4424
1430.000000	85.468	-85.1519
1450.000000	85.532	-109.8145
1475.000000	85.616	-140.1069
1500.000000	85.671	-169.7710
1525.000000	85.741	160.9819
1550.000000	85.826	132.2974
1575.000000	85.905	104.3425
1600.000000	85.997	76.8181
1625.000000	86.106	49.7432
1650.000000	86.183	23.2744
1675.000000	86.262	-2.6763
1700.000000	86.368	-28.0430
1725.000000	86.476	-52.9722
1750.000000	86.582	-77.4839
1775.000000	86.683	-101.3672
1800.000000	86.783	-124.9634
1825.000000	86.891	-148.1411
1850.000000	87.002	-170.7827
1875.000000	87.125	166.9854
1900.000000	87.251	145.2129
1925.000000	87.377	123.9233
1950.000000	87.513	103.0142
1975.000000	87.651	82.4668
2000.000000	87.800	62.2554
2030.000000	87.981	38.6836
2060.000000	88.133	15.7212
2090.000000	88.291	-6.8691
2120.000000	88.457	-28.8203
2140.000000	88.575	-43.1274
2180.000000	88.807	-71.0288
2200.000000	88.915	-84.6270
2240.000000	89.155	-111.1787
2270.000000	89.360	-130.5303
2300.000000	89.556	-149.4033
2330.000000	89.762	-167.8032
2360.000000	89.987	174.3218
2400.000000	90.289	151.2642
2430.000000	90.513	134.4180
2470.000000	90.821	112.7461
2500.000000	91.054	97.0088
2540.000000	91.364	76.5811
2580.000000	91.692	56.7695
2620.000000	92.029	37.6396
2650.000000	92.283	23.6685
2690.000000	92.624	5.5498
2720.000000	92.873	-7.6582
2760.000000	93.192	-24.7832
2800.000000	93.481	-41.4683
2850.000000	93.801	-61.5830
2900.000000	94.037	-80.6904
2950.000000	94.196	-98.7158
3000.000000	94.282	-115.5190
3040.000000	94.303	-128.0703
3070.000000	94.311	-136.9517
3110.000000	94.307	-148.0977
3150.000000	94.288	-158.5347
3200.000000	94.250	-170.3276
3250.000000	94.183	179.1196
3300.000000	94.097	169.5977
3350.000000	94.018	161.2261
3400.000000	93.937	154.0317
3450.000000	93.835	147.9150
3500.000000	93.720	142.9141
3550.000000	93.608	139.1475
3600.000000	93.493	136.4224
3650.000000	93.382	134.5190
3700.000000	93.265	133.5020
3750.000000	93.146	133.4248
3820.000000	92.999	135.1738
3870.000000	92.899	137.7046
3950.000000	92.779	143.6157
4000.000000	92.707	148.1274
4060.000000	92.594	154.5000
4120.000000	92.448	162.1465
4180.000000	92.288	170.9795
4250.000000	92.088	-177.1919
4310.000000	91.902	-165.5718
4370.000000	91.718	-152.6372
4440.000000	91.506	-135.8452
4500.000000	91.331	-119.9609
4550.000000	91.188	-105.9126
4620.000000	91.007	-85.0610
4680.000000	90.867	-66.0776
4750.000000	90.718	-42.5786
4820.000000	90.588	-17.5073
4870.000000	90.514	1.4312
4940.000000	90.450	29.2197
5000.000000	90.432	54.0410
5080.000000	90.442	88.4316
5150.000000	90.464	119.5239
5220.000000	90.476	151.5483
5300.000000	90.478	-170.1484
5380.000000	90.495	-129.7964
5450.000000	90.499	-93.5928
5520.000000	90.497	-56.6030
5600.000000	90.478	-13.0308
5700.000000	90.421	43.5449
5800.000000	90.336	101.9995
5900.000000	90.238	163.0942
6000.000000	90.111	-133.8232
6080.000000	89.754	-88.9214
6150.000000	88.878	-60.7949
6220.000000	88.758	0.1924
6300.000000	90.711	102.9465
6400.000000	91.112	150.1926
6500.000000	90.017	-141.2283
6600.000000	89.528	-64.5679
6700.000000	89.350	14.6616
6800.000000	89.226	95.3945
6900.000000	89.112	178.3286
7000.000000	89.001	-96.3645
7100.000000	88.866	-10.1299
7200.000000	88.712	78.1138
7300.000000	88.533	167.3970
7400.000000	88.333	-101.2388
7500.000000	88.148	-6.1882
7620.000000	88.016	112.0349
7750.000000	88.079	-116.3909
7880.000000	88.480	21.6218
8000.000000	89.075	148.4270
8120.000000	89.519	-95.8167
8250.000000	89.530	28.4780
8380.000000	89.154	163.6565
8500.000000	88.678	-66.3820
8620.000000	88.200	68.9885
8750.000000	87.711	-142.2949
8850.000000	87.352	-28.0505
9000.000000	86.821	148.3447
9120.000000	86.393	-69.3765
9250.000000	85.891	87.1388
9380.000000	85.341	-113.5294
9500.000000	84.808	36.1008
9620.000000	84.262	-171.4095
9750.000000	83.670	-3.6886
9880.000000	83.092	167.4177
10000.000000	82.587	-32.2141
10150.000000	82.005	171.4032
10300.000000	81.485	20.9073
10440.000000	81.060	-142.4410
10600.000000	80.635	83.8329
10750.000000	80.300	-65.6809
10900.000000	80.017	160.1509
11060.000000	79.746	28.6821
11200.000000	79.512	-120.4097
11380.000000	79.137	146.4814
11500.000000	78.790	-34.9292
11720.000000	77.777	-66.0757
11800.000000	77.236	50.3064
12060.000000	74.778	94.1472
12200.000000	73.142	-50.1919
12410.000000	70.924	-42.5955
12500.000000	70.447	136.3289
12650.000000	70.919	-47.1533
12800.000000	72.823	11.6279
13150.000000	77.609	-154.3142
13200.000000	78.062	-74.5015
13400.000000	79.162	-110.7051
13600.000000	79.234	85.4248
13800.000000	78.552	51.1138
14000.000000	77.494	66.0215
14300.000000	76.917	-92.2793
14500.000000	78.833	4.9639
14750.000000	82.916	4.6396
15000.000000	86.048	-7.6677
15250.000000	86.655	-148.4573
15500.000000	85.088	-123.2830
15750.000000	82.815	173.0952
16000.000000	80.918	-43.9185
16250.000000	79.824	26.0439
16500.000000	79.476	106.8359
16750.000000	79.771	27.6230
17000.000000	80.818	48.5518
17250.000000	82.715	-143.9424
17500.000000	84.915	-9.7610
17750.000000	86.018	-141.7832
18000.000000	84.837	-131.9060
18250.000000	81.672	-160.2544
18500.000000	77.774	-156.0061
18750.000000	74.211	-133.3286
19000.000000	71.450	-89.1636
19250.000000	69.519	-75.9287
19500.000000	68.297	-79.4939
19750.000000	67.661	-27.4722
20000.000000	67.439	-0.8696
