* Measurement data measured by REW V5.31.3
* Source: Microphone (JadeAudio JA11), MICROPHONE (Master Volume), R, volume: 0.250
* Format: 512k Log Swept Sine, 1 sweep at 0.0 dBFS with no timing reference
* Dated: Apr 23, 2025 7:15:49 PM
* REW Settings:
*  C-weighting compensation: Off
*  Target level: 75.0 dB
* Note: 
* Measurement: R Moca (Monitor, Nuarl 7)
* Smoothing: 1/24 octave
* Frequency Step: 1/48 octave
* Start Frequency: 20.300 Hz
*
* Freq(Hz)	SPL(dB)	Phase(degrees)
20.299999	85.908	-99.8817
20.600000	85.878	-101.5966
20.900000	85.842	-103.4523
21.200001	85.806	-105.3018
21.400000	85.783	-106.5232
21.799999	85.739	-108.9352
22.000000	85.718	-110.1265
22.400000	85.674	-112.4834
22.700001	85.640	-114.2332
23.000000	85.607	-115.9710
23.299999	85.574	-117.6973
23.600000	85.541	-119.4106
24.000000	85.499	-121.6692
24.299999	85.467	-123.3415
24.700001	85.424	-125.5446
25.000000	85.391	-127.1819
25.400000	85.349	-129.3527
25.799999	85.308	-131.5116
26.200001	85.269	-133.6521
26.500000	85.240	-135.2399
26.900000	85.201	-137.3304
27.200001	85.172	-138.8817
27.600000	85.133	-140.9375
28.000000	85.094	-142.9863
28.500000	85.047	-145.5345
29.000000	85.000	-148.0493
29.500000	84.954	-150.5188
30.000000	84.908	-152.9554
30.400000	84.873	-154.8970
30.700001	84.848	-156.3535
31.100000	84.816	-158.2944
31.500000	84.785	-160.2260
32.000000	84.745	-162.6117
32.500000	84.705	-164.9544
33.000000	84.667	-167.2612
33.500000	84.631	-169.5579
34.000000	84.597	-171.8672
34.500000	84.563	-174.1810
35.000000	84.527	-176.4602
35.500000	84.493	-178.6784
36.000000	84.460	179.1396
36.500000	84.428	176.9352
37.000000	84.396	174.6815
37.500000	84.365	172.4160
38.200001	84.326	169.3370
38.700001	84.303	167.2165
39.500000	84.266	163.8446
40.000000	84.238	161.7078
40.599998	84.200	159.1335
41.200001	84.165	156.5836
41.799999	84.136	154.0688
42.500000	84.111	151.1544
43.099998	84.091	148.6530
43.700001	84.068	146.1667
44.400002	84.038	143.3299
45.000000	84.012	140.9311
45.500000	83.993	138.9044
46.200001	83.970	135.9909
46.799999	83.951	133.4763
47.500000	83.930	130.6042
48.200001	83.911	127.7977
48.700001	83.898	125.8071
49.400002	83.875	123.0190
50.000000	83.856	120.6276
50.799999	83.836	117.4600
51.500000	83.821	114.7150
52.200001	83.801	111.9606
53.000000	83.781	108.7910
53.799999	83.767	105.6266
54.500000	83.749	102.8576
55.200001	83.733	100.1299
56.000000	83.723	97.0690
57.000000	83.704	93.1638
58.000000	83.687	89.3618
59.000000	83.660	85.1833
60.000000	83.612	80.5472
60.799999	83.611	77.7121
61.500000	83.630	75.6804
62.200001	83.635	73.3503
63.000000	83.623	70.3290
64.000000	83.611	66.6187
65.000000	83.600	62.8839
66.000000	83.590	59.1467
67.000000	83.582	55.4313
68.000000	83.574	51.7101
69.000000	83.570	48.0072
70.000000	83.568	44.2890
71.000000	83.564	40.5858
72.000000	83.557	36.8923
73.000000	83.544	33.1940
74.000000	83.533	29.5219
75.000000	83.527	25.8463
76.199997	83.520	21.4221
77.500000	83.507	16.7031
78.800003	83.499	11.9523
80.000000	83.490	7.5392
81.199997	83.482	3.2310
82.500000	83.476	-1.3962
83.800003	83.468	-6.0709
85.000000	83.463	-10.4001
86.199997	83.457	-14.7026
87.500000	83.450	-19.3481
88.500000	83.444	-22.9324
90.000000	83.434	-28.2790
91.199997	83.423	-32.4960
92.500000	83.410	-37.0929
93.800003	83.403	-41.6902
95.000000	83.396	-45.8592
96.199997	83.385	-50.0222
97.500000	83.377	-54.5488
98.800003	83.372	-59.1072
100.000000	83.370	-63.2830
101.500000	83.361	-68.4449
103.000000	83.348	-73.6245
104.400002	83.338	-78.4586
106.000000	83.327	-83.9802
107.500000	83.316	-89.1095
109.000000	83.303	-94.1659
110.599998	83.286	-99.5402
112.000000	83.273	-104.2634
113.800003	83.258	-110.3011
115.000000	83.248	-114.3132
117.199997	83.234	-121.6562
118.000000	83.228	-124.2797
120.599998	83.198	-132.7550
122.000000	83.183	-137.3299
124.099998	83.168	-144.1606
125.000000	83.161	-147.0845
126.500000	83.148	-151.9644
128.000000	83.133	-156.8395
131.500000	83.096	-168.0732
132.000000	83.090	-169.6658
134.000000	83.070	-176.0353
136.000000	83.058	177.6375
138.000000	83.037	171.4139
140.000000	83.011	165.1423
143.000000	82.975	155.7164
145.000000	82.943	149.4830
147.500000	82.911	141.7405
150.000000	82.879	134.0573
152.500000	82.846	126.4153
155.000000	82.810	118.8467
157.500000	82.775	111.3329
160.000000	82.745	103.8499
162.500000	82.712	96.4294
165.000000	82.691	89.0771
167.500000	82.678	81.7460
170.000000	82.670	74.3834
172.500000	82.660	67.0548
175.000000	82.638	59.7649
177.500000	82.614	52.5159
180.000000	82.592	45.3291
182.500000	82.572	38.1038
185.000000	82.555	30.8646
187.500000	82.536	23.6738
190.000000	82.513	16.5135
192.500000	82.485	9.4088
195.000000	82.454	2.3563
197.500000	82.423	-4.6471
200.000000	82.392	-11.6152
203.000000	82.357	-19.8779
206.000000	82.325	-27.9637
209.000000	82.311	-36.0013
212.000000	82.321	-44.0933
214.000000	82.337	-49.5664
218.000000	82.366	-60.5459
220.000000	82.361	-66.0277
224.000000	82.350	-76.9647
227.000000	82.344	-85.0894
230.000000	82.334	-93.1486
233.000000	82.324	-101.2254
236.000000	82.317	-109.3345
240.000000	82.305	-120.0435
243.000000	82.294	-127.9932
247.000000	82.278	-138.5543
250.000000	82.266	-146.4338
254.000000	82.260	-156.8950
258.000000	82.262	-167.3357
262.000000	82.260	-177.7268
265.000000	82.255	174.5004
269.000000	82.255	164.2048
272.000000	82.258	156.5563
276.000000	82.264	146.3701
280.000000	82.269	136.1619
285.000000	82.278	123.4849
290.000000	82.288	110.8849
295.000000	82.301	98.3018
300.000000	82.310	85.7407
304.000000	82.317	75.7158
307.000000	82.321	68.2201
311.000000	82.325	58.2617
315.000000	82.327	48.3528
320.000000	82.330	36.0212
325.000000	82.334	23.7632
330.000000	82.337	11.5566
335.000000	82.338	-0.6078
340.000000	82.335	-12.7208
345.000000	82.332	-24.7837
350.000000	82.330	-36.7812
355.000000	82.331	-48.6588
360.000000	82.333	-60.4602
365.000000	82.334	-72.2123
370.000000	82.330	-83.8916
375.000000	82.323	-95.5308
382.000000	82.313	-111.7668
387.000000	82.305	-123.2926
395.000000	82.292	-141.6001
400.000000	82.283	-152.9681
406.000000	82.270	-166.5278
412.000000	82.252	179.9854
418.000000	82.232	166.5370
425.000000	82.207	150.9376
431.000000	82.185	137.6709
437.000000	82.163	124.5023
444.000000	82.136	109.2588
450.000000	82.112	96.2803
455.000000	82.092	85.5117
462.000000	82.065	70.5171
468.000000	82.043	57.7471
475.000000	82.018	42.9373
482.000000	81.995	28.2321
487.000000	81.980	17.7948
494.000000	81.963	3.2740
500.000000	81.952	-9.0928
508.000000	81.941	-25.4874
515.000000	81.934	-39.7826
522.000000	81.928	-54.0225
530.000000	81.923	-70.2164
538.000000	81.918	-86.3292
545.000000	81.914	-100.3456
552.000000	81.912	-114.2744
560.000000	81.909	-130.1189
570.000000	81.901	-149.8313
580.000000	81.888	-169.4185
590.000000	81.871	171.1792
600.000000	81.864	151.9551
608.000000	81.870	136.6520
615.000000	81.877	123.3020
622.000000	81.881	109.9968
630.000000	81.879	94.8425
640.000000	81.868	76.0004
650.000000	81.852	57.2900
660.000000	81.831	38.7024
670.000000	81.808	20.2534
680.000000	81.786	1.9712
690.000000	81.764	-16.1525
700.000000	81.744	-34.1753
710.000000	81.719	-52.1204
720.000000	81.690	-70.0024
730.000000	81.662	-87.8257
740.000000	81.636	-105.5339
750.000000	81.608	-123.0962
762.000000	81.575	-143.9844
775.000000	81.541	-166.3572
788.000000	81.509	171.4753
800.000000	81.482	151.1807
812.000000	81.453	131.0183
825.000000	81.427	109.3296
838.000000	81.405	87.8530
850.000000	81.392	68.2285
862.000000	81.385	48.7837
875.000000	81.381	27.8894
885.000000	81.380	11.9182
900.000000	81.384	-11.8809
912.000000	81.392	-30.7903
925.000000	81.407	-51.1289
938.000000	81.430	-71.2966
950.000000	81.459	-89.7551
962.000000	81.494	-108.0762
975.000000	81.536	-127.7913
988.000000	81.583	-147.4043
1000.000000	81.632	-165.4248
1015.000000	81.700	172.1587
1030.000000	81.775	149.8962
1044.000000	81.852	129.2744
1060.000000	81.949	105.8901
1075.000000	82.044	84.1526
1090.000000	82.143	62.5400
1106.000000	82.254	39.6470
1120.000000	82.356	19.7930
1138.000000	82.492	-5.5190
1150.000000	82.584	-22.2861
1172.000000	82.755	-52.8062
1180.000000	82.819	-63.8284
1206.000000	83.030	-99.3679
1220.000000	83.145	-118.3542
1241.000000	83.315	-146.7031
1250.000000	83.387	-158.8130
1265.000000	83.506	-178.9346
1280.000000	83.623	161.0518
1315.000000	83.891	114.8533
1320.000000	83.929	108.3176
1340.000000	84.078	82.3230
1360.000000	84.221	56.5173
1380.000000	84.359	30.8623
1400.000000	84.490	5.3589
1430.000000	84.674	-32.5576
1450.000000	84.788	-57.5471
1475.000000	84.927	-88.4160
1500.000000	85.055	-118.9001
1525.000000	85.175	-149.0732
1550.000000	85.284	-178.9756
1575.000000	85.387	151.4199
1600.000000	85.489	122.1785
1625.000000	85.593	93.3088
1650.000000	85.708	64.8262
1675.000000	85.832	36.6782
1700.000000	85.956	8.7566
1725.000000	86.071	-18.9956
1750.000000	86.173	-46.5623
1775.000000	86.262	-73.8640
1800.000000	86.343	-100.8420
1825.000000	86.422	-127.4463
1850.000000	86.501	-153.6753
1875.000000	86.578	-179.5850
1900.000000	86.654	154.7927
1925.000000	86.731	129.4148
1950.000000	86.815	104.2520
1975.000000	86.911	79.3120
2000.000000	87.014	54.5889
2030.000000	87.139	25.2422
2060.000000	87.259	-3.7239
2090.000000	87.370	-32.3418
2120.000000	87.474	-60.6338
2140.000000	87.541	-79.3384
2180.000000	87.676	-116.4175
2200.000000	87.746	-134.8049
2240.000000	87.889	-171.3989
2270.000000	88.000	161.3750
2300.000000	88.114	134.4609
2330.000000	88.225	107.8281
2360.000000	88.334	81.4324
2400.000000	88.472	46.5261
2430.000000	88.570	20.5688
2470.000000	88.694	-13.6641
2500.000000	88.778	-39.0283
2540.000000	88.879	-72.3584
2580.000000	88.967	-105.0923
2620.000000	89.040	-137.3208
2650.000000	89.087	-161.2031
2690.000000	89.139	167.2607
2720.000000	89.171	143.8379
2760.000000	89.206	112.9912
2800.000000	89.232	82.6250
2850.000000	89.252	45.4209
2900.000000	89.250	8.9858
2950.000000	89.219	-26.8110
3000.000000	89.153	-62.0762
3040.000000	89.074	-89.8613
3070.000000	89.000	-110.3779
3110.000000	88.887	-137.2461
3150.000000	88.764	-163.4775
3200.000000	88.608	164.6240
3250.000000	88.460	133.5557
3300.000000	88.323	103.1470
3350.000000	88.190	73.2422
3400.000000	88.058	43.8765
3450.000000	87.920	15.2090
3500.000000	87.777	-12.4570
3550.000000	87.633	-38.9614
3600.000000	87.486	-64.5781
3650.000000	87.341	-89.5190
3700.000000	87.202	-113.8789
3750.000000	87.070	-137.7603
3820.000000	86.899	-170.3584
3870.000000	86.785	167.0381
3950.000000	86.616	132.2471
4000.000000	86.520	111.3789
4060.000000	86.415	87.0713
4120.000000	86.323	63.4302
4180.000000	86.236	40.3135
4250.000000	86.139	14.0605
4310.000000	86.056	-7.6934
4370.000000	85.969	-28.6235
4440.000000	85.863	-51.9019
4500.000000	85.771	-70.9648
4550.000000	85.702	-86.2852
4620.000000	85.625	-107.0156
4680.000000	85.580	-124.2085
4750.000000	85.554	-143.5356
4820.000000	85.555	-161.9814
4870.000000	85.573	-174.5581
4940.000000	85.624	168.6606
5000.000000	85.690	154.9053
5080.000000	85.806	137.2729
5150.000000	85.931	122.3228
5220.000000	86.069	107.7388
5300.000000	86.237	91.6191
5380.000000	86.400	76.1494
5450.000000	86.523	63.2280
5520.000000	86.617	50.9756
5600.000000	86.671	37.7412
5700.000000	86.638	22.3120
5800.000000	86.494	8.2041
5900.000000	86.291	-4.3931
6000.000000	86.057	-15.3481
6080.000000	85.843	-22.7690
6150.000000	85.641	-28.1597
6220.000000	85.431	-32.5732
6300.000000	85.192	-36.5303
6400.000000	84.912	-40.0503
6500.000000	84.665	-42.2358
6600.000000	84.467	-43.0342
6700.000000	84.329	-42.3452
6800.000000	84.260	-40.1323
6900.000000	84.266	-36.8594
7000.000000	84.335	-33.7100
7100.000000	84.467	-30.8789
7200.000000	84.669	-27.8086
7300.000000	84.938	-24.2554
7400.000000	85.271	-20.1265
7500.000000	85.661	-15.4150
7620.000000	86.192	-9.0972
7750.000000	86.791	-2.1606
7880.000000	87.285	4.1016
8000.000000	87.485	9.1880
8120.000000	87.309	14.3184
8250.000000	86.678	21.6421
8380.000000	85.700	32.3320
8500.000000	84.636	45.8535
8620.000000	83.528	62.7417
8750.000000	82.342	84.1860
8850.000000	81.464	102.5664
9000.000000	80.223	132.5405
9120.000000	79.305	158.3555
9250.000000	78.388	-171.8237
9380.000000	77.548	-140.0210
9500.000000	76.839	-108.7632
9620.000000	76.189	-75.8364
9750.000000	75.546	-38.5801
9880.000000	74.962	0.0732
10000.000000	74.468	36.6836
10150.000000	73.906	83.7432
10300.000000	73.397	132.5327
10440.000000	72.969	179.8521
10600.000000	72.540	-123.5083
10750.000000	72.200	-68.2251
10900.000000	71.926	-10.1138
11060.000000	71.717	56.7461
11200.000000	71.589	117.2949
11380.000000	71.491	-163.2607
11500.000000	71.470	-109.1118
11720.000000	71.518	-7.3110
11800.000000	71.563	30.8320
12060.000000	71.821	158.7114
12200.000000	72.042	-130.2754
12410.000000	72.507	-21.4521
12500.000000	72.755	25.4102
12650.000000	73.231	104.0500
12800.000000	73.788	-176.0056
13150.000000	75.492	16.3171
13200.000000	75.796	44.7502
13400.000000	77.219	160.1819
13600.000000	79.042	-81.7134
13800.000000	81.244	38.9941
14000.000000	83.446	146.8130
14300.000000	84.992	-96.3577
14500.000000	84.033	-23.8992
14750.000000	81.206	99.4395
15000.000000	77.979	-92.7739
15250.000000	75.211	78.1926
15500.000000	73.018	-108.4280
15750.000000	71.271	65.8940
16000.000000	69.857	-115.4082
16250.000000	68.715	64.8104
16500.000000	67.834	-105.8213
16750.000000	67.212	83.9341
17000.000000	66.888	-81.0258
17250.000000	66.918	116.8639
17500.000000	67.284	-48.1005
17750.000000	67.737	156.8555
18000.000000	67.624	-35.5168
18250.000000	66.123	87.7843
18500.000000	62.900	-145.6598
18750.000000	58.249	102.2421
19000.000000	52.614	-72.8818
19250.000000	47.588	86.1923
19500.000000	47.274	-96.6828
19750.000000	49.220	65.0552
20000.000000	50.258	-33.6016
