* Measurement data measured by REW V5.31.3
* Source: Microphone (JadeAudio JA11), MICROPHONE (Master Volume), L, volume: 1.000
* Format: 512k Log Swept Sine, 1 sweep at -14.9 dBFS with no timing reference
* Dated: Jun 13, 2026 1:00:36 AM
* REW Settings:
*  C-weighting compensation: Off
*  Target level: 75.0 dB
* Note: 
* Measurement: R Pudding (TP, Reference)
* Smoothing: 1/24 octave
* Frequency Step: 1/48 octave
* Start Frequency: 20.300 Hz
*
* Freq(Hz)	SPL(dB)	Phase(degrees)
20.299999	91.299	-155.2599
20.600000	91.342	-157.5025
20.900000	91.385	-159.9749
21.200001	91.427	-162.4529
21.400000	91.455	-164.0818
21.799999	91.513	-167.2753
22.000000	91.543	-168.8519
22.400000	91.608	-172.0163
22.700001	91.656	-174.4335
23.000000	91.702	-176.8969
23.299999	91.741	-179.3895
23.600000	91.771	178.1168
24.000000	91.800	174.8304
24.299999	91.817	172.4035
24.700001	91.842	169.2002
25.000000	91.867	166.8043
25.400000	91.908	163.6061
25.799999	91.949	160.4119
26.200001	91.978	157.2326
26.500000	91.989	154.8539
26.900000	91.991	151.6725
27.200001	91.991	149.2702
27.600000	91.998	146.0532
28.000000	92.016	142.8482
28.500000	92.043	138.8954
29.000000	92.058	134.9888
29.500000	92.054	131.0849
30.000000	92.041	127.1963
30.400000	92.031	124.1440
30.700001	92.025	121.9064
31.100000	92.016	118.9777
31.500000	92.005	116.0641
32.000000	91.990	112.3636
32.500000	91.977	108.5809
33.000000	91.966	104.7830
33.500000	91.955	101.0411
34.000000	91.939	97.3614
34.500000	91.923	93.7069
35.000000	91.906	90.0568
35.500000	91.889	86.4264
36.000000	91.868	82.8420
36.500000	91.843	79.3155
37.000000	91.817	75.8367
37.500000	91.792	72.3756
38.200001	91.760	67.4896
38.700001	91.738	63.9622
39.500000	91.695	58.3946
40.000000	91.661	55.0411
40.599998	91.615	51.1009
41.200001	91.571	47.1275
41.799999	91.533	43.0709
42.500000	91.491	38.3178
43.099998	91.453	34.3020
43.700001	91.416	30.3636
44.400002	91.378	25.8712
45.000000	91.344	22.0610
45.500000	91.314	18.8517
46.200001	91.272	14.2753
46.799999	91.243	10.3663
47.500000	91.214	5.9562
48.200001	91.174	1.6641
48.700001	91.135	-1.4293
49.400002	91.076	-5.8717
50.000000	91.034	-9.7234
50.799999	90.984	-14.7471
51.500000	90.932	-19.0280
52.200001	90.880	-23.3037
53.000000	90.834	-28.1904
53.799999	90.787	-33.0179
54.500000	90.740	-37.2502
55.200001	90.691	-41.5118
56.000000	90.634	-46.3125
57.000000	90.560	-52.2017
58.000000	90.487	-58.1091
59.000000	90.416	-63.9866
60.000000	90.350	-69.8702
60.799999	90.296	-74.5666
61.500000	90.252	-78.6351
62.200001	90.215	-82.6672
63.000000	90.165	-87.1917
64.000000	90.082	-92.7014
65.000000	89.990	-98.2454
66.000000	89.909	-103.8801
67.000000	89.854	-109.4814
68.000000	89.795	-115.0377
69.000000	89.709	-120.5629
70.000000	89.642	-126.0825
71.000000	89.613	-131.6208
72.000000	89.562	-137.1301
73.000000	89.478	-142.5826
74.000000	89.387	-147.8944
75.000000	89.297	-153.0962
76.199997	89.235	-159.5281
77.500000	89.161	-166.4433
78.800003	89.061	-173.3184
80.000000	88.978	-179.7152
81.199997	88.878	174.1110
82.500000	88.795	167.3231
83.800003	88.712	160.5923
85.000000	88.644	154.4541
86.199997	88.583	148.3707
87.500000	88.501	141.9054
88.500000	88.424	136.9420
90.000000	88.309	129.4370
91.199997	88.229	123.4083
92.500000	88.138	116.9698
93.800003	88.038	110.5614
95.000000	87.943	104.7755
96.199997	87.843	99.0216
97.500000	87.740	92.6921
98.800003	87.662	86.3268
100.000000	87.587	80.5045
101.500000	87.479	73.3516
103.000000	87.378	66.3578
104.400002	87.298	59.8216
106.000000	87.188	52.3786
107.500000	87.110	45.4106
109.000000	87.040	38.5446
110.599998	86.929	31.3309
112.000000	86.825	24.9615
113.800003	86.720	16.8439
115.000000	86.660	11.5295
117.199997	86.565	1.6315
118.000000	86.520	-2.0318
120.599998	86.336	-13.6142
122.000000	86.243	-19.7203
124.099998	86.134	-28.7505
125.000000	86.090	-32.6099
126.500000	86.000	-39.0201
128.000000	85.902	-45.3779
131.500000	85.722	-60.1904
132.000000	85.696	-62.2846
134.000000	85.589	-70.6434
136.000000	85.488	-79.0527
138.000000	85.407	-87.3844
140.000000	85.336	-95.4924
143.000000	85.205	-107.6547
145.000000	85.123	-115.7993
147.500000	85.040	-125.8447
150.000000	84.943	-135.8488
152.500000	84.835	-145.8126
155.000000	84.756	-155.7263
157.500000	84.672	-165.5070
160.000000	84.584	-175.1960
162.500000	84.518	175.1909
165.000000	84.468	165.4235
167.500000	84.399	155.8650
170.000000	84.318	146.4033
172.500000	84.255	136.9152
175.000000	84.204	127.7212
177.500000	84.158	118.5922
180.000000	84.094	109.2576
182.500000	84.028	99.8232
185.000000	84.002	90.4481
187.500000	83.995	81.1699
190.000000	83.959	71.9634
192.500000	83.909	62.7670
195.000000	83.876	53.6871
197.500000	83.853	44.6678
200.000000	83.829	35.6451
203.000000	83.799	24.7433
206.000000	83.785	14.1055
209.000000	83.767	3.5354
212.000000	83.741	-7.0920
214.000000	83.720	-14.1062
218.000000	83.695	-28.0425
220.000000	83.701	-34.8766
224.000000	83.745	-48.5205
227.000000	83.767	-58.9622
230.000000	83.779	-69.4927
233.000000	83.799	-79.9441
236.000000	83.823	-90.2532
240.000000	83.859	-103.9089
243.000000	83.864	-114.1444
247.000000	83.862	-127.9349
250.000000	83.867	-138.0812
254.000000	83.882	-151.6000
258.000000	83.906	-164.9447
262.000000	83.924	-178.1736
265.000000	83.939	171.8721
269.000000	83.954	158.5486
272.000000	83.959	148.6311
276.000000	83.963	135.5154
280.000000	83.971	122.4071
285.000000	83.986	106.1732
290.000000	84.012	90.0781
295.000000	84.047	74.0216
300.000000	84.069	58.0797
304.000000	84.080	45.3569
307.000000	84.092	35.8643
311.000000	84.111	23.3046
315.000000	84.127	10.8539
320.000000	84.145	-4.6376
325.000000	84.170	-20.1759
330.000000	84.207	-35.6167
335.000000	84.229	-50.9146
340.000000	84.220	-66.1311
345.000000	84.213	-81.3469
350.000000	84.232	-96.4563
355.000000	84.273	-111.4253
360.000000	84.296	-126.2657
365.000000	84.289	-141.1538
370.000000	84.293	-155.9310
375.000000	84.333	-170.4414
382.000000	84.383	169.3810
387.000000	84.398	155.0719
395.000000	84.433	132.3171
400.000000	84.440	118.0979
406.000000	84.445	101.1447
412.000000	84.458	84.2020
418.000000	84.470	67.3744
425.000000	84.477	48.1248
431.000000	84.490	31.7590
437.000000	84.504	15.3918
444.000000	84.513	-3.6262
450.000000	84.529	-19.7186
455.000000	84.536	-32.9696
462.000000	84.552	-51.6115
468.000000	84.577	-67.5717
475.000000	84.595	-85.9626
482.000000	84.614	-104.1919
487.000000	84.620	-117.0913
494.000000	84.614	-135.0981
500.000000	84.620	-150.4062
508.000000	84.642	-170.6357
515.000000	84.643	171.7949
522.000000	84.650	154.2917
530.000000	84.668	134.4109
538.000000	84.666	114.5469
545.000000	84.657	97.3718
552.000000	84.652	80.4539
560.000000	84.650	61.2754
570.000000	84.651	37.4062
580.000000	84.642	13.8528
590.000000	84.619	-9.4419
600.000000	84.599	-32.4983
608.000000	84.577	-50.7512
615.000000	84.549	-66.5381
622.000000	84.520	-82.2295
630.000000	84.510	-100.1592
640.000000	84.519	-122.2964
650.000000	84.516	-144.1594
660.000000	84.528	-165.8540
670.000000	84.566	172.5422
680.000000	84.578	151.2478
690.000000	84.574	130.2119
700.000000	84.564	109.2656
710.000000	84.546	88.5020
720.000000	84.522	67.9756
730.000000	84.492	47.5820
740.000000	84.468	27.3081
750.000000	84.454	7.3120
762.000000	84.461	-16.4614
775.000000	84.479	-41.5811
788.000000	84.456	-66.4509
800.000000	84.431	-89.4590
812.000000	84.412	-112.2849
825.000000	84.382	-136.6499
838.000000	84.355	-160.7273
850.000000	84.336	177.3550
862.000000	84.306	155.6045
875.000000	84.273	132.2188
885.000000	84.274	114.3801
900.000000	84.268	88.0986
912.000000	84.241	67.5161
925.000000	84.221	45.4109
938.000000	84.230	23.3950
950.000000	84.247	3.2915
962.000000	84.252	-16.5334
975.000000	84.258	-37.7891
988.000000	84.265	-58.7661
1000.000000	84.261	-77.8462
1015.000000	84.269	-101.5085
1030.000000	84.291	-124.9587
1044.000000	84.302	-146.6511
1060.000000	84.318	-171.1577
1075.000000	84.366	166.2871
1090.000000	84.419	144.1362
1106.000000	84.452	120.7043
1120.000000	84.484	100.2017
1138.000000	84.564	74.2656
1150.000000	84.627	57.3191
1172.000000	84.719	26.3882
1180.000000	84.749	15.1670
1206.000000	84.863	-20.6733
1220.000000	84.933	-39.5686
1241.000000	85.035	-67.5425
1250.000000	85.072	-79.3577
1265.000000	85.124	-98.9263
1280.000000	85.181	-118.3782
1315.000000	85.345	-163.0195
1320.000000	85.368	-169.3081
1340.000000	85.457	165.7429
1360.000000	85.546	141.2761
1380.000000	85.616	117.2720
1400.000000	85.681	93.5649
1430.000000	85.774	58.7173
1450.000000	85.846	35.9526
1475.000000	85.936	8.0510
1500.000000	85.994	-19.1689
1525.000000	86.064	-45.8955
1550.000000	86.126	-72.0342
1575.000000	86.196	-97.8335
1600.000000	86.287	-123.0645
1625.000000	86.369	-147.5796
1650.000000	86.446	-171.5137
1675.000000	86.535	164.9731
1700.000000	86.618	141.9927
1725.000000	86.698	119.3691
1750.000000	86.802	97.1306
1775.000000	86.900	75.5833
1800.000000	86.983	54.4475
1825.000000	87.084	33.7646
1850.000000	87.187	13.6138
1875.000000	87.290	-6.0723
1900.000000	87.403	-25.2383
1925.000000	87.514	-44.0352
1950.000000	87.641	-62.4927
1975.000000	87.781	-80.6113
2000.000000	87.912	-98.3408
2030.000000	88.052	-118.9805
2060.000000	88.184	-138.9326
2090.000000	88.338	-158.3442
2120.000000	88.511	-177.2534
2140.000000	88.625	170.4707
2180.000000	88.841	146.6050
2200.000000	88.954	135.0239
2240.000000	89.184	112.6602
2270.000000	89.357	96.3735
2300.000000	89.538	80.5469
2330.000000	89.733	65.1318
2360.000000	89.943	50.2383
2400.000000	90.232	31.1992
2430.000000	90.446	17.4536
2470.000000	90.729	-0.2280
2500.000000	90.950	-13.0234
2540.000000	91.256	-29.4365
2580.000000	91.578	-45.1709
2620.000000	91.907	-60.1680
2650.000000	92.152	-70.9307
2690.000000	92.479	-84.7397
2720.000000	92.727	-94.8096
2760.000000	93.051	-107.8442
2800.000000	93.337	-120.3618
2850.000000	93.634	-135.3535
2900.000000	93.881	-149.4277
2950.000000	94.051	-162.3604
3000.000000	94.151	-174.1670
3040.000000	94.191	177.2490
3070.000000	94.201	171.3105
3110.000000	94.191	164.1304
3150.000000	94.173	157.9092
3200.000000	94.148	151.2944
3250.000000	94.083	145.8267
3300.000000	93.993	141.5020
3350.000000	93.899	138.2954
3400.000000	93.802	136.1357
3450.000000	93.702	134.9248
3500.000000	93.595	134.7563
3550.000000	93.487	135.8330
3600.000000	93.375	138.1528
3650.000000	93.267	141.6104
3700.000000	93.155	145.8853
3750.000000	93.035	151.0054
3820.000000	92.886	159.9326
3870.000000	92.808	167.4102
3950.000000	92.709	-179.0254
4000.000000	92.643	-169.5625
4060.000000	92.533	-157.1519
4120.000000	92.380	-143.5322
4180.000000	92.210	-128.6128
4250.000000	92.008	-109.6934
4310.000000	91.821	-92.1006
4370.000000	91.631	-73.3198
4440.000000	91.420	-49.7090
4500.000000	91.245	-28.0635
4550.000000	91.105	-9.1157
4620.000000	90.918	18.8042
4680.000000	90.769	44.0713
4750.000000	90.614	75.0581
4820.000000	90.494	107.5640
4870.000000	90.433	131.5957
4940.000000	90.385	166.4048
5000.000000	90.385	-162.6421
5080.000000	90.429	-120.0332
5150.000000	90.476	-81.6963
5220.000000	90.504	-42.4863
5300.000000	90.525	3.5874
5380.000000	90.538	51.2393
5450.000000	90.551	94.1963
5520.000000	90.560	138.1799
5600.000000	90.559	-170.2900
5700.000000	90.512	-104.1233
5800.000000	90.416	-35.0273
5900.000000	90.321	36.4849
6000.000000	90.240	110.1562
6080.000000	90.190	170.7898
6150.000000	90.138	-135.1318
6220.000000	90.074	-80.1602
6300.000000	89.985	-16.0100
6400.000000	89.862	66.5742
6500.000000	89.734	151.7073
6600.000000	89.591	-121.3823
6700.000000	89.460	-32.3406
6800.000000	89.340	58.4893
6900.000000	89.236	151.8408
7000.000000	89.127	-114.4827
7100.000000	88.995	-19.0498
7200.000000	88.830	79.0498
7300.000000	88.632	179.3726
7400.000000	88.421	-78.2251
7500.000000	88.222	26.7893
7620.000000	88.064	156.6094
7750.000000	88.099	-58.0786
7880.000000	88.483	94.4149
8000.000000	89.086	-126.8405
8120.000000	89.557	0.7887
8250.000000	89.590	137.7728
8380.000000	89.218	-74.9915
8500.000000	88.744	67.7914
8620.000000	88.273	-144.9663
8750.000000	87.801	15.5607
8850.000000	87.452	141.7903
9000.000000	86.935	-27.4310
9120.000000	86.512	129.7780
9250.000000	86.015	-63.9959
9380.000000	85.488	109.6623
9500.000000	84.981	-84.8683
9620.000000	84.456	73.1858
9750.000000	83.886	-101.9489
9880.000000	83.344	82.2467
10000.000000	82.878	-105.8829
10150.000000	82.339	113.7278
10300.000000	81.859	-21.7756
10440.000000	81.468	-175.5072
10600.000000	81.094	63.3065
10750.000000	80.820	-56.6377
10900.000000	80.603	169.8384
11060.000000	80.394	70.5410
11200.000000	80.175	-87.0535
11380.000000	79.773	-150.4875
11500.000000	79.364	32.8684
11720.000000	78.102	24.0964
11800.000000	77.437	150.9753
12060.000000	74.562	-142.7080
12200.000000	72.791	100.8462
12410.000000	70.564	-115.8555
12500.000000	70.145	-58.3354
12650.000000	70.713	-130.1558
12800.000000	72.613	-141.6177
13150.000000	77.077	-166.2588
13200.000000	77.473	158.8267
13400.000000	78.377	132.3623
13600.000000	78.338	122.4077
13800.000000	77.628	146.2964
14000.000000	76.615	-178.9502
14300.000000	76.148	-81.1362
14500.000000	78.167	-9.6177
14750.000000	82.415	14.8193
15000.000000	85.761	31.0049
15250.000000	86.562	-39.1343
15500.000000	85.060	-20.4321
15750.000000	82.748	-59.5166
16000.000000	80.807	-169.4851
16250.000000	79.684	-109.1367
16500.000000	79.297	-27.1372
16750.000000	79.564	-3.3696
17000.000000	80.610	-7.1641
17250.000000	82.553	77.7329
17500.000000	84.913	62.3149
17750.000000	86.248	93.3589
18000.000000	85.229	38.8306
18250.000000	82.066	54.2515
18500.000000	78.065	23.8604
18750.000000	74.386	18.4912
19000.000000	71.537	6.0889
19250.000000	69.555	37.6113
19500.000000	68.304	86.6875
19750.000000	67.654	-65.9297
20000.000000	67.434	-89.2222
