* Measurement data measured by REW V5.31.3
* Source: Microphone (JadeAudio JA11), no input selected, R, volume: no control
* Format: 512k Log Swept Sine, 1 sweep at -8.1 dBFS with no timing reference
* Dated: May 12, 2025 5:29:35 AM
* REW Settings:
*  C-weighting compensation: Off
*  Target level: 75.0 dB
* Note: 
* Measurement: R Realme Air 6 Pro
* Smoothing: 1/24 octave
* Frequency Step: 1/48 octave
* Start Frequency: 20.300 Hz
*
* Freq(Hz)	SPL(dB)	Phase(degrees)
20.299999	87.458	-136.3311
20.600000	87.489	-136.8846
20.900000	87.522	-137.4721
21.200001	87.555	-138.0475
21.400000	87.578	-138.4235
21.799999	87.625	-139.1615
22.000000	87.649	-139.5252
22.400000	87.693	-140.2445
22.700001	87.724	-140.7763
23.000000	87.753	-141.2997
23.299999	87.781	-141.8124
23.600000	87.809	-142.3130
24.000000	87.845	-142.9609
24.299999	87.871	-143.4330
24.700001	87.904	-144.0464
25.000000	87.926	-144.4963
25.400000	87.953	-145.0844
25.799999	87.978	-145.6600
26.200001	88.003	-146.2229
26.500000	88.021	-146.6360
26.900000	88.045	-147.1741
27.200001	88.062	-147.5683
27.600000	88.082	-148.0837
28.000000	88.100	-148.5900
28.500000	88.120	-149.2106
29.000000	88.138	-149.8111
29.500000	88.153	-150.3838
30.000000	88.167	-150.9314
30.400000	88.177	-151.3583
30.700001	88.185	-151.6742
31.100000	88.195	-152.0882
31.500000	88.203	-152.4898
32.000000	88.210	-152.9713
32.500000	88.213	-153.4370
33.000000	88.215	-153.8949
33.500000	88.217	-154.3381
34.000000	88.218	-154.7515
34.500000	88.216	-155.1328
35.000000	88.214	-155.5000
35.500000	88.210	-155.8713
36.000000	88.207	-156.2460
36.500000	88.201	-156.6092
37.000000	88.191	-156.9534
37.500000	88.177	-157.2856
38.200001	88.160	-157.7466
38.700001	88.151	-158.0670
39.500000	88.141	-158.5359
40.000000	88.131	-158.7976
40.599998	88.112	-159.0885
41.200001	88.088	-159.3633
41.799999	88.063	-159.6258
42.500000	88.038	-159.9135
43.099998	88.019	-160.1436
43.700001	87.997	-160.3656
44.400002	87.967	-160.6207
45.000000	87.940	-160.8236
45.500000	87.917	-160.9739
46.200001	87.884	-161.1743
46.799999	87.852	-161.3606
47.500000	87.811	-161.5692
48.200001	87.773	-161.7085
48.700001	87.750	-161.7712
49.400002	87.720	-161.8581
50.000000	87.687	-161.9426
50.799999	87.635	-162.0397
51.500000	87.597	-162.1192
52.200001	87.560	-162.1879
53.000000	87.500	-162.2269
53.799999	87.479	-162.3321
54.500000	87.507	-162.4912
55.200001	87.494	-162.5206
56.000000	87.383	-162.3315
57.000000	87.247	-162.1444
58.000000	87.178	-162.1089
59.000000	87.104	-162.0007
60.000000	87.040	-161.8406
60.799999	86.983	-161.6905
61.500000	86.930	-161.5627
62.200001	86.881	-161.4343
63.000000	86.829	-161.2639
64.000000	86.757	-161.0185
65.000000	86.679	-160.7499
66.000000	86.601	-160.4663
67.000000	86.522	-160.1546
68.000000	86.444	-159.8151
69.000000	86.366	-159.4703
70.000000	86.289	-159.0813
71.000000	86.213	-158.6621
72.000000	86.136	-158.2596
73.000000	86.059	-157.8360
74.000000	85.982	-157.3749
75.000000	85.907	-156.8901
76.199997	85.814	-156.2862
77.500000	85.708	-155.6319
78.800003	85.606	-154.9362
80.000000	85.516	-154.2459
81.199997	85.424	-153.5379
82.500000	85.328	-152.7645
83.800003	85.230	-151.9619
85.000000	85.137	-151.2071
86.199997	85.042	-150.4230
87.500000	84.945	-149.5384
88.500000	84.872	-148.8337
90.000000	84.760	-147.7684
91.199997	84.668	-146.9069
92.500000	84.573	-145.9427
93.800003	84.476	-144.9317
95.000000	84.388	-143.9699
96.199997	84.300	-142.9979
97.500000	84.203	-141.9432
98.800003	84.111	-140.9197
100.000000	84.027	-139.9571
101.500000	83.920	-138.6837
103.000000	83.811	-137.3581
104.400002	83.711	-136.1205
106.000000	83.604	-134.6827
107.500000	83.504	-133.2928
109.000000	83.401	-131.8843
110.599998	83.294	-130.3792
112.000000	83.202	-129.0397
113.800003	83.085	-127.2560
115.000000	83.009	-126.0603
117.199997	82.873	-123.8292
118.000000	82.825	-123.0002
120.599998	82.670	-120.3147
122.000000	82.584	-118.8406
124.099998	82.454	-116.6246
125.000000	82.400	-115.6797
126.500000	82.312	-114.0748
128.000000	82.226	-112.4016
131.500000	82.047	-108.3912
132.000000	82.025	-107.8231
134.000000	81.935	-105.5966
136.000000	81.843	-103.4489
138.000000	81.763	-101.2656
140.000000	81.679	-99.1209
143.000000	81.513	-96.1570
145.000000	81.407	-94.2600
147.500000	81.298	-91.9033
150.000000	81.212	-89.4850
152.500000	81.129	-86.9933
155.000000	81.046	-84.5408
157.500000	80.971	-82.0962
160.000000	80.898	-79.5956
162.500000	80.839	-77.0457
165.000000	80.788	-74.5435
167.500000	80.746	-72.1006
170.000000	80.706	-69.6531
172.500000	80.670	-67.2157
175.000000	80.639	-64.7746
177.500000	80.610	-62.3572
180.000000	80.583	-59.9527
182.500000	80.563	-57.5150
185.000000	80.547	-55.1148
187.500000	80.534	-52.7633
190.000000	80.524	-50.4289
192.500000	80.514	-48.0890
195.000000	80.506	-45.7767
197.500000	80.499	-43.5083
200.000000	80.495	-41.2573
203.000000	80.493	-38.5411
206.000000	80.495	-35.8330
209.000000	80.502	-33.1157
212.000000	80.507	-30.4247
214.000000	80.510	-28.6257
218.000000	80.523	-25.0415
220.000000	80.532	-23.2839
224.000000	80.547	-19.8273
227.000000	80.564	-17.2655
230.000000	80.581	-14.7155
233.000000	80.599	-12.1879
236.000000	80.618	-9.7111
240.000000	80.643	-6.4314
243.000000	80.659	-3.9777
247.000000	80.678	-0.7675
250.000000	80.689	1.6026
254.000000	80.702	4.8119
258.000000	80.723	8.0049
262.000000	80.747	11.0667
265.000000	80.755	13.2369
269.000000	80.752	16.0068
272.000000	80.744	18.0002
276.000000	80.728	20.5709
280.000000	80.720	23.0495
285.000000	80.717	26.1193
290.000000	80.705	29.2192
295.000000	80.691	32.3151
300.000000	80.674	35.3935
304.000000	80.663	37.8325
307.000000	80.655	39.6543
311.000000	80.642	42.0788
315.000000	80.626	44.4871
320.000000	80.605	47.4580
325.000000	80.581	50.4139
330.000000	80.555	53.3722
335.000000	80.529	56.3082
340.000000	80.502	59.2253
345.000000	80.471	62.1469
350.000000	80.439	65.0492
355.000000	80.409	67.9574
360.000000	80.379	70.8959
365.000000	80.348	73.8213
370.000000	80.315	76.7259
375.000000	80.282	79.6303
382.000000	80.236	83.6901
387.000000	80.202	86.5869
395.000000	80.144	91.2075
400.000000	80.109	94.1042
406.000000	80.069	97.5652
412.000000	80.028	100.9855
418.000000	79.985	104.4091
425.000000	79.936	108.4534
431.000000	79.893	111.9056
437.000000	79.848	115.3290
444.000000	79.798	119.3146
450.000000	79.758	122.7304
455.000000	79.723	125.5675
462.000000	79.676	129.5400
468.000000	79.635	132.9494
475.000000	79.586	136.9226
482.000000	79.536	140.8819
487.000000	79.502	143.7044
494.000000	79.456	147.6522
500.000000	79.419	151.0255
508.000000	79.368	155.5319
515.000000	79.322	159.4633
522.000000	79.278	163.3748
530.000000	79.232	167.8293
538.000000	79.185	172.2756
545.000000	79.144	176.1478
552.000000	79.103	-179.9955
560.000000	79.055	-175.5970
570.000000	78.996	-170.1014
580.000000	78.936	-164.6175
590.000000	78.877	-159.1447
600.000000	78.818	-153.6847
608.000000	78.771	-149.3193
615.000000	78.731	-145.5066
622.000000	78.691	-141.6939
630.000000	78.648	-137.3381
640.000000	78.593	-131.9081
650.000000	78.540	-126.4946
660.000000	78.489	-121.0889
670.000000	78.437	-115.6904
680.000000	78.387	-110.2857
690.000000	78.338	-104.8813
700.000000	78.294	-99.4834
710.000000	78.253	-94.0822
720.000000	78.216	-88.6936
730.000000	78.180	-83.3245
740.000000	78.146	-77.9668
750.000000	78.116	-72.6306
762.000000	78.082	-66.2508
775.000000	78.049	-59.3467
788.000000	78.020	-52.4595
800.000000	77.997	-46.1277
812.000000	77.979	-39.8032
825.000000	77.965	-32.9769
838.000000	77.956	-26.1767
850.000000	77.952	-19.9219
862.000000	77.953	-13.6964
875.000000	77.958	-6.9780
885.000000	77.965	-1.8256
900.000000	77.981	5.8666
912.000000	78.000	11.9860
925.000000	78.025	18.5767
938.000000	78.056	25.1326
950.000000	78.089	31.1465
962.000000	78.125	37.1180
975.000000	78.169	43.5419
988.000000	78.217	49.9214
1000.000000	78.265	55.7690
1015.000000	78.327	63.0172
1030.000000	78.393	70.1931
1044.000000	78.459	76.8298
1060.000000	78.536	84.3403
1075.000000	78.612	91.3098
1090.000000	78.688	98.2134
1106.000000	78.770	105.5040
1120.000000	78.842	111.8240
1138.000000	78.935	119.8756
1150.000000	78.996	125.1988
1172.000000	79.107	134.8649
1180.000000	79.147	138.3519
1206.000000	79.273	149.5881
1220.000000	79.340	155.5826
1241.000000	79.436	164.5137
1250.000000	79.476	168.3175
1265.000000	79.540	174.6279
1280.000000	79.603	-179.0934
1315.000000	79.743	-164.5432
1320.000000	79.762	-162.4744
1340.000000	79.838	-154.2184
1360.000000	79.910	-145.9838
1380.000000	79.982	-137.7594
1400.000000	80.056	-129.5242
1430.000000	80.177	-117.1213
1450.000000	80.277	-108.8267
1475.000000	80.433	-98.5066
1500.000000	80.623	-88.4197
1525.000000	80.827	-78.6725
1550.000000	81.023	-69.2301
1575.000000	81.201	-59.9934
1600.000000	81.363	-50.8921
1625.000000	81.509	-41.8839
1650.000000	81.644	-32.9370
1675.000000	81.770	-24.0275
1700.000000	81.890	-15.1545
1725.000000	82.008	-6.3195
1750.000000	82.125	2.4670
1775.000000	82.241	11.1968
1800.000000	82.356	19.8698
1825.000000	82.472	28.4855
1850.000000	82.587	37.0524
1875.000000	82.706	45.5670
1900.000000	82.830	54.0010
1925.000000	82.960	62.3138
1950.000000	83.089	70.4689
1975.000000	83.208	78.4630
2000.000000	83.310	86.3293
2030.000000	83.405	95.6846
2060.000000	83.470	105.0489
2090.000000	83.510	114.5137
2120.000000	83.535	124.1689
2140.000000	83.552	130.7513
2180.000000	83.622	144.3125
2200.000000	83.691	151.2676
2240.000000	83.939	165.2745
2270.000000	84.233	175.4933
2300.000000	84.602	-174.9395
2330.000000	84.997	-166.2676
2360.000000	85.358	-158.4688
2400.000000	85.722	-148.9707
2430.000000	85.897	-142.1343
2470.000000	86.022	-133.0273
2500.000000	86.054	-126.0939
2540.000000	86.039	-116.6638
2580.000000	85.977	-107.0117
2620.000000	85.883	-97.1456
2650.000000	85.800	-89.6213
2690.000000	85.678	-79.4412
2720.000000	85.584	-71.7090
2760.000000	85.457	-61.2949
2800.000000	85.334	-50.7882
2850.000000	85.190	-37.5942
2900.000000	85.055	-24.4080
2950.000000	84.926	-11.2792
3000.000000	84.797	1.7881
3040.000000	84.692	12.2090
3070.000000	84.614	20.0078
3110.000000	84.508	30.3776
3150.000000	84.399	40.7058
3200.000000	84.250	53.5771
3250.000000	84.087	66.7256
3300.000000	83.998	80.2725
3350.000000	83.961	93.0730
3400.000000	83.882	105.5833
3450.000000	83.791	118.1719
3500.000000	83.706	130.7678
3550.000000	83.631	143.3102
3600.000000	83.566	155.7781
3650.000000	83.510	168.1610
3700.000000	83.464	-179.5659
3750.000000	83.428	-167.4408
3820.000000	83.384	-150.7708
3870.000000	83.348	-139.0812
3950.000000	83.274	-120.6765
4000.000000	83.216	-109.3051
4060.000000	83.136	-95.7578
4120.000000	83.047	-82.3087
4180.000000	82.950	-68.9495
4250.000000	82.828	-53.4668
4310.000000	82.714	-40.2944
4370.000000	82.587	-27.2333
4440.000000	82.406	-12.0220
4500.000000	82.246	1.3693
4550.000000	82.153	12.5916
4620.000000	82.042	27.8271
4680.000000	81.929	40.7400
4750.000000	81.789	55.8376
4820.000000	81.655	70.9666
4870.000000	81.567	81.7756
4940.000000	81.459	96.9028
5000.000000	81.385	109.8618
5080.000000	81.321	127.1066
5150.000000	81.305	142.1182
5220.000000	81.332	156.9680
5300.000000	81.413	173.5869
5380.000000	81.532	-170.3119
5450.000000	81.649	-156.6814
5520.000000	81.765	-143.4562
5600.000000	81.887	-128.8230
5700.000000	82.001	-111.2231
5800.000000	82.047	-94.2554
5900.000000	82.015	-77.6605
6000.000000	81.915	-61.1713
6080.000000	81.797	-47.9381
6150.000000	81.674	-36.2976
6220.000000	81.541	-24.5920
6300.000000	81.384	-11.1331
6400.000000	81.191	5.8003
6500.000000	81.013	22.8087
6600.000000	80.862	39.8326
6700.000000	80.744	56.8154
6800.000000	80.668	73.7051
6900.000000	80.638	90.4473
7000.000000	80.659	106.9775
7100.000000	80.732	123.2227
7200.000000	80.856	139.1313
7300.000000	81.031	154.6743
7400.000000	81.263	169.8369
7500.000000	81.570	-175.4517
7620.000000	82.068	-158.7612
7750.000000	82.761	-142.8181
7880.000000	83.493	-130.4224
8000.000000	83.959	-122.8577
8120.000000	83.924	-118.3374
8250.000000	83.109	-114.2288
8380.000000	81.563	-107.6160
8500.000000	79.770	-97.6350
8620.000000	77.911	-84.0396
8750.000000	76.025	-66.3066
8850.000000	74.722	-51.2532
9000.000000	73.029	-27.3037
9120.000000	71.889	-7.4746
9250.000000	70.848	14.3237
9380.000000	69.995	36.2236
9500.000000	69.361	56.3794
9620.000000	68.865	76.3557
9750.000000	68.475	97.6758
9880.000000	68.224	118.5171
10000.000000	68.096	137.1035
10150.000000	68.025	159.2590
10300.000000	67.987	-179.7139
10440.000000	67.945	-160.7271
10600.000000	67.910	-139.1191
10750.000000	67.948	-118.9990
10900.000000	68.067	-99.3660
11060.000000	68.250	-79.3506
11200.000000	68.395	-62.6057
11380.000000	68.514	-41.3667
11500.000000	68.582	-26.7866
11720.000000	68.883	1.3916
11800.000000	69.101	11.8694
12060.000000	70.268	44.6934
12200.000000	71.136	60.8474
12410.000000	72.648	82.6399
12500.000000	73.351	91.0420
12650.000000	74.570	103.6697
12800.000000	75.805	114.4167
13150.000000	78.364	131.9084
13200.000000	78.653	133.6680
13400.000000	79.544	139.6531
13600.000000	80.019	145.2354
13800.000000	80.179	151.7144
14000.000000	80.202	159.8223
14300.000000	80.401	174.7173
14500.000000	80.858	-174.4878
14750.000000	81.970	-161.7402
15000.000000	83.788	-152.5288
15250.000000	86.152	-151.1848
15500.000000	88.226	-161.5952
15750.000000	88.673	178.4014
16000.000000	86.877	158.5752
16250.000000	83.540	146.9016
16500.000000	79.690	144.1370
16750.000000	75.918	147.7800
17000.000000	72.411	155.6018
17250.000000	69.176	166.3318
17500.000000	66.174	179.6067
17750.000000	63.422	-164.3203
18000.000000	61.067	-145.2947
18250.000000	59.325	-124.3396
18500.000000	58.279	-103.8572
18750.000000	57.787	-85.8337
19000.000000	57.637	-70.6587
19250.000000	57.680	-58.0073
19500.000000	57.831	-47.6897
19750.000000	58.033	-39.9785
20000.000000	58.175	-35.7239
