* Measurement data measured by REW V5.31.3
* Source: Microphone (JadeAudio JA11), MICROPHONE (Master Volume), R, volume: 0.250
* Format: 512k Log Swept Sine, 1 sweep at -2.9 dBFS with no timing reference
* Dated: Jun 15, 2025 7:17:56 PM
* REW Settings:
*  C-weighting compensation: Off
*  Target level: 75.0 dB
* Note: 
* Measurement: L Realme Buds Air 6 Pro
* Smoothing: 1/24 octave
* Frequency Step: 1/48 octave
* Start Frequency: 20.300 Hz
*
* Freq(Hz)	SPL(dB)	Phase(degrees)
20.299999	90.092	-52.6289
20.600000	90.104	-52.3933
20.900000	90.137	-52.2159
21.200001	90.186	-52.0642
21.400000	90.222	-51.9362
21.799999	90.288	-51.5195
22.000000	90.313	-51.2047
22.400000	90.344	-50.3635
22.700001	90.355	-49.6038
23.000000	90.365	-48.8212
23.299999	90.383	-48.1085
23.600000	90.419	-47.5457
24.000000	90.496	-47.0912
24.299999	90.568	-46.9399
24.700001	90.658	-46.8342
25.000000	90.705	-46.6929
25.400000	90.730	-46.2696
25.799999	90.726	-45.5442
26.200001	90.721	-44.6361
26.500000	90.728	-43.9546
26.900000	90.753	-43.1673
27.200001	90.774	-42.6888
27.600000	90.794	-42.1504
28.000000	90.807	-41.6387
28.500000	90.836	-40.9389
29.000000	90.891	-40.1369
29.500000	90.948	-39.2332
30.000000	90.972	-38.2613
30.400000	90.967	-37.4917
30.700001	90.959	-36.9473
31.100000	90.959	-36.2593
31.500000	90.976	-35.5563
32.000000	91.013	-34.5487
32.500000	91.040	-33.4060
33.000000	91.044	-32.2947
33.500000	91.027	-31.3437
34.000000	91.001	-30.4845
34.500000	90.976	-29.5656
35.000000	90.960	-28.5606
35.500000	90.957	-27.5674
36.000000	90.963	-26.6260
36.500000	90.967	-25.6443
37.000000	90.959	-24.5346
37.500000	90.937	-23.3442
38.200001	90.916	-21.7932
38.700001	90.928	-20.8492
39.500000	90.966	-19.4623
40.000000	90.966	-18.5535
40.599998	90.941	-17.3778
41.200001	90.927	-16.1513
41.799999	90.928	-14.8968
42.500000	90.900	-13.2630
43.099998	90.849	-11.6393
43.700001	90.819	-10.0344
44.400002	90.828	-8.5889
45.000000	90.838	-7.6096
45.500000	90.830	-6.6829
46.200001	90.802	-5.0434
46.799999	90.761	-3.5828
47.500000	90.688	-2.0886
48.200001	90.612	-0.5791
48.700001	90.572	0.6742
49.400002	90.540	2.5424
50.000000	90.524	3.9790
50.799999	90.501	5.5240
51.500000	90.470	6.7625
52.200001	90.433	8.1158
53.000000	90.388	9.8489
53.799999	90.320	11.7661
54.500000	90.241	13.5844
55.200001	90.166	15.4386
56.000000	90.100	17.4548
57.000000	90.059	19.8795
58.000000	90.068	22.4231
59.000000	90.083	24.8937
60.000000	90.018	27.2223
60.799999	89.904	29.2111
61.500000	89.800	30.9598
62.200001	89.703	32.5712
63.000000	89.601	34.4069
64.000000	89.502	36.9986
65.000000	89.443	39.5133
66.000000	89.416	41.7389
67.000000	89.357	44.0183
68.000000	89.245	46.6861
69.000000	89.119	49.5696
70.000000	89.002	52.2607
71.000000	88.949	54.6730
72.000000	88.915	57.1399
73.000000	88.850	59.8348
74.000000	88.764	62.3503
75.000000	88.669	64.8614
76.199997	88.568	68.0782
77.500000	88.453	71.5424
78.800003	88.315	75.2566
80.000000	88.210	78.2763
81.199997	88.109	81.3632
82.500000	87.959	84.7877
83.800003	87.828	88.0763
85.000000	87.783	90.9863
86.199997	87.811	93.6830
87.500000	87.746	97.7440
88.500000	87.598	101.1188
90.000000	87.349	105.7024
91.199997	87.232	108.8910
92.500000	87.163	112.2202
93.800003	87.079	115.3504
95.000000	87.022	118.4069
96.199997	86.925	121.6745
97.500000	86.814	125.3403
98.800003	86.699	129.1445
100.000000	86.577	132.5297
101.500000	86.456	136.5986
103.000000	86.320	140.8569
104.400002	86.186	144.7682
106.000000	86.074	149.1085
107.500000	86.001	153.0899
109.000000	85.937	157.4125
110.599998	85.840	162.2045
112.000000	85.709	165.9930
113.800003	85.545	170.8777
115.000000	85.461	174.3586
117.199997	85.321	-179.2226
118.000000	85.264	-176.9904
120.599998	85.069	-169.8687
122.000000	84.986	-165.8399
124.099998	84.891	-159.8818
125.000000	84.832	-157.3580
126.500000	84.717	-153.1122
128.000000	84.611	-148.8970
131.500000	84.346	-138.9694
132.000000	84.309	-137.5536
134.000000	84.203	-131.8626
136.000000	84.160	-126.1136
138.000000	84.060	-120.3339
140.000000	83.900	-114.3979
143.000000	83.738	-105.7575
145.000000	83.570	-100.1670
147.500000	83.404	-93.4050
150.000000	83.350	-86.7953
152.500000	83.388	-79.5287
155.000000	83.194	-72.6384
157.500000	83.001	-65.6588
160.000000	83.033	-58.2810
162.500000	82.976	-50.7067
165.000000	82.925	-43.4540
167.500000	82.855	-36.0928
170.000000	82.791	-29.0340
172.500000	82.744	-22.1113
175.000000	82.779	-15.1194
177.500000	82.830	-8.1936
180.000000	82.810	-1.2245
182.500000	82.762	5.4160
185.000000	82.732	12.0048
187.500000	82.737	18.8840
190.000000	82.729	25.5898
192.500000	82.687	31.9971
195.000000	82.660	38.7238
197.500000	82.650	45.5817
200.000000	82.627	51.6844
203.000000	82.637	59.1711
206.000000	82.645	67.1598
209.000000	82.633	74.9677
212.000000	82.642	82.6633
214.000000	82.658	87.8652
218.000000	82.671	98.2917
220.000000	82.664	103.4215
224.000000	82.666	113.8008
227.000000	82.650	121.5284
230.000000	82.663	128.2797
233.000000	82.674	135.2089
236.000000	82.687	142.4210
240.000000	82.732	152.5789
243.000000	82.712	160.0847
247.000000	82.693	169.6109
250.000000	82.712	176.7246
254.000000	82.726	-173.8020
258.000000	82.738	-164.4719
262.000000	82.744	-155.1120
265.000000	82.732	-148.0403
269.000000	82.719	-138.7118
272.000000	82.731	-131.7203
276.000000	82.772	-122.6562
280.000000	82.773	-113.5601
285.000000	82.704	-101.8612
290.000000	82.670	-90.2269
295.000000	82.663	-78.7502
300.000000	82.651	-67.3864
304.000000	82.647	-58.3203
307.000000	82.640	-51.5949
311.000000	82.615	-42.6190
315.000000	82.592	-33.6968
320.000000	82.566	-22.6039
325.000000	82.546	-11.4977
330.000000	82.532	-0.5020
335.000000	82.505	10.5413
340.000000	82.476	21.5079
345.000000	82.452	32.2675
350.000000	82.417	43.0061
355.000000	82.368	54.0437
360.000000	82.328	64.9890
365.000000	82.288	75.7225
370.000000	82.264	86.4850
375.000000	82.251	97.1913
382.000000	82.239	112.0251
387.000000	82.216	122.7362
395.000000	82.169	139.7621
400.000000	82.123	150.1873
406.000000	82.074	162.6802
412.000000	82.027	175.0322
418.000000	81.963	-172.4763
425.000000	81.905	-157.6677
431.000000	81.868	-144.9745
437.000000	81.823	-132.5098
444.000000	81.773	-118.2262
450.000000	81.750	-106.0122
455.000000	81.714	-95.7996
462.000000	81.662	-81.6282
468.000000	81.597	-69.3153
475.000000	81.517	-54.9768
482.000000	81.473	-40.9137
487.000000	81.448	-30.9298
494.000000	81.403	-16.9438
500.000000	81.364	-4.8741
508.000000	81.316	11.1249
515.000000	81.262	24.9038
522.000000	81.196	38.5953
530.000000	81.113	54.3691
538.000000	81.045	70.3169
545.000000	80.995	84.2690
552.000000	80.955	98.0011
560.000000	80.915	113.5668
570.000000	80.871	133.1031
580.000000	80.827	152.5076
590.000000	80.771	171.6471
600.000000	80.716	-169.3323
608.000000	80.657	-154.1351
615.000000	80.609	-140.8152
622.000000	80.566	-127.4615
630.000000	80.531	-112.2462
640.000000	80.496	-93.3625
650.000000	80.481	-74.5802
660.000000	80.448	-56.0212
670.000000	80.387	-37.6868
680.000000	80.345	-19.2705
690.000000	80.297	-0.8107
700.000000	80.232	17.6257
710.000000	80.176	36.0575
720.000000	80.146	54.3496
730.000000	80.118	72.4785
740.000000	80.089	90.6084
750.000000	80.059	108.6605
762.000000	80.051	130.2062
775.000000	80.023	153.5332
788.000000	80.006	176.7601
800.000000	80.014	-162.0498
812.000000	79.992	-140.9186
825.000000	79.967	-118.0637
838.000000	79.967	-95.3887
850.000000	79.969	-74.5417
862.000000	79.969	-53.8403
875.000000	79.977	-31.4836
885.000000	79.989	-14.3149
900.000000	80.017	11.5034
912.000000	80.044	31.8811
925.000000	80.061	53.7629
938.000000	80.080	75.5491
950.000000	80.115	95.6538
962.000000	80.168	115.6826
975.000000	80.236	137.1094
988.000000	80.301	158.3701
1000.000000	80.354	177.9639
1015.000000	80.424	-157.6411
1030.000000	80.498	-133.3521
1044.000000	80.562	-110.9128
1060.000000	80.632	-85.5247
1075.000000	80.714	-61.7749
1090.000000	80.812	-38.1648
1106.000000	80.925	-13.2192
1120.000000	81.012	8.4805
1138.000000	81.106	36.2183
1150.000000	81.170	54.6597
1172.000000	81.278	88.0916
1180.000000	81.318	100.1787
1206.000000	81.465	139.1833
1220.000000	81.540	160.0737
1241.000000	81.636	-168.7546
1250.000000	81.675	-155.4817
1265.000000	81.745	-133.4578
1280.000000	81.812	-111.5603
1315.000000	81.947	-60.6467
1320.000000	81.966	-53.3943
1340.000000	82.050	-24.5342
1360.000000	82.139	4.1304
1380.000000	82.234	32.7102
1400.000000	82.345	61.2046
1430.000000	82.541	103.3977
1450.000000	82.675	131.0869
1475.000000	82.821	165.2817
1500.000000	82.929	-160.6162
1525.000000	83.032	-126.7205
1550.000000	83.137	-92.9502
1575.000000	83.263	-59.1875
1600.000000	83.419	-25.9207
1625.000000	83.569	7.1750
1650.000000	83.707	39.9602
1675.000000	83.837	72.3730
1700.000000	83.956	104.8850
1725.000000	84.096	137.4292
1750.000000	84.281	169.6604
1775.000000	84.487	-158.3625
1800.000000	84.696	-126.8555
1825.000000	84.903	-95.7908
1850.000000	85.095	-65.1101
1875.000000	85.268	-34.6775
1900.000000	85.418	-4.4644
1925.000000	85.553	25.6721
1950.000000	85.696	55.7461
1975.000000	85.833	85.5293
2000.000000	85.948	115.2434
2030.000000	86.077	150.7944
2060.000000	86.220	-173.5215
2090.000000	86.413	-137.4170
2120.000000	86.725	-101.0261
2140.000000	87.017	-76.8596
2180.000000	87.771	-30.1846
2200.000000	88.175	-8.1348
2240.000000	88.883	33.6853
2270.000000	89.269	63.7087
2300.000000	89.528	93.4060
2330.000000	89.691	122.9902
2360.000000	89.768	152.6450
2400.000000	89.785	-167.5344
2430.000000	89.764	-137.5449
2470.000000	89.702	-97.5820
2500.000000	89.631	-67.6128
2540.000000	89.523	-27.6104
2580.000000	89.413	12.2549
2620.000000	89.287	51.9922
2650.000000	89.182	81.7710
2690.000000	89.045	121.4062
2720.000000	88.954	150.9941
2760.000000	88.835	-169.9453
2800.000000	88.702	-130.9116
2850.000000	88.541	-82.5776
2900.000000	88.388	-34.6089
2950.000000	88.221	13.0107
3000.000000	88.050	60.4795
3040.000000	87.927	98.2476
3070.000000	87.843	126.3804
3110.000000	87.728	163.4829
3150.000000	87.611	-159.5977
3200.000000	87.464	-113.7261
3250.000000	87.319	-67.6304
3300.000000	87.267	-21.3765
3350.000000	87.239	23.3403
3400.000000	87.184	67.6353
3450.000000	87.128	111.6587
3500.000000	87.072	155.2314
3550.000000	87.022	-161.6182
3600.000000	86.975	-118.8813
3650.000000	86.928	-76.4897
3700.000000	86.886	-34.5649
3750.000000	86.839	6.9888
3820.000000	86.761	64.5928
3870.000000	86.706	105.1831
3950.000000	86.626	169.6567
4000.000000	86.584	-150.5781
4060.000000	86.531	-103.3579
4120.000000	86.469	-56.5425
4180.000000	86.404	-10.1602
4250.000000	86.312	43.3066
4310.000000	86.237	88.6221
4370.000000	86.165	133.5112
4440.000000	86.081	-174.7236
4500.000000	85.993	-130.9341
4550.000000	85.900	-94.6460
4620.000000	85.785	-43.4771
4680.000000	85.734	-0.2065
4750.000000	85.676	49.2388
4820.000000	85.600	98.3110
4870.000000	85.550	133.1895
4940.000000	85.493	-178.3394
5000.000000	85.470	-136.9873
5080.000000	85.489	-82.5723
5150.000000	85.535	-35.4805
5220.000000	85.621	11.1641
5300.000000	85.769	63.5781
5380.000000	85.960	114.9546
5450.000000	86.146	158.9893
5520.000000	86.337	-157.8662
5600.000000	86.552	-109.6436
5700.000000	86.774	-50.8828
5800.000000	86.925	6.6997
5900.000000	87.010	62.9575
6000.000000	87.017	118.0054
6080.000000	86.959	161.4829
6150.000000	86.871	-160.6509
6220.000000	86.763	-122.9697
6300.000000	86.622	-80.1772
6400.000000	86.438	-26.8945
6500.000000	86.283	26.0337
6600.000000	86.160	78.4380
6700.000000	86.066	130.2739
6800.000000	86.027	-178.4141
6900.000000	86.056	-127.9321
7000.000000	86.148	-78.1255
7100.000000	86.320	-29.0942
7200.000000	86.560	18.9390
7300.000000	86.866	65.9644
7400.000000	87.245	111.8564
7500.000000	87.698	156.4756
7620.000000	88.341	-151.8779
7750.000000	89.157	-98.6519
7880.000000	90.055	-49.4722
8000.000000	90.786	-9.6387
8120.000000	91.099	24.3496
8250.000000	90.635	57.6040
8380.000000	89.306	91.9580
8500.000000	87.550	127.7314
8620.000000	85.599	167.9741
8750.000000	83.543	-144.6309
8850.000000	82.106	-106.6406
9000.000000	80.245	-48.6338
9120.000000	79.011	-2.0791
9250.000000	77.926	47.9434
9380.000000	77.061	97.0820
9500.000000	76.427	141.6270
9620.000000	75.932	-174.7402
9750.000000	75.538	-128.5381
9880.000000	75.286	-83.4756
10000.000000	75.165	-43.0762
10150.000000	75.123	5.7744
10300.000000	75.182	52.9395
10440.000000	75.325	95.6992
10600.000000	75.611	142.9531
10750.000000	75.992	-174.4014
10900.000000	76.478	-133.5547
11060.000000	77.090	-92.1172
11200.000000	77.677	-57.8672
11380.000000	78.437	-16.6992
11500.000000	78.909	9.1035
11720.000000	79.673	54.0234
11800.000000	79.928	69.8340
12060.000000	80.774	119.4883
12200.000000	81.234	144.5312
12410.000000	81.557	177.7783
12500.000000	81.336	-169.5088
12650.000000	81.165	-144.0234
12800.000000	83.532	-103.1895
13150.000000	87.231	-75.3096
13200.000000	87.246	-71.3877
13400.000000	87.434	-56.4766
13600.000000	87.655	-43.4570
13800.000000	87.518	-30.6152
14000.000000	87.153	-16.5117
14300.000000	86.689	6.8154
14500.000000	86.542	22.0410
14750.000000	86.076	41.0254
15000.000000	88.546	60.3018
15250.000000	92.687	55.8564
15500.000000	93.956	43.9639
15750.000000	93.562	21.5576
16000.000000	91.758	-2.5361
16250.000000	88.512	-20.2236
16500.000000	84.589	-31.3145
16750.000000	80.575	-37.7197
17000.000000	76.736	-41.1455
17250.000000	73.157	-42.8252
17500.000000	69.819	-43.4473
17750.000000	66.689	-42.9229
18000.000000	63.853	-40.8496
18250.000000	61.532	-37.4941
18500.000000	60.007	-34.6484
18750.000000	59.310	-34.8594
19000.000000	59.181	-39.5664
19250.000000	59.370	-48.8115
19500.000000	59.747	-62.1875
19750.000000	60.212	-78.8047
20000.000000	60.535	-93.4287
