* Measurement data measured by REW V5.31.3
* Source: Microphone (JadeAudio JA11), no input selected, R, volume: no control
* Format: 512k Log Swept Sine, 1 sweep at -8.1 dBFS with no timing reference
* Dated: May 12, 2025 5:16:25 AM
* REW Settings:
*  C-weighting compensation: Off
*  Target level: 75.0 dB
* Note: 
* Measurement: L Realme Air 6 Pro (ANC)
* Smoothing: 1/24 octave
* Frequency Step: 1/48 octave
* Start Frequency: 20.300 Hz
*
* Freq(Hz)	SPL(dB)	Phase(degrees)
20.299999	87.051	-136.1142
20.600000	87.080	-136.7017
20.900000	87.112	-137.3279
21.200001	87.144	-137.9469
21.400000	87.166	-138.3558
21.799999	87.211	-139.1693
22.000000	87.233	-139.5746
22.400000	87.275	-140.3791
22.700001	87.303	-140.9724
23.000000	87.330	-141.5533
23.299999	87.356	-142.1203
23.600000	87.382	-142.6747
24.000000	87.417	-143.3992
24.299999	87.443	-143.9354
24.700001	87.475	-144.6447
25.000000	87.496	-145.1731
25.400000	87.521	-145.8725
25.799999	87.545	-146.5645
26.200001	87.569	-147.2467
26.500000	87.587	-147.7501
26.900000	87.611	-148.4074
27.200001	87.628	-148.8893
27.600000	87.649	-149.5182
28.000000	87.667	-150.1356
28.500000	87.687	-150.8973
29.000000	87.704	-151.6490
29.500000	87.719	-152.3857
30.000000	87.733	-153.1056
30.400000	87.744	-153.6740
30.700001	87.751	-154.0993
31.100000	87.761	-154.6667
31.500000	87.771	-155.2308
32.000000	87.780	-155.9191
32.500000	87.786	-156.5798
33.000000	87.786	-157.2232
33.500000	87.785	-157.8728
34.000000	87.786	-158.5371
34.500000	87.787	-159.1934
35.000000	87.787	-159.8097
35.500000	87.782	-160.3853
36.000000	87.778	-160.9554
36.500000	87.778	-161.5511
37.000000	87.779	-162.1616
37.500000	87.770	-162.7504
38.200001	87.744	-163.5218
38.700001	87.732	-164.0735
39.500000	87.742	-164.9786
40.000000	87.744	-165.5039
40.599998	87.717	-166.0613
41.200001	87.672	-166.5900
41.799999	87.638	-167.1482
42.500000	87.617	-167.8297
43.099998	87.598	-168.4015
43.700001	87.572	-168.9509
44.400002	87.539	-169.5706
45.000000	87.512	-170.0885
45.500000	87.489	-170.5140
46.200001	87.455	-171.0999
46.799999	87.420	-171.5874
47.500000	87.376	-172.1412
48.200001	87.340	-172.6884
48.700001	87.318	-173.0739
49.400002	87.286	-173.6044
50.000000	87.254	-174.0535
50.799999	87.206	-174.6362
51.500000	87.160	-175.1166
52.200001	87.114	-175.5817
53.000000	87.064	-176.1141
53.799999	87.012	-176.6399
54.500000	86.962	-177.1083
55.200001	86.915	-177.5937
56.000000	86.865	-178.1111
57.000000	86.794	-178.6391
58.000000	86.721	-179.1476
59.000000	86.653	-179.6765
60.000000	86.579	179.8183
60.799999	86.518	179.4074
61.500000	86.470	179.0622
62.200001	86.422	178.7550
63.000000	86.358	178.4228
64.000000	86.277	177.9839
65.000000	86.201	177.5576
66.000000	86.124	177.1570
67.000000	86.047	176.7762
68.000000	85.966	176.4078
69.000000	85.884	176.0587
70.000000	85.802	175.7380
71.000000	85.721	175.4277
72.000000	85.644	175.1314
73.000000	85.566	174.8497
74.000000	85.486	174.5914
75.000000	85.406	174.3388
76.199997	85.309	174.0349
77.500000	85.204	173.7362
78.800003	85.097	173.4753
80.000000	84.993	173.2549
81.199997	84.896	173.0645
82.500000	84.796	172.8483
83.800003	84.695	172.6644
85.000000	84.600	172.5353
86.199997	84.501	172.4004
87.500000	84.398	172.2584
88.500000	84.320	172.1575
90.000000	84.204	172.0550
91.199997	84.108	171.9635
92.500000	84.001	171.8595
93.800003	83.897	171.8312
95.000000	83.809	171.8066
96.199997	83.722	171.7939
97.500000	83.624	171.8058
98.800003	83.525	171.7819
100.000000	83.436	171.7679
101.500000	83.324	171.8386
103.000000	83.213	171.9250
104.400002	83.110	171.9764
106.000000	82.995	172.0576
107.500000	82.892	172.1509
109.000000	82.786	172.2609
110.599998	82.674	172.4337
112.000000	82.576	172.5984
113.800003	82.450	172.8022
115.000000	82.368	172.9304
117.199997	82.225	173.2122
118.000000	82.174	173.3327
120.599998	82.008	173.7485
122.000000	81.921	173.9484
124.099998	81.792	174.2974
125.000000	81.739	174.4619
126.500000	81.650	174.7598
128.000000	81.565	175.0665
131.500000	81.366	175.8332
132.000000	81.338	175.9567
134.000000	81.234	176.4477
136.000000	81.138	176.9010
138.000000	81.031	177.3215
140.000000	80.927	177.8352
143.000000	80.792	178.5774
145.000000	80.699	179.1127
147.500000	80.595	179.8210
150.000000	80.494	-179.4456
152.500000	80.407	-178.7825
155.000000	80.328	-178.1024
157.500000	80.249	-177.3736
160.000000	80.177	-176.6708
162.500000	80.112	-175.9498
165.000000	80.048	-175.2590
167.500000	79.991	-174.5681
170.000000	79.943	-173.8788
172.500000	79.901	-173.1820
175.000000	79.863	-172.4955
177.500000	79.833	-171.8542
180.000000	79.805	-171.2087
182.500000	79.779	-170.5846
185.000000	79.759	-169.9992
187.500000	79.737	-169.4303
190.000000	79.720	-168.8861
192.500000	79.712	-168.3177
195.000000	79.707	-167.7654
197.500000	79.699	-167.2727
200.000000	79.694	-166.8033
203.000000	79.693	-166.2668
206.000000	79.695	-165.7398
209.000000	79.699	-165.3290
212.000000	79.703	-164.9501
214.000000	79.708	-164.6454
218.000000	79.719	-164.0664
220.000000	79.725	-163.8067
224.000000	79.734	-163.3228
227.000000	79.738	-163.0325
230.000000	79.733	-162.7128
233.000000	79.732	-162.3611
236.000000	79.738	-162.0809
240.000000	79.739	-161.7956
243.000000	79.743	-161.5533
247.000000	79.758	-161.2493
250.000000	79.775	-161.0679
254.000000	79.800	-160.8916
258.000000	79.807	-160.7480
262.000000	79.800	-160.5723
265.000000	79.795	-160.4639
269.000000	79.791	-160.3359
272.000000	79.789	-160.2255
276.000000	79.787	-160.0715
280.000000	79.779	-159.9994
285.000000	79.773	-159.9581
290.000000	79.768	-159.8355
295.000000	79.750	-159.6503
300.000000	79.730	-159.5646
304.000000	79.720	-159.5439
307.000000	79.718	-159.5290
311.000000	79.721	-159.5293
315.000000	79.721	-159.5518
320.000000	79.708	-159.5854
325.000000	79.683	-159.6631
330.000000	79.655	-159.7256
335.000000	79.629	-159.7794
340.000000	79.598	-159.8156
345.000000	79.562	-159.8617
350.000000	79.528	-159.8919
355.000000	79.494	-159.8973
360.000000	79.456	-159.9479
365.000000	79.419	-159.9685
370.000000	79.385	-159.9558
375.000000	79.354	-159.9751
382.000000	79.316	-160.0715
387.000000	79.285	-160.1390
395.000000	79.226	-160.2640
400.000000	79.185	-160.3808
406.000000	79.137	-160.5431
412.000000	79.095	-160.6878
418.000000	79.057	-160.8517
425.000000	79.008	-161.0288
431.000000	78.961	-161.1784
437.000000	78.918	-161.3613
444.000000	78.869	-161.5849
450.000000	78.826	-161.7773
455.000000	78.788	-161.9349
462.000000	78.734	-162.1413
468.000000	78.685	-162.3059
475.000000	78.629	-162.5086
482.000000	78.573	-162.7217
487.000000	78.535	-162.8768
494.000000	78.484	-163.1071
500.000000	78.440	-163.3086
508.000000	78.379	-163.5426
515.000000	78.326	-163.7734
522.000000	78.273	-164.0087
530.000000	78.211	-164.2625
538.000000	78.147	-164.5194
545.000000	78.088	-164.7551
552.000000	78.029	-164.9872
560.000000	77.963	-165.1839
570.000000	77.890	-165.3124
580.000000	77.841	-165.4394
590.000000	77.802	-165.7120
600.000000	77.762	-166.0715
608.000000	77.729	-166.4021
615.000000	77.697	-166.6899
622.000000	77.663	-166.9697
630.000000	77.622	-167.2873
640.000000	77.571	-167.7016
650.000000	77.523	-168.1497
660.000000	77.475	-168.5801
670.000000	77.427	-168.9951
680.000000	77.382	-169.4098
690.000000	77.341	-169.8366
700.000000	77.299	-170.2745
710.000000	77.257	-170.6947
720.000000	77.219	-171.1442
730.000000	77.184	-171.6056
740.000000	77.148	-172.0721
750.000000	77.116	-172.5663
762.000000	77.081	-173.1241
775.000000	77.037	-173.7361
788.000000	76.988	-174.0573
800.000000	76.969	-173.8654
812.000000	76.963	-173.2252
825.000000	76.950	-172.3798
838.000000	76.936	-171.5530
850.000000	76.923	-170.7766
862.000000	76.915	-169.9940
875.000000	76.915	-169.1566
885.000000	76.916	-168.5038
900.000000	76.921	-167.5273
912.000000	76.928	-166.7816
925.000000	76.940	-165.9474
938.000000	76.954	-165.0980
950.000000	76.967	-164.3361
962.000000	76.985	-163.6085
975.000000	77.005	-162.8353
988.000000	77.026	-162.0559
1000.000000	77.045	-161.3085
1015.000000	77.061	-160.3368
1030.000000	77.077	-159.3062
1044.000000	77.095	-158.2681
1060.000000	77.123	-156.9036
1075.000000	77.175	-155.4261
1090.000000	77.274	-153.8333
1106.000000	77.453	-152.1705
1120.000000	77.667	-150.9865
1138.000000	77.980	-150.1177
1150.000000	78.180	-149.9615
1172.000000	78.464	-150.2711
1180.000000	78.536	-150.4520
1206.000000	78.685	-150.8901
1220.000000	78.734	-150.9944
1241.000000	78.792	-150.9934
1250.000000	78.812	-150.9475
1265.000000	78.841	-150.8050
1280.000000	78.866	-150.5868
1315.000000	78.923	-149.8666
1320.000000	78.930	-149.7449
1340.000000	78.959	-149.1851
1360.000000	78.994	-148.4952
1380.000000	79.043	-147.7342
1400.000000	79.105	-146.9270
1430.000000	79.229	-145.6850
1450.000000	79.328	-144.8997
1475.000000	79.461	-144.1023
1500.000000	79.571	-143.4665
1525.000000	79.641	-142.7382
1550.000000	79.691	-141.6564
1575.000000	79.766	-140.1113
1600.000000	79.910	-138.2147
1625.000000	80.147	-136.2582
1650.000000	80.466	-134.5805
1675.000000	80.837	-133.3694
1700.000000	81.226	-132.7177
1725.000000	81.589	-132.5786
1750.000000	81.890	-132.6414
1775.000000	82.150	-132.5431
1800.000000	82.425	-132.1703
1825.000000	82.756	-131.7530
1850.000000	83.136	-131.6768
1875.000000	83.519	-132.1238
1900.000000	83.862	-132.9166
1925.000000	84.168	-133.7819
1950.000000	84.469	-134.6466
1975.000000	84.778	-135.6681
2000.000000	85.076	-137.0043
2030.000000	85.377	-138.9498
2060.000000	85.599	-140.9669
2090.000000	85.762	-142.8021
2120.000000	85.905	-144.3927
2140.000000	86.002	-145.3589
2180.000000	86.212	-147.2762
2200.000000	86.320	-148.3158
2240.000000	86.523	-150.6352
2270.000000	86.642	-152.5233
2300.000000	86.725	-154.4667
2330.000000	86.772	-156.4035
2360.000000	86.785	-158.2634
2400.000000	86.762	-160.5339
2430.000000	86.723	-162.0401
2470.000000	86.662	-163.7722
2500.000000	86.621	-164.9074
2540.000000	86.580	-166.3190
2580.000000	86.550	-167.7273
2620.000000	86.515	-169.1792
2650.000000	86.476	-170.2896
2690.000000	86.401	-171.7371
2720.000000	86.331	-172.7439
2760.000000	86.225	-173.9354
2800.000000	86.114	-174.9674
2850.000000	85.979	-176.0942
2900.000000	85.846	-177.0909
2950.000000	85.710	-177.9666
3000.000000	85.576	-178.7089
3040.000000	85.474	-179.2177
3070.000000	85.402	-179.5663
3110.000000	85.311	179.9894
3150.000000	85.219	179.5505
3200.000000	85.089	179.0433
3250.000000	84.946	178.8978
3300.000000	84.877	179.0377
3350.000000	84.836	178.7050
3400.000000	84.759	178.3291
3450.000000	84.674	178.0777
3500.000000	84.593	177.8987
3550.000000	84.519	177.7704
3600.000000	84.453	177.6904
3650.000000	84.396	177.6442
3700.000000	84.348	177.6050
3750.000000	84.306	177.5547
3820.000000	84.254	177.4500
3870.000000	84.220	177.3414
3950.000000	84.165	177.1146
4000.000000	84.130	176.9486
4060.000000	84.084	176.7290
4120.000000	84.034	176.4977
4180.000000	83.979	176.2690
4250.000000	83.911	176.0368
4310.000000	83.848	175.8741
4370.000000	83.781	175.7393
4440.000000	83.696	175.6292
4500.000000	83.612	175.5780
4550.000000	83.535	175.5705
4620.000000	83.471	174.9068
4680.000000	83.457	170.9073
4750.000000	83.389	160.5557
4820.000000	83.333	147.5886
4870.000000	83.310	138.0300
4940.000000	83.300	124.5223
5000.000000	83.315	112.8292
5080.000000	83.375	97.0259
5150.000000	83.466	82.9326
5220.000000	83.591	68.5132
5300.000000	83.768	51.5611
5380.000000	83.965	34.0269
5450.000000	84.136	18.1732
5520.000000	84.293	1.8566
5600.000000	84.439	-17.2978
5700.000000	84.556	-41.8903
5800.000000	84.588	-67.0534
5900.000000	84.526	-92.5864
6000.000000	84.371	-118.2404
6080.000000	84.196	-138.7129
6150.000000	84.019	-156.5360
6220.000000	83.833	-174.2638
6300.000000	83.619	165.5885
6400.000000	83.367	140.5403
6500.000000	83.149	115.5674
6600.000000	82.980	90.5634
6700.000000	82.866	65.4351
6800.000000	82.812	40.1053
6900.000000	82.822	14.5078
7000.000000	82.901	-11.4236
7100.000000	83.057	-37.7849
7200.000000	83.291	-64.6885
7300.000000	83.604	-92.2604
7400.000000	83.990	-120.6388
7500.000000	84.443	-149.9761
7620.000000	85.061	173.2788
7750.000000	85.779	131.1094
7880.000000	86.417	85.9528
8000.000000	86.679	41.5559
8120.000000	86.352	-4.4662
8250.000000	85.202	-54.0415
8380.000000	83.374	-101.3032
8500.000000	81.364	-142.0288
8620.000000	79.305	179.9387
8750.000000	77.219	141.1586
8850.000000	75.778	112.5383
9000.000000	73.909	70.8315
9120.000000	72.650	38.0646
9250.000000	71.491	2.8295
9380.000000	70.523	-32.3704
9500.000000	69.784	-64.9492
9620.000000	69.182	-97.7590
9750.000000	68.677	-133.6492
9880.000000	68.303	-169.9341
10000.000000	68.055	156.1238
10150.000000	67.856	113.0527
10300.000000	67.769	69.2573
10440.000000	67.776	27.6571
10600.000000	67.883	-20.7209
10750.000000	68.059	-66.9786
10900.000000	68.282	-114.0662
11060.000000	68.525	-165.1035
11200.000000	68.725	149.6392
11380.000000	68.948	90.8625
11500.000000	69.078	51.5110
11720.000000	69.366	-20.6472
11800.000000	69.534	-46.8706
12060.000000	70.521	-132.7217
12200.000000	71.362	-179.9150
12410.000000	72.957	107.1887
12500.000000	73.728	75.0420
12650.000000	75.088	20.1292
12800.000000	76.495	-36.5459
13150.000000	79.503	-175.9062
13200.000000	79.843	163.4407
13400.000000	80.856	79.5754
13600.000000	81.298	-5.0552
13800.000000	81.337	-89.1921
14000.000000	81.244	-172.4290
14300.000000	81.442	63.5461
14500.000000	82.106	-19.6008
14750.000000	83.761	-126.0884
15000.000000	86.198	121.8618
15250.000000	88.348	1.6772
15500.000000	88.612	-125.0723
15750.000000	86.503	108.9565
16000.000000	83.000	-11.6006
16250.000000	79.103	-127.3374
16500.000000	75.202	120.7749
16750.000000	71.371	12.2178
17000.000000	67.631	-93.8447
17250.000000	63.973	162.5674
17500.000000	60.333	61.6157
17750.000000	56.647	-36.2744
18000.000000	52.953	-130.3438
18250.000000	49.559	140.5239
18500.000000	47.717	54.3408
18750.000000	49.701	-32.6748
19000.000000	53.966	-125.6875
19250.000000	57.796	130.2095
19500.000000	60.197	17.4307
19750.000000	61.148	-110.1387
20000.000000	61.308	159.5005
