* Measurement data measured by REW V5.31.3
* Source: Aqua JM-1 Filtered
* Format: 
* Dated: Jun 6, 2025 11:30:55 PM
* REW Settings:
*  C-weighting compensation: Off
*  Target level: 85.0 dB
* Note: Format: Comma/Tab/Space delimited data 480 values loaded, 20 Hz to 20,186 Hz log spaced  LS Q     Fc   100.0 Hz  Gain   3.00 dB Q  0.707
* Measurement: Rollo Neutral Target
* Smoothing: 1/24 octave
* Frequency Step: 1/48 octave
* Start Frequency: 20.000 Hz
*
* Freq(Hz), SPL(dB)
20.000000, 8.230
20.299999, 8.219
20.600000, 8.206
20.900000, 8.192
21.200001, 8.178
21.400000, 8.169
21.799999, 8.150
22.000000, 8.141
22.400000, 8.123
22.700001, 8.110
23.000000, 8.097
23.299999, 8.083
23.600000, 8.070
24.000000, 8.052
24.299999, 8.039
24.700001, 8.022
25.000000, 8.009
25.400000, 7.991
25.799999, 7.974
26.200001, 7.956
26.500000, 7.943
26.900000, 7.926
27.200001, 7.913
27.600000, 7.895
28.000000, 7.878
28.500000, 7.856
29.000000, 7.835
29.500000, 7.813
30.000000, 7.792
30.400000, 7.775
30.700001, 7.762
31.100000, 7.745
31.500000, 7.728
32.000000, 7.708
32.500000, 7.687
33.000000, 7.667
33.500000, 7.646
34.000000, 7.626
34.500000, 7.606
35.000000, 7.587
35.500000, 7.567
36.000000, 7.548
36.500000, 7.529
37.000000, 7.510
37.500000, 7.492
38.200001, 7.466
38.700001, 7.448
39.500000, 7.419
40.000000, 7.401
40.599998, 7.380
41.200001, 7.359
41.799999, 7.339
42.500000, 7.315
43.099998, 7.294
43.700001, 7.274
44.400002, 7.251
45.000000, 7.231
45.500000, 7.215
46.200001, 7.192
46.799999, 7.172
47.500000, 7.149
48.200001, 7.127
48.700001, 7.110
49.400002, 7.088
50.000000, 7.068
50.799999, 7.042
51.500000, 7.019
52.200001, 6.996
53.000000, 6.970
53.799999, 6.944
54.500000, 6.920
55.200001, 6.897
56.000000, 6.870
57.000000, 6.836
58.000000, 6.801
59.000000, 6.766
60.000000, 6.730
60.799999, 6.702
61.500000, 6.676
62.200001, 6.650
63.000000, 6.621
64.000000, 6.583
65.000000, 6.545
66.000000, 6.506
67.000000, 6.467
68.000000, 6.427
69.000000, 6.387
70.000000, 6.346
71.000000, 6.305
72.000000, 6.263
73.000000, 6.221
74.000000, 6.178
75.000000, 6.134
76.199997, 6.082
77.500000, 6.025
78.800003, 5.966
80.000000, 5.912
81.199997, 5.858
82.500000, 5.798
83.800003, 5.738
85.000000, 5.682
86.199997, 5.626
87.500000, 5.565
88.500000, 5.518
90.000000, 5.448
91.199997, 5.391
92.500000, 5.330
93.800003, 5.269
95.000000, 5.212
96.199997, 5.156
97.500000, 5.096
98.800003, 5.035
100.000000, 4.980
101.500000, 4.911
103.000000, 4.843
104.400002, 4.780
106.000000, 4.709
107.500000, 4.644
109.000000, 4.579
110.599998, 4.511
112.000000, 4.453
113.800003, 4.379
115.000000, 4.331
117.199997, 4.245
118.000000, 4.214
120.599998, 4.118
122.000000, 4.067
124.099998, 3.994
125.000000, 3.963
126.500000, 3.914
128.000000, 3.865
131.500000, 3.759
132.000000, 3.744
134.000000, 3.687
136.000000, 3.633
138.000000, 3.582
140.000000, 3.533
143.000000, 3.464
145.000000, 3.421
147.500000, 3.371
150.000000, 3.324
152.500000, 3.281
155.000000, 3.240
157.500000, 3.203
160.000000, 3.168
162.500000, 3.136
165.000000, 3.107
167.500000, 3.079
170.000000, 3.053
172.500000, 3.030
175.000000, 3.008
177.500000, 2.987
180.000000, 2.968
182.500000, 2.950
185.000000, 2.933
187.500000, 2.916
190.000000, 2.901
192.500000, 2.886
195.000000, 2.873
197.500000, 2.859
200.000000, 2.846
203.000000, 2.831
206.000000, 2.817
209.000000, 2.803
212.000000, 2.789
214.000000, 2.780
218.000000, 2.763
220.000000, 2.754
224.000000, 2.737
227.000000, 2.725
230.000000, 2.713
233.000000, 2.701
236.000000, 2.688
240.000000, 2.672
243.000000, 2.660
247.000000, 2.645
250.000000, 2.633
254.000000, 2.617
258.000000, 2.601
262.000000, 2.585
265.000000, 2.573
269.000000, 2.557
272.000000, 2.545
276.000000, 2.529
280.000000, 2.513
285.000000, 2.492
290.000000, 2.471
295.000000, 2.449
300.000000, 2.427
304.000000, 2.409
307.000000, 2.396
311.000000, 2.377
315.000000, 2.359
320.000000, 2.335
325.000000, 2.311
330.000000, 2.286
335.000000, 2.261
340.000000, 2.236
345.000000, 2.211
350.000000, 2.185
355.000000, 2.160
360.000000, 2.134
365.000000, 2.108
370.000000, 2.083
375.000000, 2.058
382.000000, 2.023
387.000000, 1.999
395.000000, 1.961
400.000000, 1.937
406.000000, 1.909
412.000000, 1.882
418.000000, 1.855
425.000000, 1.824
431.000000, 1.798
437.000000, 1.772
444.000000, 1.741
450.000000, 1.715
455.000000, 1.693
462.000000, 1.661
468.000000, 1.634
475.000000, 1.601
482.000000, 1.568
487.000000, 1.543
494.000000, 1.509
500.000000, 1.478
508.000000, 1.436
515.000000, 1.398
522.000000, 1.360
530.000000, 1.315
538.000000, 1.269
545.000000, 1.229
552.000000, 1.187
560.000000, 1.140
570.000000, 1.079
580.000000, 1.018
590.000000, 0.956
600.000000, 0.894
608.000000, 0.844
615.000000, 0.801
622.000000, 0.757
630.000000, 0.708
640.000000, 0.647
650.000000, 0.587
660.000000, 0.527
670.000000, 0.470
680.000000, 0.414
690.000000, 0.360
700.000000, 0.309
710.000000, 0.260
720.000000, 0.214
730.000000, 0.171
740.000000, 0.131
750.000000, 0.095
762.000000, 0.055
775.000000, 0.016
788.000000, -0.017
800.000000, -0.044
812.000000, -0.067
825.000000, -0.088
838.000000, -0.105
850.000000, -0.118
862.000000, -0.128
875.000000, -0.135
885.000000, -0.138
900.000000, -0.138
912.000000, -0.135
925.000000, -0.127
938.000000, -0.115
950.000000, -0.101
962.000000, -0.082
975.000000, -0.059
988.000000, -0.031
1000.000000, -0.002
1015.000000, 0.038
1030.000000, 0.082
1044.000000, 0.127
1060.000000, 0.181
1075.000000, 0.236
1090.000000, 0.292
1106.000000, 0.355
1120.000000, 0.412
1138.000000, 0.486
1150.000000, 0.537
1172.000000, 0.630
1180.000000, 0.664
1206.000000, 0.774
1220.000000, 0.832
1241.000000, 0.918
1250.000000, 0.954
1265.000000, 1.013
1280.000000, 1.071
1315.000000, 1.199
1320.000000, 1.217
1340.000000, 1.288
1360.000000, 1.357
1380.000000, 1.427
1400.000000, 1.497
1430.000000, 1.605
1450.000000, 1.679
1475.000000, 1.776
1500.000000, 1.876
1525.000000, 1.981
1550.000000, 2.090
1575.000000, 2.204
1600.000000, 2.322
1625.000000, 2.444
1650.000000, 2.570
1675.000000, 2.699
1700.000000, 2.832
1725.000000, 2.967
1750.000000, 3.106
1775.000000, 3.247
1800.000000, 3.390
1825.000000, 3.536
1850.000000, 3.684
1875.000000, 3.834
1900.000000, 3.986
1925.000000, 4.141
1950.000000, 4.297
1975.000000, 4.455
2000.000000, 4.615
2030.000000, 4.810
2060.000000, 5.007
2090.000000, 5.207
2120.000000, 5.408
2140.000000, 5.543
2180.000000, 5.815
2200.000000, 5.951
2240.000000, 6.221
2270.000000, 6.423
2300.000000, 6.622
2330.000000, 6.818
2360.000000, 7.011
2400.000000, 7.262
2430.000000, 7.446
2470.000000, 7.682
2500.000000, 7.854
2540.000000, 8.074
2580.000000, 8.283
2620.000000, 8.481
2650.000000, 8.622
2690.000000, 8.797
2720.000000, 8.918
2760.000000, 9.065
2800.000000, 9.193
2850.000000, 9.322
2900.000000, 9.414
2950.000000, 9.468
3000.000000, 9.482
3040.000000, 9.467
3070.000000, 9.441
3110.000000, 9.390
3150.000000, 9.321
3200.000000, 9.214
3250.000000, 9.088
3300.000000, 8.948
3350.000000, 8.795
3400.000000, 8.632
3450.000000, 8.461
3500.000000, 8.283
3550.000000, 8.099
3600.000000, 7.911
3650.000000, 7.718
3700.000000, 7.523
3750.000000, 7.326
3820.000000, 7.048
3870.000000, 6.849
3950.000000, 6.532
4000.000000, 6.335
4060.000000, 6.102
4120.000000, 5.872
4180.000000, 5.647
4250.000000, 5.391
4310.000000, 5.178
4370.000000, 4.971
4440.000000, 4.739
4500.000000, 4.548
4550.000000, 4.395
4620.000000, 4.190
4680.000000, 4.024
4750.000000, 3.841
4820.000000, 3.671
4870.000000, 3.557
4940.000000, 3.409
5000.000000, 3.293
5080.000000, 3.152
5150.000000, 3.044
5220.000000, 2.948
5300.000000, 2.854
5380.000000, 2.774
5450.000000, 2.714
5520.000000, 2.662
5600.000000, 2.610
5700.000000, 2.548
5800.000000, 2.486
5900.000000, 2.417
6000.000000, 2.339
6080.000000, 2.270
6150.000000, 2.207
6220.000000, 2.142
6300.000000, 2.069
6400.000000, 1.983
6500.000000, 1.908
6600.000000, 1.852
6700.000000, 1.821
6800.000000, 1.823
6900.000000, 1.859
7000.000000, 1.929
7100.000000, 2.031
7200.000000, 2.154
7300.000000, 2.289
7400.000000, 2.425
7500.000000, 2.550
7620.000000, 2.673
7750.000000, 2.759
7880.000000, 2.785
8000.000000, 2.752
8120.000000, 2.664
8250.000000, 2.513
8380.000000, 2.312
8500.000000, 2.090
8620.000000, 1.843
8750.000000, 1.556
8850.000000, 1.327
9000.000000, 0.975
9120.000000, 0.692
9250.000000, 0.382
9380.000000, 0.068
9500.000000, -0.233
9620.000000, -0.550
9750.000000, -0.923
9880.000000, -1.338
10000.000000, -1.768
10150.000000, -2.375
10300.000000, -3.063
10440.000000, -3.766
10600.000000, -4.617
10750.000000, -5.421
10900.000000, -6.187
11060.000000, -6.915
11200.000000, -7.442
11380.000000, -7.936
11500.000000, -8.139
11720.000000, -8.244
11800.000000, -8.197
12060.000000, -7.757
12200.000000, -7.355
12410.000000, -6.580
12500.000000, -6.201
12650.000000, -5.533
12800.000000, -4.850
13150.000000, -3.382
13200.000000, -3.202
13400.000000, -2.580
13600.000000, -2.129
13800.000000, -1.847
14000.000000, -1.713
14300.000000, -1.713
14500.000000, -1.795
14750.000000, -1.927
15000.000000, -2.045
15250.000000, -2.118
15500.000000, -2.150
15750.000000, -2.174
16000.000000, -2.247
16250.000000, -2.429
16500.000000, -2.766
16750.000000, -3.281
17000.000000, -3.968
17250.000000, -4.799
17500.000000, -5.725
17750.000000, -6.692
18000.000000, -7.645
18250.000000, -8.544
18500.000000, -9.360
18750.000000, -10.084
19000.000000, -10.708
19250.000000, -11.227
19500.000000, -11.644
19750.000000, -11.974
20000.000000, -12.228
