* Measurement data measured by REW V5.31.3
* Source: Microphone (JadeAudio JA11), MICROPHONE (Master Volume), L, volume: 0.250
* Format: Peak data from 65536-point 1/48 octave RTA using Rectangular window and 4 averages 
* Dated: Jun 23, 2025 8:03:04 PM
* REW Settings:
*  C-weighting compensation: Off
*  Target level: 75.0 dB
* Note: Peak data from 65536-point 1/48 octave RTA using Rectangular window and 4 averages
* Measurement: Buds FE (Std, TWS 6) R
* Smoothing: 1/24 octave
* Frequency Step: 1/48 octave
* Start Frequency: 20.000 Hz
*
* Freq(Hz)	SPL(dB)
20.000000	84.862
20.299999	84.929
20.600000	84.951
20.900000	84.974
21.200001	84.988
21.400000	84.987
21.799999	84.974
22.000000	84.969
22.400000	84.939
22.700001	84.905
23.000000	84.869
23.299999	84.817
23.600000	84.780
24.000000	84.706
24.299999	84.682
24.700001	84.610
25.000000	84.565
25.400000	84.488
25.799999	84.426
26.200001	84.338
26.500000	84.275
26.900000	84.183
27.200001	84.142
27.600000	84.058
28.000000	84.003
28.500000	83.903
29.000000	83.809
29.500000	83.755
30.000000	83.682
30.400000	83.630
30.700001	83.596
31.100000	83.555
31.500000	83.528
32.000000	83.490
32.500000	83.450
33.000000	83.406
33.500000	83.360
34.000000	83.318
34.500000	83.271
35.000000	83.221
35.500000	83.177
36.000000	83.128
36.500000	83.073
37.000000	83.013
37.500000	82.971
38.200001	82.909
38.700001	82.859
39.500000	82.782
40.000000	82.738
40.599998	82.679
41.200001	82.635
41.799999	82.582
42.500000	82.530
43.099998	82.488
43.700001	82.443
44.400002	82.400
45.000000	82.376
45.500000	82.353
46.200001	82.322
46.799999	82.298
47.500000	82.274
48.200001	82.251
48.700001	82.235
49.400002	82.218
50.000000	82.196
50.799999	82.161
51.500000	82.125
52.200001	82.082
53.000000	82.015
53.799999	81.953
54.500000	81.901
55.200001	81.848
56.000000	81.786
57.000000	81.698
58.000000	81.608
59.000000	81.534
60.000000	81.454
60.799999	81.389
61.500000	81.340
62.200001	81.289
63.000000	81.231
64.000000	81.169
65.000000	81.096
66.000000	81.027
67.000000	80.958
68.000000	80.884
69.000000	80.811
70.000000	80.735
71.000000	80.641
72.000000	80.555
73.000000	80.462
74.000000	80.367
75.000000	80.253
76.199997	80.126
77.500000	79.972
78.800003	79.820
80.000000	79.680
81.199997	79.528
82.500000	79.357
83.800003	79.212
85.000000	79.050
86.199997	78.909
87.500000	78.783
88.500000	78.669
90.000000	78.505
91.199997	78.393
92.500000	78.307
93.800003	78.224
95.000000	78.144
96.199997	78.072
97.500000	78.003
98.800003	77.943
100.000000	77.895
101.500000	77.844
103.000000	77.788
104.400002	77.740
106.000000	77.688
107.500000	77.640
109.000000	77.591
110.599998	77.536
112.000000	77.485
113.800003	77.413
115.000000	77.359
117.199997	77.256
118.000000	77.215
120.599998	77.070
122.000000	76.985
124.099998	76.856
125.000000	76.798
126.500000	76.702
128.000000	76.604
131.500000	76.378
132.000000	76.348
134.000000	76.227
136.000000	76.113
138.000000	76.011
140.000000	75.919
143.000000	75.805
145.000000	75.750
147.500000	75.702
150.000000	75.676
152.500000	75.670
155.000000	75.678
157.500000	75.697
160.000000	75.720
162.500000	75.743
165.000000	75.762
167.500000	75.776
170.000000	75.783
172.500000	75.783
175.000000	75.775
177.500000	75.760
180.000000	75.737
182.500000	75.707
185.000000	75.669
187.500000	75.623
190.000000	75.570
192.500000	75.512
195.000000	75.448
197.500000	75.380
200.000000	75.311
203.000000	75.229
206.000000	75.151
209.000000	75.078
212.000000	75.010
214.000000	74.966
218.000000	74.889
220.000000	74.851
224.000000	74.777
227.000000	74.722
230.000000	74.667
233.000000	74.613
236.000000	74.561
240.000000	74.493
243.000000	74.445
247.000000	74.380
250.000000	74.331
254.000000	74.263
258.000000	74.192
262.000000	74.116
265.000000	74.057
269.000000	73.976
272.000000	73.917
276.000000	73.837
280.000000	73.762
285.000000	73.674
290.000000	73.595
295.000000	73.524
300.000000	73.457
304.000000	73.404
307.000000	73.362
311.000000	73.307
315.000000	73.248
320.000000	73.168
325.000000	73.082
330.000000	72.992
335.000000	72.903
340.000000	72.822
345.000000	72.753
350.000000	72.701
355.000000	72.663
360.000000	72.637
365.000000	72.614
370.000000	72.580
375.000000	72.533
382.000000	72.453
387.000000	72.388
395.000000	72.279
400.000000	72.221
406.000000	72.164
412.000000	72.121
418.000000	72.087
425.000000	72.050
431.000000	72.013
437.000000	71.967
444.000000	71.901
450.000000	71.836
455.000000	71.777
462.000000	71.691
468.000000	71.619
475.000000	71.539
482.000000	71.467
487.000000	71.422
494.000000	71.361
500.000000	71.309
508.000000	71.237
515.000000	71.168
522.000000	71.095
530.000000	71.017
538.000000	70.952
545.000000	70.913
552.000000	70.896
560.000000	70.903
570.000000	70.945
580.000000	71.011
590.000000	71.085
600.000000	71.153
608.000000	71.197
615.000000	71.224
622.000000	71.243
630.000000	71.250
640.000000	71.241
650.000000	71.213
660.000000	71.173
670.000000	71.129
680.000000	71.090
690.000000	71.065
700.000000	71.054
710.000000	71.057
720.000000	71.067
730.000000	71.079
740.000000	71.087
750.000000	71.090
762.000000	71.089
775.000000	71.089
788.000000	71.097
800.000000	71.111
812.000000	71.130
825.000000	71.151
838.000000	71.167
850.000000	71.176
862.000000	71.183
875.000000	71.191
885.000000	71.200
900.000000	71.222
912.000000	71.251
925.000000	71.295
938.000000	71.353
950.000000	71.418
962.000000	71.493
975.000000	71.583
988.000000	71.681
1000.000000	71.776
1015.000000	71.898
1030.000000	72.026
1044.000000	72.150
1060.000000	72.293
1075.000000	72.426
1090.000000	72.552
1106.000000	72.674
1120.000000	72.773
1138.000000	72.885
1150.000000	72.955
1172.000000	73.072
1180.000000	73.112
1206.000000	73.234
1220.000000	73.294
1241.000000	73.375
1250.000000	73.408
1265.000000	73.461
1280.000000	73.516
1315.000000	73.653
1320.000000	73.672
1340.000000	73.755
1360.000000	73.835
1380.000000	73.908
1400.000000	73.973
1430.000000	74.057
1450.000000	74.105
1475.000000	74.160
1500.000000	74.212
1525.000000	74.258
1550.000000	74.297
1575.000000	74.330
1600.000000	74.359
1625.000000	74.387
1650.000000	74.418
1675.000000	74.451
1700.000000	74.485
1725.000000	74.516
1750.000000	74.539
1775.000000	74.555
1800.000000	74.564
1825.000000	74.567
1850.000000	74.569
1875.000000	74.573
1900.000000	74.583
1925.000000	74.601
1950.000000	74.630
1975.000000	74.669
2000.000000	74.719
2030.000000	74.787
2060.000000	74.859
2090.000000	74.933
2120.000000	75.004
2140.000000	75.050
2180.000000	75.133
2200.000000	75.172
2240.000000	75.242
2270.000000	75.289
2300.000000	75.330
2330.000000	75.365
2360.000000	75.395
2400.000000	75.430
2430.000000	75.452
2470.000000	75.480
2500.000000	75.502
2540.000000	75.532
2580.000000	75.562
2620.000000	75.591
2650.000000	75.610
2690.000000	75.634
2720.000000	75.650
2760.000000	75.670
2800.000000	75.688
2850.000000	75.710
2900.000000	75.732
2950.000000	75.752
3000.000000	75.771
3040.000000	75.782
3070.000000	75.786
3110.000000	75.781
3150.000000	75.760
3200.000000	75.710
3250.000000	75.634
3300.000000	75.531
3350.000000	75.407
3400.000000	75.265
3450.000000	75.112
3500.000000	74.954
3550.000000	74.797
3600.000000	74.644
3650.000000	74.500
3700.000000	74.365
3750.000000	74.240
3820.000000	74.083
3870.000000	73.980
3950.000000	73.825
4000.000000	73.738
4060.000000	73.639
4120.000000	73.547
4180.000000	73.460
4250.000000	73.365
4310.000000	73.290
4370.000000	73.219
4440.000000	73.142
4500.000000	73.082
4550.000000	73.037
4620.000000	72.981
4680.000000	72.940
4750.000000	72.900
4820.000000	72.870
4870.000000	72.854
4940.000000	72.839
5000.000000	72.832
5080.000000	72.833
5150.000000	72.840
5220.000000	72.853
5300.000000	72.873
5380.000000	72.900
5450.000000	72.928
5520.000000	72.960
5600.000000	72.999
5700.000000	73.049
5800.000000	73.101
5900.000000	73.152
6000.000000	73.202
6080.000000	73.242
6150.000000	73.276
6220.000000	73.312
6300.000000	73.354
6400.000000	73.409
6500.000000	73.469
6600.000000	73.535
6700.000000	73.608
6800.000000	73.686
6900.000000	73.769
7000.000000	73.854
7100.000000	73.939
7200.000000	74.023
7300.000000	74.104
7400.000000	74.183
7500.000000	74.256
7620.000000	74.332
7750.000000	74.398
7880.000000	74.441
8000.000000	74.452
8120.000000	74.432
8250.000000	74.370
8380.000000	74.260
8500.000000	74.110
8620.000000	73.909
8750.000000	73.624
8850.000000	73.357
9000.000000	72.855
9120.000000	72.378
9250.000000	71.776
9380.000000	71.092
9500.000000	70.398
9620.000000	69.645
9750.000000	68.769
9880.000000	67.850
10000.000000	66.976
10150.000000	65.909
10300.000000	64.895
10440.000000	64.036
10600.000000	63.214
10750.000000	62.614
10900.000000	62.185
11060.000000	61.895
11200.000000	61.751
11380.000000	61.676
11500.000000	61.671
11720.000000	61.715
11800.000000	61.741
12060.000000	61.852
12200.000000	61.923
12410.000000	62.042
12500.000000	62.098
12650.000000	62.202
12800.000000	62.322
13150.000000	62.658
13200.000000	62.709
13400.000000	62.942
13600.000000	63.197
13800.000000	63.467
14000.000000	63.742
14300.000000	64.137
14500.000000	64.353
14750.000000	64.548
15000.000000	64.636
15250.000000	64.608
15500.000000	64.470
15750.000000	64.236
16000.000000	63.931
16250.000000	63.579
16500.000000	63.188
16750.000000	62.755
17000.000000	62.267
17250.000000	61.705
17500.000000	61.057
17750.000000	60.313
18000.000000	59.473
18250.000000	58.545
18500.000000	57.541
18750.000000	56.477
19000.000000	55.375
19250.000000	54.258
19500.000000	53.154
19750.000000	52.098
20000.000000	51.131
