* Measurement data measured by REW V5.31.3
* Source: Microphone (JadeAudio JA11), MICROPHONE (Master Volume), L, volume: 0.250
* Format: Peak data from 65536-point 1/48 octave RTA using Rectangular window and 4 averages 
* Dated: Jun 23, 2025 8:05:30 PM
* REW Settings:
*  C-weighting compensation: Off
*  Target level: 75.0 dB
* Note: Peak data from 65536-point 1/48 octave RTA using Rectangular window and 4 averages
* Measurement: Buds FE (Clr, TWS 6) R
* Smoothing: 1/24 octave
* Frequency Step: 1/48 octave
* Start Frequency: 20.000 Hz
*
* Freq(Hz)	SPL(dB)
20.000000	80.484
20.299999	80.473
20.600000	80.463
20.900000	80.425
21.200001	80.397
21.400000	80.380
21.799999	80.301
22.000000	80.279
22.400000	80.211
22.700001	80.141
23.000000	80.082
23.299999	80.000
23.600000	79.947
24.000000	79.848
24.299999	79.817
24.700001	79.729
25.000000	79.674
25.400000	79.584
25.799999	79.511
26.200001	79.409
26.500000	79.336
26.900000	79.228
27.200001	79.180
27.600000	79.081
28.000000	79.017
28.500000	78.898
29.000000	78.787
29.500000	78.722
30.000000	78.636
30.400000	78.574
30.700001	78.534
31.100000	78.485
31.500000	78.453
32.000000	78.409
32.500000	78.364
33.000000	78.315
33.500000	78.265
34.000000	78.220
34.500000	78.171
35.000000	78.120
35.500000	78.076
36.000000	78.027
36.500000	77.974
37.000000	77.918
37.500000	77.879
38.200001	77.823
38.700001	77.779
39.500000	77.712
40.000000	77.673
40.599998	77.620
41.200001	77.580
41.799999	77.529
42.500000	77.478
43.099998	77.435
43.700001	77.387
44.400002	77.340
45.000000	77.314
45.500000	77.287
46.200001	77.252
46.799999	77.227
47.500000	77.201
48.200001	77.180
48.700001	77.167
49.400002	77.153
50.000000	77.138
50.799999	77.116
51.500000	77.096
52.200001	77.073
53.000000	77.041
53.799999	77.013
54.500000	76.992
55.200001	76.972
56.000000	76.950
57.000000	76.922
58.000000	76.896
59.000000	76.876
60.000000	76.857
60.799999	76.843
61.500000	76.833
62.200001	76.822
63.000000	76.811
64.000000	76.798
65.000000	76.781
66.000000	76.764
67.000000	76.744
68.000000	76.719
69.000000	76.690
70.000000	76.656
71.000000	76.608
72.000000	76.561
73.000000	76.505
74.000000	76.445
75.000000	76.369
76.199997	76.282
77.500000	76.175
78.800003	76.067
80.000000	75.969
81.199997	75.863
82.500000	75.747
83.800003	75.650
85.000000	75.547
86.199997	75.460
87.500000	75.386
88.500000	75.324
90.000000	75.241
91.199997	75.190
92.500000	75.155
93.800003	75.125
95.000000	75.101
96.199997	75.083
97.500000	75.069
98.800003	75.059
100.000000	75.053
101.500000	75.047
103.000000	75.042
104.400002	75.037
106.000000	75.031
107.500000	75.024
109.000000	75.015
110.599998	75.003
112.000000	74.989
113.800003	74.965
115.000000	74.943
117.199997	74.898
118.000000	74.878
120.599998	74.803
122.000000	74.758
124.099998	74.688
125.000000	74.656
126.500000	74.604
128.000000	74.552
131.500000	74.438
132.000000	74.424
134.000000	74.369
136.000000	74.322
138.000000	74.286
140.000000	74.259
143.000000	74.241
145.000000	74.246
147.500000	74.270
150.000000	74.311
152.500000	74.366
155.000000	74.433
157.500000	74.506
160.000000	74.580
162.500000	74.653
165.000000	74.720
167.500000	74.781
170.000000	74.835
172.500000	74.882
175.000000	74.920
177.500000	74.949
180.000000	74.970
182.500000	74.982
185.000000	74.987
187.500000	74.984
190.000000	74.975
192.500000	74.962
195.000000	74.945
197.500000	74.926
200.000000	74.906
203.000000	74.882
206.000000	74.860
209.000000	74.840
212.000000	74.821
214.000000	74.809
218.000000	74.785
220.000000	74.771
224.000000	74.740
227.000000	74.713
230.000000	74.684
233.000000	74.653
236.000000	74.623
240.000000	74.583
243.000000	74.555
247.000000	74.518
250.000000	74.490
254.000000	74.451
258.000000	74.409
262.000000	74.364
265.000000	74.328
269.000000	74.278
272.000000	74.241
276.000000	74.193
280.000000	74.147
285.000000	74.095
290.000000	74.048
295.000000	74.005
300.000000	73.963
304.000000	73.925
307.000000	73.894
311.000000	73.848
315.000000	73.796
320.000000	73.719
325.000000	73.634
330.000000	73.546
335.000000	73.461
340.000000	73.388
345.000000	73.333
350.000000	73.299
355.000000	73.286
360.000000	73.286
365.000000	73.292
370.000000	73.293
375.000000	73.280
382.000000	73.237
387.000000	73.194
395.000000	73.115
400.000000	73.070
406.000000	73.024
412.000000	72.989
418.000000	72.960
425.000000	72.929
431.000000	72.899
437.000000	72.864
444.000000	72.814
450.000000	72.764
455.000000	72.717
462.000000	72.646
468.000000	72.583
475.000000	72.512
482.000000	72.446
487.000000	72.404
494.000000	72.348
500.000000	72.302
508.000000	72.240
515.000000	72.180
522.000000	72.116
530.000000	72.045
538.000000	71.984
545.000000	71.945
552.000000	71.925
560.000000	71.928
570.000000	71.962
580.000000	72.018
590.000000	72.081
600.000000	72.138
608.000000	72.174
615.000000	72.198
622.000000	72.213
630.000000	72.221
640.000000	72.216
650.000000	72.195
660.000000	72.165
670.000000	72.133
680.000000	72.107
690.000000	72.096
700.000000	72.102
710.000000	72.122
720.000000	72.150
730.000000	72.178
740.000000	72.200
750.000000	72.215
762.000000	72.222
775.000000	72.219
788.000000	72.213
800.000000	72.206
812.000000	72.200
825.000000	72.191
838.000000	72.178
850.000000	72.163
862.000000	72.147
875.000000	72.134
885.000000	72.131
900.000000	72.143
912.000000	72.170
925.000000	72.217
938.000000	72.282
950.000000	72.356
962.000000	72.439
975.000000	72.538
988.000000	72.641
1000.000000	72.741
1015.000000	72.867
1030.000000	72.998
1044.000000	73.124
1060.000000	73.266
1075.000000	73.396
1090.000000	73.518
1106.000000	73.635
1120.000000	73.727
1138.000000	73.832
1150.000000	73.898
1172.000000	74.012
1180.000000	74.053
1206.000000	74.185
1220.000000	74.254
1241.000000	74.351
1250.000000	74.391
1265.000000	74.456
1280.000000	74.522
1315.000000	74.675
1320.000000	74.696
1340.000000	74.782
1360.000000	74.863
1380.000000	74.937
1400.000000	75.000
1430.000000	75.081
1450.000000	75.128
1475.000000	75.183
1500.000000	75.235
1525.000000	75.283
1550.000000	75.323
1575.000000	75.354
1600.000000	75.377
1625.000000	75.395
1650.000000	75.411
1675.000000	75.426
1700.000000	75.440
1725.000000	75.450
1750.000000	75.453
1775.000000	75.450
1800.000000	75.441
1825.000000	75.427
1850.000000	75.413
1875.000000	75.402
1900.000000	75.398
1925.000000	75.405
1950.000000	75.424
1975.000000	75.458
2000.000000	75.503
2030.000000	75.567
2060.000000	75.638
2090.000000	75.709
2120.000000	75.777
2140.000000	75.822
2180.000000	75.899
2200.000000	75.934
2240.000000	75.991
2270.000000	76.024
2300.000000	76.045
2330.000000	76.057
2360.000000	76.059
2400.000000	76.052
2430.000000	76.044
2470.000000	76.034
2500.000000	76.032
2540.000000	76.037
2580.000000	76.050
2620.000000	76.068
2650.000000	76.082
2690.000000	76.098
2720.000000	76.107
2760.000000	76.116
2800.000000	76.120
2850.000000	76.120
2900.000000	76.115
2950.000000	76.103
3000.000000	76.088
3040.000000	76.070
3070.000000	76.050
3110.000000	76.017
3150.000000	75.975
3200.000000	75.907
3250.000000	75.817
3300.000000	75.706
3350.000000	75.576
3400.000000	75.430
3450.000000	75.275
3500.000000	75.115
3550.000000	74.954
3600.000000	74.798
3650.000000	74.648
3700.000000	74.509
3750.000000	74.380
3820.000000	74.219
3870.000000	74.115
3950.000000	73.960
4000.000000	73.872
4060.000000	73.770
4120.000000	73.674
4180.000000	73.583
4250.000000	73.483
4310.000000	73.404
4370.000000	73.330
4440.000000	73.251
4500.000000	73.190
4550.000000	73.146
4620.000000	73.091
4680.000000	73.055
4750.000000	73.023
4820.000000	73.003
4870.000000	72.996
4940.000000	72.993
5000.000000	72.998
5080.000000	73.011
5150.000000	73.030
5220.000000	73.055
5300.000000	73.089
5380.000000	73.129
5450.000000	73.171
5520.000000	73.217
5600.000000	73.273
5700.000000	73.345
5800.000000	73.419
5900.000000	73.497
6000.000000	73.578
6080.000000	73.646
6150.000000	73.707
6220.000000	73.774
6300.000000	73.855
6400.000000	73.961
6500.000000	74.076
6600.000000	74.197
6700.000000	74.325
6800.000000	74.457
6900.000000	74.592
7000.000000	74.729
7100.000000	74.870
7200.000000	75.015
7300.000000	75.165
7400.000000	75.320
7500.000000	75.479
7620.000000	75.669
7750.000000	75.870
7880.000000	76.057
8000.000000	76.206
8120.000000	76.327
8250.000000	76.420
8380.000000	76.466
8500.000000	76.462
8620.000000	76.409
8750.000000	76.289
8850.000000	76.149
9000.000000	75.847
9120.000000	75.532
9250.000000	75.110
9380.000000	74.611
9500.000000	74.090
9620.000000	73.511
9750.000000	72.825
9880.000000	72.090
10000.000000	71.376
10150.000000	70.475
10300.000000	69.571
10440.000000	68.739
10600.000000	67.840
10750.000000	67.050
10900.000000	66.328
11060.000000	65.640
11200.000000	65.102
11380.000000	64.505
11500.000000	64.153
11720.000000	63.605
11800.000000	63.435
12060.000000	62.957
12200.000000	62.752
12410.000000	62.517
12500.000000	62.442
12650.000000	62.348
12800.000000	62.294
13150.000000	62.331
13200.000000	62.353
13400.000000	62.483
13600.000000	62.670
13800.000000	62.900
14000.000000	63.154
14300.000000	63.544
14500.000000	63.766
14750.000000	63.973
15000.000000	64.077
15250.000000	64.067
15500.000000	63.948
15750.000000	63.738
16000.000000	63.460
16250.000000	63.137
16500.000000	62.776
16750.000000	62.372
17000.000000	61.911
17250.000000	61.373
17500.000000	60.744
17750.000000	60.016
18000.000000	59.188
18250.000000	58.267
18500.000000	57.265
18750.000000	56.199
19000.000000	55.088
19250.000000	53.956
19500.000000	52.829
19750.000000	51.739
20000.000000	50.728
