* Measurement data measured by REW V5.31.3
* Source: Microphone (JadeAudio JA11), MICROPHONE (Master Volume), L, volume: 0.250
* Format: 512k Log Swept Sine, 1 sweep at -8.9 dBFS with no timing reference
* Dated: May 8, 2026 4:34:01 PM
* REW Settings:
*  C-weighting compensation: Off
*  Target level: 75.0 dB
* Note: 
* Measurement: R IE600 (AET07)
* Smoothing: 1/24 octave
* Frequency Step: 1/48 octave
* Start Frequency: 20.300 Hz
*
* Freq(Hz)	SPL(dB)	Phase(degrees)
20.299999	91.929	148.0090
20.600000	91.893	147.8136
20.900000	91.847	147.5572
21.200001	91.792	147.2751
21.400000	91.752	147.0818
21.799999	91.664	146.7152
22.000000	91.617	146.5483
22.400000	91.526	146.2018
22.700001	91.463	145.9476
23.000000	91.410	145.6664
23.299999	91.363	145.3059
23.600000	91.317	144.9237
24.000000	91.249	144.4523
24.299999	91.185	144.1373
24.700001	91.083	143.8601
25.000000	90.999	143.7390
25.400000	90.893	143.5579
25.799999	90.803	143.3152
26.200001	90.728	142.9642
26.500000	90.679	142.6566
26.900000	90.611	142.2663
27.200001	90.556	142.0250
27.600000	90.482	141.7818
28.000000	90.412	141.5970
28.500000	90.335	141.3911
29.000000	90.264	141.1475
29.500000	90.184	140.8754
30.000000	90.094	140.5969
30.400000	90.020	140.3906
30.700001	89.965	140.2595
31.100000	89.893	140.1179
31.500000	89.821	139.9989
32.000000	89.730	139.8728
32.500000	89.641	139.7041
33.000000	89.556	139.5205
33.500000	89.474	139.3221
34.000000	89.390	139.1589
34.500000	89.304	139.0105
35.000000	89.221	138.8684
35.500000	89.144	138.7023
36.000000	89.070	138.5211
36.500000	88.998	138.3445
37.000000	88.927	138.1968
37.500000	88.857	138.0932
38.200001	88.758	137.9879
38.700001	88.685	137.9137
39.500000	88.570	137.7823
40.000000	88.502	137.7207
40.599998	88.419	137.6754
41.200001	88.331	137.6439
41.799999	88.243	137.5831
42.500000	88.145	137.4682
43.099998	88.063	137.3743
43.700001	87.982	137.3108
44.400002	87.890	137.2742
45.000000	87.815	137.2441
45.500000	87.752	137.2095
46.200001	87.664	137.1603
46.799999	87.591	137.1325
47.500000	87.506	137.1252
48.200001	87.421	137.1475
48.700001	87.362	137.1733
49.400002	87.282	137.1977
50.000000	87.215	137.1997
50.799999	87.125	137.1944
51.500000	87.048	137.2080
52.200001	86.973	137.2307
53.000000	86.890	137.2565
53.799999	86.804	137.2872
54.500000	86.728	137.3153
55.200001	86.653	137.3334
56.000000	86.573	137.3591
57.000000	86.479	137.4563
58.000000	86.383	137.5733
59.000000	86.277	137.6331
60.000000	86.183	137.7192
60.799999	86.115	137.7934
61.500000	86.052	137.8355
62.200001	85.986	137.8850
63.000000	85.914	137.9760
64.000000	85.830	138.1133
65.000000	85.746	138.2383
66.000000	85.659	138.3308
67.000000	85.575	138.4427
68.000000	85.494	138.5847
69.000000	85.416	138.7153
70.000000	85.345	138.8336
71.000000	85.269	138.9733
72.000000	85.190	139.1487
73.000000	85.115	139.2971
74.000000	85.045	139.3994
75.000000	84.974	139.5100
76.199997	84.883	139.7283
77.500000	84.803	139.9790
78.800003	84.716	140.2143
80.000000	84.638	140.3805
81.199997	84.560	140.5246
82.500000	84.476	140.7218
83.800003	84.400	140.9480
85.000000	84.331	141.1571
86.199997	84.260	141.3672
87.500000	84.186	141.5885
88.500000	84.127	141.7675
90.000000	84.042	142.0210
91.199997	83.975	142.2228
92.500000	83.908	142.4780
93.800003	83.849	142.7230
95.000000	83.791	142.9183
96.199997	83.730	143.1101
97.500000	83.664	143.3211
98.800003	83.598	143.5208
100.000000	83.541	143.6850
101.500000	83.476	143.8668
103.000000	83.412	144.1277
104.400002	83.345	144.4071
106.000000	83.276	144.7108
107.500000	83.216	144.9876
109.000000	83.155	145.2367
110.599998	83.090	145.4930
112.000000	83.038	145.7202
113.800003	82.974	146.0439
115.000000	82.930	146.2584
117.199997	82.853	146.6059
118.000000	82.827	146.7147
120.599998	82.740	147.0461
122.000000	82.685	147.2755
124.099998	82.604	147.6716
125.000000	82.575	147.8473
126.500000	82.534	148.1311
128.000000	82.493	148.3819
131.500000	82.387	148.9354
132.000000	82.372	149.0258
134.000000	82.315	149.4466
136.000000	82.261	149.7771
138.000000	82.272	149.9593
140.000000	82.264	150.4005
143.000000	82.111	150.8580
145.000000	82.056	151.3332
147.500000	81.994	151.8525
150.000000	81.955	152.2515
152.500000	81.918	152.5741
155.000000	81.877	152.9180
157.500000	81.837	153.2750
160.000000	81.792	153.6668
162.500000	81.755	153.9867
165.000000	81.706	154.2060
167.500000	81.658	154.4842
170.000000	81.619	154.8743
172.500000	81.582	155.2272
175.000000	81.542	155.5569
177.500000	81.503	155.8312
180.000000	81.456	156.0562
182.500000	81.416	156.2593
185.000000	81.386	156.3866
187.500000	81.337	156.6594
190.000000	81.282	157.0754
192.500000	81.241	157.4348
195.000000	81.204	157.6964
197.500000	81.163	157.9502
200.000000	81.122	158.2404
203.000000	81.080	158.6183
206.000000	81.047	159.0073
209.000000	81.015	159.3467
212.000000	80.982	159.6954
214.000000	80.963	159.9503
218.000000	80.926	160.3479
220.000000	80.906	160.5242
224.000000	80.868	160.9882
227.000000	80.845	161.3334
230.000000	80.821	161.6391
233.000000	80.795	161.9660
236.000000	80.768	162.3239
240.000000	80.734	162.7705
243.000000	80.712	163.0794
247.000000	80.684	163.4949
250.000000	80.661	163.7980
254.000000	80.634	164.1944
258.000000	80.602	164.5993
262.000000	80.564	165.0250
265.000000	80.539	165.3087
269.000000	80.513	165.6680
272.000000	80.493	165.9472
276.000000	80.465	166.3266
280.000000	80.436	166.6984
285.000000	80.398	167.1591
290.000000	80.362	167.6468
295.000000	80.326	168.1083
300.000000	80.298	168.5594
304.000000	80.275	168.9315
307.000000	80.257	169.1962
311.000000	80.234	169.5595
315.000000	80.209	169.9332
320.000000	80.181	170.3922
325.000000	80.163	170.8602
330.000000	80.151	171.3193
335.000000	80.133	171.6895
340.000000	80.114	172.0200
345.000000	80.099	172.4672
350.000000	80.082	172.9072
355.000000	80.071	173.2407
360.000000	80.062	173.5728
365.000000	80.058	173.8693
370.000000	80.045	174.0744
375.000000	80.005	174.3622
382.000000	79.972	175.1308
387.000000	79.968	175.4727
395.000000	79.950	176.0560
400.000000	79.939	176.4183
406.000000	79.928	176.8233
412.000000	79.921	177.2472
418.000000	79.915	177.6686
425.000000	79.900	177.9731
431.000000	79.895	178.4095
437.000000	79.879	179.0002
444.000000	79.854	179.4891
450.000000	79.856	179.9884
455.000000	79.859	-179.6414
462.000000	79.847	-179.3669
468.000000	79.818	-179.1079
475.000000	79.797	-178.5068
482.000000	79.816	-177.8730
487.000000	79.819	-177.5171
494.000000	79.824	-177.0991
500.000000	79.838	-176.6928
508.000000	79.854	-176.1662
515.000000	79.856	-175.7072
522.000000	79.860	-175.2598
530.000000	79.858	-174.7971
538.000000	79.857	-174.2858
545.000000	79.867	-173.8361
552.000000	79.895	-173.4467
560.000000	79.913	-172.9698
570.000000	79.910	-172.2826
580.000000	79.915	-171.6655
590.000000	79.924	-171.0406
600.000000	79.936	-170.4291
608.000000	79.948	-169.9359
615.000000	79.960	-169.5009
622.000000	79.971	-169.0623
630.000000	79.982	-168.5462
640.000000	79.998	-167.9218
650.000000	80.019	-167.3072
660.000000	80.042	-166.7150
670.000000	80.068	-166.1154
680.000000	80.095	-165.4947
690.000000	80.120	-164.8643
700.000000	80.146	-164.2433
710.000000	80.177	-163.6324
720.000000	80.210	-163.0284
730.000000	80.247	-162.4138
740.000000	80.288	-161.7960
750.000000	80.330	-161.1877
762.000000	80.376	-160.4824
775.000000	80.424	-159.7074
788.000000	80.481	-158.9206
800.000000	80.538	-158.2068
812.000000	80.596	-157.5115
825.000000	80.661	-156.7791
838.000000	80.726	-156.0653
850.000000	80.789	-155.4310
862.000000	80.851	-154.8318
875.000000	80.919	-154.2085
885.000000	80.970	-153.7344
900.000000	81.044	-153.0107
912.000000	81.100	-152.3936
925.000000	81.162	-151.6596
938.000000	81.232	-150.8667
950.000000	81.308	-150.1202
962.000000	81.397	-149.3948
975.000000	81.505	-148.6587
988.000000	81.623	-147.9785
1000.000000	81.735	-147.4033
1015.000000	81.875	-146.7532
1030.000000	82.014	-146.1710
1044.000000	82.143	-145.6893
1060.000000	82.294	-145.2123
1075.000000	82.437	-144.8369
1090.000000	82.581	-144.5299
1106.000000	82.732	-144.2603
1120.000000	82.861	-144.0640
1138.000000	83.021	-143.8707
1150.000000	83.124	-143.7737
1172.000000	83.309	-143.6455
1180.000000	83.375	-143.6200
1206.000000	83.586	-143.6005
1220.000000	83.695	-143.6203
1241.000000	83.853	-143.6867
1250.000000	83.920	-143.7266
1265.000000	84.029	-143.8034
1280.000000	84.136	-143.8916
1315.000000	84.378	-144.1538
1320.000000	84.412	-144.1945
1340.000000	84.545	-144.3640
1360.000000	84.674	-144.5418
1380.000000	84.796	-144.7253
1400.000000	84.913	-144.9093
1430.000000	85.081	-145.1952
1450.000000	85.192	-145.3922
1475.000000	85.329	-145.6515
1500.000000	85.464	-145.9218
1525.000000	85.593	-146.1984
1550.000000	85.718	-146.4793
1575.000000	85.842	-146.7770
1600.000000	85.967	-147.0889
1625.000000	86.096	-147.4227
1650.000000	86.227	-147.7736
1675.000000	86.353	-148.1419
1700.000000	86.474	-148.5250
1725.000000	86.592	-148.9305
1750.000000	86.708	-149.3564
1775.000000	86.822	-149.8055
1800.000000	86.934	-150.2763
1825.000000	87.042	-150.7646
1850.000000	87.145	-151.2634
1875.000000	87.242	-151.7663
1900.000000	87.332	-152.2703
1925.000000	87.417	-152.7595
1950.000000	87.501	-153.2259
1975.000000	87.587	-153.6630
2000.000000	87.678	-154.0713
2030.000000	87.798	-154.5375
2060.000000	87.937	-155.0450
2090.000000	88.091	-155.7039
2120.000000	88.249	-156.6028
2140.000000	88.346	-157.3451
2180.000000	88.500	-159.0644
2200.000000	88.556	-159.9720
2240.000000	88.630	-161.7754
2270.000000	88.657	-163.0671
2300.000000	88.666	-164.2955
2330.000000	88.659	-165.4588
2360.000000	88.642	-166.5650
2400.000000	88.607	-167.9564
2430.000000	88.574	-168.9410
2470.000000	88.521	-170.1851
2500.000000	88.473	-171.0662
2540.000000	88.399	-172.1890
2580.000000	88.311	-173.2554
2620.000000	88.210	-174.2612
2650.000000	88.128	-174.9574
2690.000000	88.013	-175.7971
2720.000000	87.924	-176.3613
2760.000000	87.803	-177.0344
2800.000000	87.678	-177.6272
2850.000000	87.518	-178.2527
2900.000000	87.357	-178.7620
2950.000000	87.200	-179.1506
3000.000000	87.052	-179.4328
3040.000000	86.941	-179.6001
3070.000000	86.861	-179.7077
3110.000000	86.757	-179.8320
3150.000000	86.654	-179.9445
3200.000000	86.528	179.9413
3250.000000	86.404	179.8639
3300.000000	86.285	179.8137
3350.000000	86.169	179.7759
3400.000000	86.050	179.7213
3450.000000	85.920	179.6450
3500.000000	85.771	179.5718
3550.000000	85.596	179.5991
3600.000000	85.399	179.8598
3650.000000	85.199	-179.5276
3700.000000	85.024	-178.5543
3750.000000	84.895	-177.3566
3820.000000	84.800	-175.6353
3870.000000	84.776	-174.5282
3950.000000	84.784	-173.0443
4000.000000	84.804	-172.2794
4060.000000	84.833	-171.4867
4120.000000	84.865	-170.7986
4180.000000	84.900	-170.1926
4250.000000	84.943	-169.5796
4310.000000	84.983	-169.1252
4370.000000	85.027	-168.7460
4440.000000	85.082	-168.4053
4500.000000	85.131	-168.1877
4550.000000	85.170	-168.0487
4620.000000	85.224	-167.9156
4680.000000	85.271	-167.8679
4750.000000	85.331	-167.9163
4820.000000	85.397	-168.1268
4870.000000	85.446	-168.4023
4940.000000	85.507	-168.9940
5000.000000	85.541	-169.7029
5080.000000	85.545	-170.9157
5150.000000	85.496	-172.1896
5220.000000	85.388	-173.6176
5300.000000	85.174	-175.3351
5380.000000	84.856	-176.9207
5450.000000	84.490	-178.0369
5520.000000	84.042	-178.7336
5600.000000	83.442	-178.7913
5700.000000	82.597	-177.3771
5800.000000	81.728	-173.8524
5900.000000	80.980	-167.8958
6000.000000	80.550	-159.7415
6080.000000	80.551	-152.3664
6150.000000	80.829	-146.0726
6220.000000	81.338	-140.5391
6300.000000	82.122	-135.6863
6400.000000	83.251	-132.1919
6500.000000	84.382	-131.4711
6600.000000	85.381	-133.0937
6700.000000	86.150	-136.4210
6800.000000	86.639	-140.7043
6900.000000	86.839	-145.1897
7000.000000	86.785	-149.2392
7100.000000	86.537	-152.4133
7200.000000	86.163	-154.4908
7300.000000	85.720	-155.3999
7400.000000	85.251	-155.1220
7500.000000	84.794	-153.6390
7620.000000	84.321	-150.2023
7750.000000	84.017	-144.3428
7880.000000	84.136	-136.5287
8000.000000	84.821	-128.8742
8120.000000	86.065	-123.1464
8250.000000	87.730	-121.3275
8380.000000	89.279	-124.1328
8500.000000	90.371	-129.3071
8620.000000	91.124	-135.3539
8750.000000	91.677	-141.8344
8850.000000	92.005	-146.6214
9000.000000	92.423	-153.8635
9120.000000	92.690	-160.1626
9250.000000	92.857	-167.8177
9380.000000	92.834	-176.2766
9500.000000	92.573	175.6663
9620.000000	92.034	168.0812
9750.000000	91.185	161.1525
9880.000000	90.194	155.8047
10000.000000	89.216	152.0661
10150.000000	87.940	149.0478
10300.000000	86.683	147.7789
10440.000000	85.584	147.8631
10600.000000	84.444	149.0688
10750.000000	83.498	150.9870
10900.000000	82.669	153.4639
11060.000000	81.909	156.5503
11200.000000	81.344	159.5258
11380.000000	80.749	163.6142
11500.000000	80.432	166.4462
11720.000000	80.019	171.7342
11800.000000	79.923	173.6579
12060.000000	79.826	179.7679
12200.000000	79.918	-177.1426
12410.000000	80.265	-173.0345
12500.000000	80.498	-171.5688
12650.000000	81.006	-169.7307
12800.000000	81.663	-168.9605
13150.000000	83.600	-174.1262
13200.000000	83.874	-175.9385
13400.000000	84.729	173.8631
13600.000000	84.856	160.1942
13800.000000	84.024	146.3646
14000.000000	82.405	135.7242
14300.000000	79.391	128.2059
14500.000000	77.460	127.8023
14750.000000	75.368	130.4526
15000.000000	73.653	135.0501
15250.000000	72.261	140.7186
15500.000000	71.156	147.0108
15750.000000	70.328	153.6163
16000.000000	69.857	160.2876
16250.000000	69.848	166.8039
16500.000000	70.233	173.0216
16750.000000	71.082	178.8073
17000.000000	72.515	-178.4185
17250.000000	74.086	178.3634
17500.000000	75.425	168.9132
17750.000000	75.909	153.3974
18000.000000	74.971	136.1746
18250.000000	72.752	123.1610
18500.000000	69.899	117.0569
18750.000000	67.010	117.0020
19000.000000	64.374	120.9479
19250.000000	62.037	127.2604
19500.000000	59.963	135.1185
19750.000000	58.214	143.9254
20000.000000	57.171	151.1746
