* Measurement data measured by REW V5.31.3
* Source: Microphone (JadeAudio JA11), MICROPHONE (Master Volume), R, volume: 0.250
* Format: 256k Log Swept Sine, 1 sweep at -2.9 dBFS with no timing reference
* Dated: Mar 12, 2025 9:52:58 PM
* REW Settings:
*  C-weighting compensation: Off
*  Target level: 75.0 dB
* Note: 
* Measurement: R EW100P (SBC,Vent,Velvet)
* Smoothing: 1/24 octave
* Frequency Step: 1/48 octave
* Start Frequency: 20.000 Hz
*
* Freq(Hz)	SPL(dB)	Phase(degrees)
20.000000	85.415	-69.9735
20.299999	85.469	-72.5174
20.600000	85.520	-75.0379
20.900000	85.569	-77.5363
21.200001	85.617	-80.0149
21.400000	85.648	-81.6579
21.799999	85.708	-84.9236
22.000000	85.737	-86.5467
22.400000	85.792	-89.7715
22.700001	85.830	-92.1692
23.000000	85.867	-94.5473
23.299999	85.902	-96.9056
23.600000	85.937	-99.2458
24.000000	85.981	-102.3421
24.299999	86.014	-104.6494
24.700001	86.055	-107.7083
25.000000	86.083	-109.9890
25.400000	86.118	-113.0091
25.799999	86.150	-116.0015
26.200001	86.179	-118.9636
26.500000	86.200	-121.1656
26.900000	86.226	-124.0776
27.200001	86.245	-126.2461
27.600000	86.269	-129.1198
28.000000	86.293	-131.9766
28.500000	86.321	-135.5268
29.000000	86.346	-139.0551
29.500000	86.368	-142.5585
30.000000	86.386	-146.0305
30.400000	86.398	-148.7802
30.700001	86.407	-150.8249
31.100000	86.418	-153.5294
31.500000	86.429	-156.2138
32.000000	86.443	-159.5509
32.500000	86.456	-162.8729
33.000000	86.464	-166.1736
33.500000	86.469	-169.4400
34.000000	86.472	-172.6665
34.500000	86.477	-175.8640
35.000000	86.483	-179.0525
35.500000	86.488	177.7562
36.000000	86.488	174.5684
36.500000	86.484	171.4015
37.000000	86.477	168.2675
37.500000	86.471	165.1653
38.200001	86.463	160.8605
38.700001	86.458	157.8056
39.500000	86.450	152.9500
40.000000	86.445	149.9361
40.599998	86.436	146.3461
41.200001	86.426	142.7919
41.799999	86.416	139.2707
42.500000	86.402	135.1891
43.099998	86.388	131.7071
43.700001	86.369	128.2420
44.400002	86.344	124.2247
45.000000	86.319	120.8103
45.500000	86.298	117.9896
46.200001	86.273	114.0668
46.799999	86.257	110.7034
47.500000	86.240	106.7605
48.200001	86.220	102.8228
48.700001	86.203	100.0407
49.400002	86.183	96.2026
50.000000	86.169	92.9412
50.799999	86.148	88.6003
51.500000	86.119	84.8531
52.200001	86.089	81.1708
53.000000	86.052	76.9414
53.799999	85.988	72.7546
54.500000	85.929	69.3087
55.200001	85.915	65.9339
56.000000	85.937	61.7383
57.000000	85.910	56.1069
58.000000	85.838	50.7189
59.000000	85.790	45.5449
60.000000	85.751	40.4385
60.799999	85.722	36.4141
61.500000	85.697	32.9224
62.200001	85.670	29.4566
63.000000	85.638	25.5184
64.000000	85.594	20.6006
65.000000	85.547	15.6763
66.000000	85.495	10.7579
67.000000	85.442	5.8845
68.000000	85.393	1.0651
69.000000	85.350	-3.7224
70.000000	85.308	-8.4882
71.000000	85.265	-13.2263
72.000000	85.223	-17.9336
73.000000	85.181	-22.6306
74.000000	85.138	-27.3230
75.000000	85.094	-31.9939
76.199997	85.038	-37.5773
77.500000	84.974	-43.5663
78.800003	84.915	-49.4958
80.000000	84.865	-54.9667
81.199997	84.816	-60.4222
82.500000	84.762	-66.3146
83.800003	84.705	-72.1595
85.000000	84.652	-77.5137
86.199997	84.598	-82.8514
87.500000	84.538	-88.6080
88.500000	84.494	-93.0172
90.000000	84.433	-99.6108
91.199997	84.385	-104.8549
92.500000	84.332	-110.4900
93.800003	84.275	-116.0855
95.000000	84.222	-121.2231
96.199997	84.166	-126.3641
97.500000	84.106	-131.9005
98.800003	84.056	-137.4149
100.000000	84.012	-142.5017
101.500000	83.954	-148.8147
103.000000	83.892	-155.0623
104.400002	83.834	-160.8675
106.000000	83.766	-167.5212
107.500000	83.704	-173.7543
109.000000	83.648	-179.9636
110.599998	83.589	173.4596
112.000000	83.536	167.7650
113.800003	83.459	160.5117
115.000000	83.406	155.7149
117.199997	83.316	146.9012
118.000000	83.285	143.6899
120.599998	83.194	133.3311
122.000000	83.151	127.8118
124.099998	83.080	119.5768
125.000000	83.042	116.0825
126.500000	82.978	110.3527
128.000000	82.930	104.7062
131.500000	82.896	91.2651
132.000000	82.891	89.2772
134.000000	82.848	81.3352
136.000000	82.792	73.4755
138.000000	82.727	65.7277
140.000000	82.646	58.0941
143.000000	82.522	46.7607
145.000000	82.453	39.1430
147.500000	82.363	29.9136
150.000000	82.320	21.1066
152.500000	82.301	11.9556
155.000000	82.265	2.4080
157.500000	82.204	-7.0884
160.000000	82.135	-16.4209
162.500000	82.069	-25.6692
165.000000	82.012	-34.8321
167.500000	81.959	-43.8690
170.000000	81.899	-52.9138
172.500000	81.833	-61.9269
175.000000	81.773	-70.9215
177.500000	81.707	-79.8891
180.000000	81.648	-88.7838
182.500000	81.607	-97.6706
185.000000	81.562	-106.5216
187.500000	81.507	-115.2560
190.000000	81.448	-123.9459
192.500000	81.392	-132.6484
195.000000	81.335	-141.3344
197.500000	81.278	-149.9684
200.000000	81.226	-158.6024
203.000000	81.166	-168.9310
206.000000	81.111	-179.1338
209.000000	81.062	170.7876
212.000000	81.025	160.7295
214.000000	81.008	153.9996
218.000000	80.978	140.4856
220.000000	80.957	133.7095
224.000000	80.893	120.1552
227.000000	80.842	110.0728
230.000000	80.802	100.0671
233.000000	80.768	90.0981
236.000000	80.726	80.1658
240.000000	80.658	67.0271
243.000000	80.608	57.1925
247.000000	80.550	44.1003
250.000000	80.512	34.3101
254.000000	80.463	21.3417
258.000000	80.416	8.4651
262.000000	80.369	-4.3359
265.000000	80.334	-13.9138
269.000000	80.287	-26.6621
272.000000	80.252	-36.2019
276.000000	80.206	-48.8966
280.000000	80.164	-61.5564
285.000000	80.117	-77.2845
290.000000	80.073	-92.8939
295.000000	80.027	-108.4418
300.000000	79.977	-123.9198
304.000000	79.938	-136.2971
307.000000	79.914	-145.5500
311.000000	79.884	-157.8265
315.000000	79.855	-170.0245
320.000000	79.817	174.8156
325.000000	79.775	159.6687
330.000000	79.735	144.5724
335.000000	79.696	129.5339
340.000000	79.661	114.5411
345.000000	79.628	99.6366
350.000000	79.596	84.8116
355.000000	79.567	70.0466
360.000000	79.537	55.3560
365.000000	79.504	40.7358
370.000000	79.468	26.1411
375.000000	79.438	11.5695
382.000000	79.405	-8.7277
387.000000	79.385	-23.1345
395.000000	79.355	-46.0811
400.000000	79.337	-60.3615
406.000000	79.311	-77.4299
412.000000	79.282	-94.4585
418.000000	79.254	-111.4502
425.000000	79.227	-131.1797
431.000000	79.205	-147.9795
437.000000	79.183	-164.6860
444.000000	79.158	175.9395
450.000000	79.134	159.4114
455.000000	79.112	145.6737
462.000000	79.084	126.5022
468.000000	79.064	110.1155
475.000000	79.047	91.0975
482.000000	79.034	72.1708
487.000000	79.026	58.6866
494.000000	79.013	39.8986
500.000000	79.000	23.8658
508.000000	78.979	2.5557
515.000000	78.959	-16.0215
522.000000	78.943	-34.5425
530.000000	78.929	-55.5936
538.000000	78.917	-76.5024
545.000000	78.906	-94.7075
552.000000	78.895	-112.8218
560.000000	78.882	-133.4407
570.000000	78.863	-159.1265
580.000000	78.846	175.3022
590.000000	78.835	149.9058
600.000000	78.827	124.6609
608.000000	78.823	104.5796
615.000000	78.819	87.1030
622.000000	78.813	69.7073
630.000000	78.807	49.8838
640.000000	78.798	25.1416
650.000000	78.794	0.5437
660.000000	78.796	-23.8789
670.000000	78.802	-48.1814
680.000000	78.809	-72.3528
690.000000	78.814	-96.3853
700.000000	78.818	-120.3013
710.000000	78.823	-144.1548
720.000000	78.831	-167.9075
730.000000	78.841	168.5103
740.000000	78.855	145.0610
750.000000	78.875	121.7178
762.000000	78.900	93.8755
775.000000	78.927	63.9001
788.000000	78.954	34.0444
800.000000	78.981	6.5728
812.000000	79.012	-20.7036
825.000000	79.051	-50.0576
838.000000	79.101	-79.2402
850.000000	79.153	-105.9919
862.000000	79.204	-132.6011
875.000000	79.258	-161.3252
885.000000	79.304	176.6423
900.000000	79.379	143.7568
912.000000	79.442	117.6155
925.000000	79.519	89.4463
938.000000	79.601	61.4268
950.000000	79.682	35.6868
962.000000	79.764	10.0400
975.000000	79.852	-17.6687
988.000000	79.941	-45.3157
1000.000000	80.026	-70.7454
1015.000000	80.132	-102.3853
1030.000000	80.246	-133.8469
1044.000000	80.358	-163.0396
1060.000000	80.489	163.7515
1075.000000	80.611	132.7571
1090.000000	80.730	101.8562
1106.000000	80.856	68.9888
1120.000000	80.964	40.3486
1138.000000	81.099	3.6899
1150.000000	81.189	-20.6282
1172.000000	81.357	-64.9998
1180.000000	81.417	-81.0713
1206.000000	81.578	-133.1074
1220.000000	81.640	-161.0117
1241.000000	81.711	157.4651
1250.000000	81.740	139.8335
1265.000000	81.795	110.6648
1280.000000	81.868	81.6960
1315.000000	82.089	14.5764
1320.000000	82.122	5.0347
1340.000000	82.244	-33.0352
1360.000000	82.357	-70.9619
1380.000000	82.462	-108.6797
1400.000000	82.560	-146.1675
1430.000000	82.698	158.0801
1450.000000	82.794	121.2207
1475.000000	82.912	75.4480
1500.000000	83.024	29.9824
1525.000000	83.133	-15.1865
1550.000000	83.241	-59.9570
1575.000000	83.342	-104.3643
1600.000000	83.441	-148.4302
1625.000000	83.545	167.8271
1650.000000	83.654	124.3916
1675.000000	83.759	81.2290
1700.000000	83.862	38.3301
1725.000000	83.964	-4.2563
1750.000000	84.065	-46.4873
1775.000000	84.164	-88.4023
1800.000000	84.266	-130.0098
1825.000000	84.372	-171.3521
1850.000000	84.485	147.5566
1875.000000	84.597	106.7261
1900.000000	84.704	66.1338
1925.000000	84.810	25.7715
1950.000000	84.918	-14.3086
1975.000000	85.026	-54.0786
2000.000000	85.136	-93.5967
2030.000000	85.271	-140.7285
2060.000000	85.407	172.4312
2090.000000	85.544	125.9136
2120.000000	85.683	79.7773
2140.000000	85.773	49.2354
2180.000000	85.951	-11.4082
2200.000000	86.040	-41.5044
2240.000000	86.223	-101.2461
2270.000000	86.359	-145.7114
2300.000000	86.497	170.0474
2330.000000	86.638	126.1147
2360.000000	86.776	82.5000
2400.000000	86.954	24.7212
2430.000000	87.082	-18.3052
2470.000000	87.256	-75.2256
2500.000000	87.384	-117.5488
2540.000000	87.547	-173.6426
2580.000000	87.711	130.6938
2620.000000	87.870	75.5947
2650.000000	87.982	34.5493
2690.000000	88.123	-19.7930
2720.000000	88.224	-60.2515
2760.000000	88.354	-113.7861
2800.000000	88.476	-166.8745
2850.000000	88.603	127.2139
2900.000000	88.715	61.8833
2950.000000	88.816	-2.5200
3000.000000	88.898	-66.1831
3040.000000	88.952	-116.6235
3070.000000	88.986	-154.1626
3110.000000	89.021	156.1704
3150.000000	89.042	106.9014
3200.000000	89.052	45.8784
3250.000000	89.042	-14.4766
3300.000000	89.019	-74.1963
3350.000000	88.984	-133.2227
3400.000000	88.940	168.4482
3450.000000	88.887	110.8438
3500.000000	88.820	53.9097
3550.000000	88.739	-2.4141
3600.000000	88.646	-58.1123
3650.000000	88.540	-113.2607
3700.000000	88.431	-167.7939
3750.000000	88.323	138.4561
3820.000000	88.177	64.3857
3870.000000	88.080	12.2715
3950.000000	87.928	-69.9424
4000.000000	87.835	-120.7139
4060.000000	87.725	179.0620
4120.000000	87.619	119.6646
4180.000000	87.514	61.1001
4250.000000	87.392	-6.2969
4310.000000	87.287	-63.3071
4370.000000	87.186	-119.5005
4440.000000	87.065	175.9365
4500.000000	86.957	121.1699
4550.000000	86.868	76.0337
4620.000000	86.739	13.6479
4680.000000	86.625	-39.0918
4750.000000	86.504	-99.5234
4820.000000	86.393	-158.8809
4870.000000	86.325	159.2383
4940.000000	86.248	101.3145
5000.000000	86.196	52.2568
5080.000000	86.149	-12.2490
5150.000000	86.126	-67.8164
5220.000000	86.116	-122.6289
5300.000000	86.120	175.5713
5380.000000	86.150	114.9277
5450.000000	86.199	62.6621
5520.000000	86.268	10.9375
5600.000000	86.372	-47.5566
5700.000000	86.523	-119.7773
5800.000000	86.681	168.9912
5900.000000	86.808	98.8760
6000.000000	86.843	29.7490
6080.000000	86.763	-24.9209
6150.000000	86.598	-72.1270
6220.000000	86.348	-118.4053
6300.000000	85.965	-170.1123
6400.000000	85.398	127.1250
6500.000000	84.816	66.6973
6600.000000	84.293	8.4473
6700.000000	83.870	-48.1729
6800.000000	83.565	-103.3311
6900.000000	83.368	-157.0098
7000.000000	83.263	150.4727
7100.000000	83.245	98.9922
7200.000000	83.306	48.4238
7300.000000	83.424	-1.4473
7400.000000	83.598	-50.4121
7500.000000	83.806	-98.4727
7620.000000	84.070	-155.3994
7750.000000	84.336	143.6113
7880.000000	84.542	83.3359
8000.000000	84.629	28.5527
8120.000000	84.563	-25.0508
8250.000000	84.268	-81.5654
8380.000000	83.724	-136.2617
8500.000000	83.017	175.0000
8620.000000	82.155	128.1836
8750.000000	81.121	80.3584
8850.000000	80.283	45.7139
9000.000000	78.998	-2.8232
9120.000000	77.968	-38.7861
9250.000000	76.891	-74.9033
9380.000000	75.936	-108.0547
9500.000000	75.278	-136.3047
9620.000000	74.968	-162.8867
9750.000000	75.131	169.4727
9880.000000	75.753	142.0840
10000.000000	76.512	116.0527
10150.000000	77.352	82.3115
10300.000000	77.812	48.2080
10440.000000	77.848	17.2324
10600.000000	77.539	-15.9375
10750.000000	77.072	-44.0811
10900.000000	76.558	-69.3213
11060.000000	76.037	-93.2461
11200.000000	75.637	-111.7539
11380.000000	75.221	-132.5488
11500.000000	75.007	-144.7686
11720.000000	74.741	-164.1436
11800.000000	74.682	-170.2783
12060.000000	74.624	172.7998
12200.000000	74.682	165.5254
12410.000000	74.884	157.1152
12500.000000	75.021	154.5918
12650.000000	75.309	151.7559
12800.000000	75.677	150.3945
13150.000000	76.896	151.9570
13200.000000	77.120	152.6797
13400.000000	78.165	156.8301
13600.000000	79.494	162.7480
13800.000000	81.168	169.6504
14000.000000	83.229	176.1973
14300.000000	86.666	-179.7471
14500.000000	88.342	176.0430
14750.000000	88.565	167.5059
15000.000000	86.751	167.3232
15250.000000	84.154	-177.7549
15500.000000	81.859	-149.8506
15750.000000	80.189	-114.0840
16000.000000	79.051	-73.8125
16250.000000	78.308	-31.0098
16500.000000	77.870	13.3291
16750.000000	77.686	60.2852
17000.000000	77.643	109.3066
17250.000000	77.612	159.0137
17500.000000	77.448	-151.4609
17750.000000	77.022	-101.6133
18000.000000	76.242	-50.3086
18250.000000	75.097	4.1055
18500.000000	73.646	62.8428
18750.000000	71.993	126.9111
19000.000000	70.256	-163.1016
19250.000000	68.515	-88.1133
19500.000000	66.799	-8.5146
19750.000000	65.165	74.5820
20000.000000	64.071	134.4082
