* Measurement data measured by REW V5.31.3
* Source: Microphone (JadeAudio JA11), MICROPHONE (Master Volume), R, volume: 0.250
* Format: 256k Log Swept Sine, 1 sweep at -2.9 dBFS with no timing reference
* Dated: Mar 20, 2025 9:25:04 AM
* REW Settings:
*  C-weighting compensation: Off
*  Target level: 75.0 dB
* Note: 
* Measurement: L EW100P (SBC, Pro01)
* Smoothing: 1/24 octave
* Frequency Step: 1/48 octave
* Start Frequency: 20.000 Hz
*
* Freq(Hz)	SPL(dB)	Phase(degrees)
20.000000	84.909	-38.6487
20.299999	84.964	-40.7991
20.600000	85.016	-42.9282
20.900000	85.065	-45.0355
21.200001	85.113	-47.1207
21.400000	85.143	-48.4988
21.799999	85.203	-51.2286
22.000000	85.231	-52.5818
22.400000	85.287	-55.2686
22.700001	85.327	-57.2689
23.000000	85.366	-59.2572
23.299999	85.403	-61.2333
23.600000	85.437	-63.1959
24.000000	85.481	-65.7895
24.299999	85.511	-67.7162
24.700001	85.550	-70.2605
25.000000	85.578	-72.1515
25.400000	85.614	-74.6523
25.799999	85.648	-77.1325
26.200001	85.680	-79.5938
26.500000	85.703	-81.4274
26.900000	85.731	-83.8538
27.200001	85.750	-85.6581
27.600000	85.774	-88.0409
28.000000	85.796	-90.3970
28.500000	85.823	-93.3082
29.000000	85.848	-96.1898
29.500000	85.873	-99.0486
30.000000	85.894	-101.8852
30.400000	85.910	-104.1363
30.700001	85.920	-105.8131
31.100000	85.932	-108.0331
31.500000	85.942	-110.2347
32.000000	85.953	-112.9584
32.500000	85.962	-115.6478
33.000000	85.972	-118.3074
33.500000	85.983	-120.9530
34.000000	85.992	-123.5987
34.500000	85.998	-126.2414
35.000000	85.999	-128.8614
35.500000	85.997	-131.4429
36.000000	85.995	-133.9898
36.500000	85.993	-136.5160
37.000000	85.989	-139.0233
37.500000	85.984	-141.4979
38.200001	85.977	-144.8953
38.700001	85.978	-147.2991
39.500000	85.981	-151.1752
40.000000	85.978	-153.6163
40.599998	85.965	-156.5270
41.200001	85.947	-159.3887
41.799999	85.930	-162.2092
42.500000	85.913	-165.4884
43.099998	85.897	-168.3007
43.700001	85.880	-171.0948
44.400002	85.862	-174.3216
45.000000	85.850	-177.0827
45.500000	85.839	-179.3873
46.200001	85.816	177.4170
46.799999	85.794	174.7480
47.500000	85.771	171.7146
48.200001	85.756	168.7097
48.700001	85.745	166.5510
49.400002	85.723	163.5195
50.000000	85.698	160.9481
50.799999	85.667	157.5487
51.500000	85.644	154.5224
52.200001	85.613	151.4711
53.000000	85.585	148.0197
53.799999	85.574	144.4027
54.500000	85.528	141.0947
55.200001	85.434	138.0654
56.000000	85.358	135.1677
57.000000	85.377	131.5435
58.000000	85.388	127.5142
59.000000	85.365	123.5587
60.000000	85.337	119.6276
60.799999	85.302	116.4670
61.500000	85.264	113.7239
62.200001	85.224	111.0144
63.000000	85.185	107.9472
64.000000	85.146	104.0906
65.000000	85.107	100.2218
66.000000	85.069	96.3993
67.000000	85.030	92.6054
68.000000	84.987	88.8482
69.000000	84.941	85.1179
70.000000	84.891	81.3975
71.000000	84.840	77.7090
72.000000	84.794	74.0446
73.000000	84.752	70.3823
74.000000	84.712	66.7360
75.000000	84.673	63.1159
76.199997	84.625	58.8002
77.500000	84.567	54.1591
78.800003	84.506	49.5508
80.000000	84.450	45.3213
81.199997	84.398	41.1182
82.500000	84.345	36.5673
83.800003	84.289	32.0615
85.000000	84.240	27.9554
86.199997	84.190	23.8659
87.500000	84.135	19.4423
88.500000	84.090	16.0414
90.000000	84.022	10.9695
91.199997	83.971	6.9482
92.500000	83.921	2.6251
93.800003	83.873	-1.6875
95.000000	83.824	-5.6530
96.199997	83.772	-9.5652
97.500000	83.720	-13.8035
98.800003	83.666	-18.0670
100.000000	83.615	-21.9871
101.500000	83.556	-26.8584
103.000000	83.499	-31.6816
104.400002	83.448	-36.1210
106.000000	83.390	-41.1519
107.500000	83.334	-45.8519
109.000000	83.278	-50.5475
110.599998	83.223	-55.5751
112.000000	83.172	-59.9838
113.800003	83.102	-65.5731
115.000000	83.056	-69.2496
117.199997	82.974	-75.9509
118.000000	82.945	-78.3917
120.599998	82.847	-86.3283
122.000000	82.796	-90.5706
124.099998	82.723	-96.8804
125.000000	82.691	-99.5687
126.500000	82.638	-104.0182
128.000000	82.586	-108.4238
131.500000	82.479	-118.5592
132.000000	82.465	-119.9897
134.000000	82.419	-125.6931
136.000000	82.384	-131.4628
138.000000	82.343	-137.3282
140.000000	82.297	-143.1840
143.000000	82.219	-151.8778
145.000000	82.160	-157.6211
147.500000	82.088	-164.7861
150.000000	82.027	-171.9515
152.500000	81.971	-179.0767
155.000000	81.912	173.8625
157.500000	81.846	166.8286
160.000000	81.779	159.8512
162.500000	81.715	152.9142
165.000000	81.653	146.0139
167.500000	81.594	139.1347
170.000000	81.541	132.2656
172.500000	81.489	125.4287
175.000000	81.436	118.6389
177.500000	81.380	111.8951
180.000000	81.324	105.1906
182.500000	81.270	98.4755
185.000000	81.215	91.7776
187.500000	81.166	85.1220
190.000000	81.122	78.4977
192.500000	81.077	71.9070
195.000000	81.030	65.3525
197.500000	80.982	58.8096
200.000000	80.933	52.2788
203.000000	80.877	44.4862
206.000000	80.823	36.7167
209.000000	80.772	28.9652
212.000000	80.729	21.2642
214.000000	80.703	16.1537
218.000000	80.641	5.9235
220.000000	80.608	0.8085
224.000000	80.547	-9.3553
227.000000	80.501	-16.9357
230.000000	80.454	-24.4879
233.000000	80.412	-32.0020
236.000000	80.373	-39.4810
240.000000	80.330	-49.4016
243.000000	80.297	-56.8168
247.000000	80.244	-66.7080
250.000000	80.200	-74.1067
254.000000	80.142	-83.9069
258.000000	80.096	-93.6665
262.000000	80.058	-103.3268
265.000000	80.027	-110.5668
269.000000	79.984	-120.2283
272.000000	79.953	-127.4526
276.000000	79.909	-137.0247
280.000000	79.869	-146.5981
285.000000	79.825	-158.5325
290.000000	79.781	-170.3380
295.000000	79.739	177.9673
300.000000	79.695	166.2444
304.000000	79.656	156.8940
307.000000	79.625	149.9178
311.000000	79.587	140.6163
315.000000	79.554	131.3276
320.000000	79.519	119.8022
325.000000	79.490	108.3810
330.000000	79.456	97.0328
335.000000	79.417	85.7119
340.000000	79.377	74.4088
345.000000	79.344	63.1272
350.000000	79.315	51.8591
355.000000	79.285	40.6371
360.000000	79.258	29.5187
365.000000	79.234	18.4364
370.000000	79.209	7.3864
375.000000	79.184	-3.6229
382.000000	79.146	-19.0061
387.000000	79.121	-29.9552
395.000000	79.086	-47.3778
400.000000	79.064	-58.1836
406.000000	79.036	-71.1093
412.000000	79.009	-83.9756
418.000000	78.979	-96.7932
425.000000	78.944	-111.7034
431.000000	78.922	-124.4353
437.000000	78.906	-137.1022
444.000000	78.887	-151.7832
450.000000	78.871	-164.3091
455.000000	78.858	-174.7036
462.000000	78.836	170.7915
468.000000	78.813	158.3735
475.000000	78.787	143.9033
482.000000	78.767	129.4954
487.000000	78.758	119.2686
494.000000	78.746	105.0447
500.000000	78.735	92.8949
508.000000	78.721	76.7758
515.000000	78.705	62.7509
522.000000	78.685	48.7510
530.000000	78.663	32.7766
538.000000	78.648	16.8738
545.000000	78.638	3.0386
552.000000	78.629	-10.7379
560.000000	78.620	-26.4054
570.000000	78.607	-45.8347
580.000000	78.593	-65.1609
590.000000	78.580	-84.4397
600.000000	78.572	-103.6143
608.000000	78.568	-118.8508
615.000000	78.565	-132.1381
622.000000	78.563	-145.3792
630.000000	78.559	-160.4365
640.000000	78.553	-179.1511
650.000000	78.546	162.1893
660.000000	78.540	143.5908
670.000000	78.542	125.1337
680.000000	78.549	106.8184
690.000000	78.558	88.5922
700.000000	78.568	70.4481
710.000000	78.575	52.3978
720.000000	78.580	34.3955
730.000000	78.586	16.4164
740.000000	78.596	-1.4805
750.000000	78.611	-19.2346
762.000000	78.634	-40.3951
775.000000	78.666	-63.1444
788.000000	78.699	-85.7478
800.000000	78.726	-106.5259
812.000000	78.756	-127.2681
825.000000	78.792	-149.6426
838.000000	78.832	-171.8635
850.000000	78.877	167.7476
862.000000	78.929	147.4951
875.000000	78.987	125.6887
885.000000	79.033	108.9851
900.000000	79.108	84.0100
912.000000	79.173	64.0813
925.000000	79.242	42.6086
938.000000	79.315	21.2498
950.000000	79.391	1.6118
962.000000	79.473	-17.9543
975.000000	79.564	-39.0535
988.000000	79.654	-60.0686
1000.000000	79.738	-79.4282
1015.000000	79.850	-103.5818
1030.000000	79.962	-127.6045
1044.000000	80.064	-149.9158
1060.000000	80.188	-175.3135
1075.000000	80.312	160.9734
1090.000000	80.437	137.3750
1106.000000	80.561	112.2744
1120.000000	80.666	90.3303
1138.000000	80.801	62.2058
1150.000000	80.890	43.5381
1172.000000	81.048	9.5132
1180.000000	81.105	-2.7993
1206.000000	81.292	-42.6306
1220.000000	81.389	-63.9731
1241.000000	81.524	-95.8828
1250.000000	81.577	-109.5393
1265.000000	81.658	-132.2441
1280.000000	81.725	-154.8608
1315.000000	81.826	152.9404
1320.000000	81.837	145.5708
1340.000000	81.891	116.3198
1360.000000	81.966	87.3694
1380.000000	82.060	58.5972
1400.000000	82.164	29.9231
1430.000000	82.319	-12.8750
1450.000000	82.412	-41.2417
1475.000000	82.526	-76.5273
1500.000000	82.640	-111.5933
1525.000000	82.750	-146.4146
1550.000000	82.858	179.0212
1575.000000	82.965	144.7791
1600.000000	83.068	110.8027
1625.000000	83.163	77.0569
1650.000000	83.259	43.5034
1675.000000	83.359	10.1416
1700.000000	83.462	-22.9827
1725.000000	83.563	-55.8760
1750.000000	83.665	-88.5005
1775.000000	83.770	-120.8652
1800.000000	83.875	-152.9863
1825.000000	83.978	175.0864
1850.000000	84.080	143.3264
1875.000000	84.186	111.7424
1900.000000	84.290	80.3237
1925.000000	84.392	49.0771
1950.000000	84.503	17.9849
1975.000000	84.627	-12.8997
2000.000000	84.754	-43.5608
2030.000000	84.896	-80.1653
2060.000000	85.028	-116.5693
2090.000000	85.159	-152.7273
2120.000000	85.292	171.4226
2140.000000	85.378	147.6824
2180.000000	85.544	100.5115
2200.000000	85.628	77.0637
2240.000000	85.790	30.4409
2270.000000	85.904	-4.3398
2300.000000	86.019	-38.9648
2330.000000	86.137	-73.3408
2360.000000	86.259	-107.4233
2400.000000	86.421	-152.3896
2430.000000	86.536	174.1665
2470.000000	86.684	129.8848
2500.000000	86.795	96.8970
2540.000000	86.936	53.1479
2580.000000	87.066	9.6045
2620.000000	87.196	-33.6348
2650.000000	87.295	-65.7393
2690.000000	87.417	-108.2021
2720.000000	87.501	-139.8501
2760.000000	87.605	178.2236
2800.000000	87.708	136.6899
2850.000000	87.824	85.2554
2900.000000	87.911	34.1562
2950.000000	87.995	-16.4165
3000.000000	88.059	-66.3735
3040.000000	88.101	-106.0327
3070.000000	88.128	-135.5439
3110.000000	88.161	-174.5767
3150.000000	88.190	146.7349
3200.000000	88.219	98.8750
3250.000000	88.244	51.6094
3300.000000	88.263	4.9233
3350.000000	88.282	-41.2842
3400.000000	88.302	-87.1230
3450.000000	88.316	-132.6523
3500.000000	88.318	-177.7754
3550.000000	88.303	137.5840
3600.000000	88.266	93.4297
3650.000000	88.210	49.7466
3700.000000	88.145	6.5786
3750.000000	88.081	-36.0020
3820.000000	87.998	-94.6895
3870.000000	87.947	-136.0728
3950.000000	87.886	158.6016
4000.000000	87.851	118.2397
4060.000000	87.799	70.1787
4120.000000	87.737	22.5425
4180.000000	87.665	-24.5762
4250.000000	87.585	-78.6665
4310.000000	87.518	-124.2139
4370.000000	87.452	-169.1738
4440.000000	87.382	139.1250
4500.000000	87.327	95.4229
4550.000000	87.281	59.3022
4620.000000	87.216	9.0986
4680.000000	87.158	-33.5552
4750.000000	87.091	-82.7622
4820.000000	87.029	-131.1587
4870.000000	86.987	-165.2275
4940.000000	86.937	147.7529
5000.000000	86.902	107.9785
5080.000000	86.860	55.5103
5150.000000	86.834	10.1309
5220.000000	86.815	-34.7798
5300.000000	86.786	-85.7969
5380.000000	86.747	-136.4780
5450.000000	86.699	179.7803
5520.000000	86.624	136.5503
5600.000000	86.485	87.6792
5700.000000	86.205	27.3213
5800.000000	85.779	-31.9023
5900.000000	85.240	-89.1787
6000.000000	84.617	-144.3755
6080.000000	84.093	172.6797
6150.000000	83.640	135.9297
6220.000000	83.215	100.0542
6300.000000	82.778	60.1870
6400.000000	82.312	11.6509
6500.000000	81.980	-35.8252
6600.000000	81.836	-82.3125
6700.000000	81.791	-127.7275
6800.000000	81.747	-172.3750
6900.000000	81.733	143.7847
7000.000000	81.782	100.7422
7100.000000	81.904	58.4243
7200.000000	82.086	16.4180
7300.000000	82.328	-25.2969
7400.000000	82.623	-66.6104
7500.000000	82.956	-107.5391
7620.000000	83.392	-156.0630
7750.000000	83.859	151.8135
7880.000000	84.248	99.4067
8000.000000	84.443	50.4497
8120.000000	84.414	1.8179
8250.000000	84.047	-49.4912
8380.000000	83.310	-99.1309
8500.000000	82.345	-143.0400
8620.000000	81.193	175.4238
8750.000000	79.836	133.4238
8850.000000	78.763	103.1992
9000.000000	77.161	60.9990
9120.000000	75.915	29.8555
9250.000000	74.631	-1.3125
9380.000000	73.451	-29.9775
9500.000000	72.527	-54.2812
9620.000000	71.885	-76.4971
9750.000000	71.679	-98.7178
9880.000000	72.087	-120.3408
10000.000000	72.917	-141.2549
10150.000000	74.170	-169.9648
10300.000000	75.204	158.9648
10440.000000	75.719	129.2803
10600.000000	75.764	96.3477
10750.000000	75.436	67.5947
10900.000000	74.933	41.2100
11060.000000	74.359	15.6631
11200.000000	73.896	-4.6426
11380.000000	73.400	-28.4238
11500.000000	73.134	-43.0391
11720.000000	72.799	-66.7383
11800.000000	72.722	-74.3428
12060.000000	72.609	-96.1543
12200.000000	72.640	-106.2812
12410.000000	72.812	-119.6748
12500.000000	72.931	-124.8564
12650.000000	73.190	-132.7578
12800.000000	73.526	-139.7227
13150.000000	74.635	-152.3760
13200.000000	74.838	-153.7480
13400.000000	75.778	-158.1348
13600.000000	76.959	-160.7695
13800.000000	78.408	-162.2041
14000.000000	80.168	-163.3555
14300.000000	83.398	-167.4141
14500.000000	85.660	-174.4346
14750.000000	87.737	170.2432
15000.000000	88.133	153.0078
15250.000000	87.019	142.6973
15500.000000	85.496	143.4287
15750.000000	84.451	152.6621
16000.000000	84.105	165.4043
16250.000000	84.321	177.9004
16500.000000	84.581	-173.6670
16750.000000	84.101	-169.4209
17000.000000	82.391	-163.9941
17250.000000	79.676	-150.6777
17500.000000	76.567	-127.3154
17750.000000	73.570	-95.5918
18000.000000	70.939	-57.4316
18250.000000	68.710	-14.6367
18500.000000	66.829	31.2021
18750.000000	65.204	78.0488
19000.000000	63.667	124.7188
19250.000000	62.004	173.1582
19500.000000	60.316	-130.2490
19750.000000	58.980	-69.2559
20000.000000	58.277	-27.5527
