* Measurement data measured by REW V5.31.3
* Source: Microphone (JadeAudio JA11), MICROPHONE (Master Volume), R, volume: 0.250
* Format: 256k Log Swept Sine, 1 sweep at -12.0 dBFS with no timing reference
* Dated: Mar 8, 2025 11:22:37 PM
* REW Settings:
*  C-weighting compensation: Off
*  Target level: 75.0 dB
* Note: 
* Measurement: R EW300 (Kato S, Velvet)
* Smoothing: 1/24 octave
* Frequency Step: 1/48 octave
* Start Frequency: 20.000 Hz
*
* Freq(Hz)	SPL(dB)	Phase(degrees)
20.000000	92.271	-179.5656
20.299999	92.276	-179.9360
20.600000	92.281	179.7106
20.900000	92.283	179.3700
21.200001	92.283	179.0330
21.400000	92.282	178.8126
21.799999	92.275	178.3904
22.000000	92.270	178.1848
22.400000	92.255	177.7490
22.700001	92.243	177.4347
23.000000	92.229	177.1261
23.299999	92.213	176.7809
23.600000	92.196	176.4406
24.000000	92.172	175.9997
24.299999	92.154	175.6404
24.700001	92.129	175.1743
25.000000	92.112	174.8374
25.400000	92.092	174.3555
25.799999	92.073	173.8862
26.200001	92.057	173.4177
26.500000	92.046	173.0660
26.900000	92.032	172.6099
27.200001	92.022	172.2793
27.600000	92.010	171.8521
28.000000	91.999	171.4380
28.500000	91.985	170.9550
29.000000	91.969	170.4932
29.500000	91.951	170.0644
30.000000	91.930	169.6590
30.400000	91.912	169.3456
30.700001	91.898	169.1170
31.100000	91.877	168.8151
31.500000	91.855	168.5056
32.000000	91.824	168.1310
32.500000	91.791	167.7449
33.000000	91.759	167.3735
33.500000	91.728	166.9825
34.000000	91.698	166.5886
34.500000	91.668	166.1733
35.000000	91.637	165.7661
35.500000	91.607	165.3658
36.000000	91.578	164.9832
36.500000	91.551	164.6120
37.000000	91.525	164.2512
37.500000	91.498	163.9086
38.200001	91.462	163.4533
38.700001	91.435	163.1398
39.500000	91.389	162.6483
40.000000	91.358	162.3590
40.599998	91.319	162.0258
41.200001	91.281	161.6976
41.799999	91.243	161.3588
42.500000	91.197	160.9587
43.099998	91.158	160.6189
43.700001	91.119	160.2707
44.400002	91.074	159.8683
45.000000	91.035	159.5452
45.500000	91.007	159.2830
46.200001	90.970	158.8971
46.799999	90.934	158.5571
47.500000	90.886	158.2079
48.200001	90.840	157.9171
48.700001	90.811	157.7121
49.400002	90.768	157.4098
50.000000	90.729	157.1539
50.799999	90.675	156.8083
51.500000	90.625	156.4972
52.200001	90.573	156.1999
53.000000	90.516	155.8311
53.799999	90.446	155.4272
54.500000	90.375	155.2065
55.200001	90.327	155.1245
56.000000	90.308	154.9126
57.000000	90.270	154.3754
58.000000	90.205	153.9341
59.000000	90.148	153.5898
60.000000	90.090	153.2527
60.799999	90.042	152.9935
61.500000	89.998	152.7663
62.200001	89.952	152.5490
63.000000	89.899	152.3127
64.000000	89.834	152.0113
65.000000	89.767	151.7118
66.000000	89.702	151.4252
67.000000	89.640	151.1497
68.000000	89.580	150.8877
69.000000	89.522	150.6232
70.000000	89.462	150.3661
71.000000	89.400	150.1265
72.000000	89.338	149.8955
73.000000	89.276	149.6716
74.000000	89.213	149.4467
75.000000	89.151	149.2346
76.199997	89.080	148.9849
77.500000	89.003	148.7078
78.800003	88.925	148.4548
80.000000	88.854	148.2318
81.199997	88.784	148.0121
82.500000	88.708	147.7810
83.800003	88.633	147.5627
85.000000	88.564	147.3686
86.199997	88.497	147.1820
87.500000	88.425	146.9886
88.500000	88.369	146.8439
90.000000	88.285	146.6327
91.199997	88.217	146.4761
92.500000	88.145	146.3192
93.800003	88.074	146.1636
95.000000	88.009	146.0173
96.199997	87.945	145.8737
97.500000	87.877	145.7239
98.800003	87.810	145.5776
100.000000	87.749	145.4511
101.500000	87.672	145.3170
103.000000	87.595	145.2000
104.400002	87.523	145.1006
106.000000	87.440	144.9775
107.500000	87.362	144.8531
109.000000	87.284	144.7320
110.599998	87.204	144.6281
112.000000	87.135	144.5422
113.800003	87.046	144.4489
115.000000	86.988	144.4013
117.199997	86.883	144.2867
118.000000	86.845	144.2386
120.599998	86.712	144.1356
122.000000	86.644	144.1436
124.099998	86.545	144.1262
125.000000	86.503	144.1226
126.500000	86.438	144.1089
128.000000	86.374	144.0791
131.500000	86.235	144.1678
132.000000	86.218	144.1979
134.000000	86.157	144.2672
136.000000	86.090	144.2348
138.000000	86.013	144.1708
140.000000	85.920	144.0921
143.000000	85.774	144.0598
145.000000	85.681	143.9644
147.500000	85.565	143.8843
150.000000	85.462	143.9519
152.500000	85.346	144.1216
155.000000	85.217	144.4350
157.500000	85.100	144.9512
160.000000	85.046	145.6034
162.500000	85.061	145.9666
165.000000	85.067	145.7863
167.500000	85.015	145.4745
170.000000	84.932	145.2658
172.500000	84.842	145.1643
175.000000	84.754	145.1041
177.500000	84.668	145.1357
180.000000	84.591	145.2347
182.500000	84.510	145.3495
185.000000	84.422	145.4712
187.500000	84.334	145.5985
190.000000	84.255	145.7150
192.500000	84.181	145.8585
195.000000	84.115	146.0594
197.500000	84.052	146.2142
200.000000	83.987	146.3143
203.000000	83.901	146.4427
206.000000	83.798	146.7263
209.000000	83.702	147.0932
212.000000	83.627	147.3262
214.000000	83.595	147.4479
218.000000	83.541	147.5219
220.000000	83.503	147.5274
224.000000	83.409	147.6588
227.000000	83.334	147.8558
230.000000	83.259	148.0857
233.000000	83.190	148.3067
236.000000	83.125	148.5013
240.000000	83.040	148.7601
243.000000	82.976	148.9706
247.000000	82.892	149.2675
250.000000	82.833	149.4775
254.000000	82.759	149.7321
258.000000	82.683	150.0050
262.000000	82.607	150.3022
265.000000	82.552	150.4910
269.000000	82.480	150.7363
272.000000	82.429	150.9548
276.000000	82.359	151.2515
280.000000	82.285	151.5128
285.000000	82.202	151.8594
290.000000	82.121	152.2526
295.000000	82.040	152.6108
300.000000	81.962	152.9609
304.000000	81.904	153.2742
307.000000	81.860	153.5094
311.000000	81.802	153.8134
315.000000	81.742	154.1205
320.000000	81.670	154.4954
325.000000	81.600	154.8647
330.000000	81.534	155.2575
335.000000	81.471	155.6467
340.000000	81.408	156.0269
345.000000	81.349	156.4155
350.000000	81.291	156.8063
355.000000	81.233	157.1872
360.000000	81.176	157.5561
365.000000	81.121	157.9404
370.000000	81.068	158.3326
375.000000	81.016	158.7193
382.000000	80.945	159.2576
387.000000	80.896	159.6464
395.000000	80.821	160.2722
400.000000	80.776	160.6588
406.000000	80.723	161.1202
412.000000	80.673	161.5732
418.000000	80.623	162.0267
425.000000	80.570	162.5604
431.000000	80.525	163.0148
437.000000	80.479	163.4712
444.000000	80.429	163.9963
450.000000	80.389	164.4556
455.000000	80.356	164.8400
462.000000	80.311	165.3729
468.000000	80.275	165.8221
475.000000	80.234	166.3456
482.000000	80.195	166.8596
487.000000	80.168	167.2161
494.000000	80.130	167.7175
500.000000	80.099	168.1521
508.000000	80.060	168.7212
515.000000	80.025	169.2190
522.000000	79.993	169.7268
530.000000	79.958	170.3040
538.000000	79.923	170.8750
545.000000	79.894	171.3716
552.000000	79.866	171.8711
560.000000	79.835	172.4400
570.000000	79.800	173.1606
580.000000	79.768	173.8763
590.000000	79.738	174.5881
600.000000	79.711	175.2972
608.000000	79.691	175.8631
615.000000	79.674	176.3576
622.000000	79.658	176.8505
630.000000	79.641	177.4127
640.000000	79.622	178.1171
650.000000	79.603	178.8250
660.000000	79.588	179.5272
670.000000	79.576	-179.7655
680.000000	79.565	-179.0615
690.000000	79.557	-178.3627
700.000000	79.551	-177.6631
710.000000	79.547	-176.9514
720.000000	79.545	-176.2421
730.000000	79.546	-175.5385
740.000000	79.550	-174.8318
750.000000	79.556	-174.1293
762.000000	79.567	-173.2888
775.000000	79.582	-172.3815
788.000000	79.601	-171.4764
800.000000	79.622	-170.6356
812.000000	79.647	-169.8015
825.000000	79.679	-168.9023
838.000000	79.716	-168.0072
850.000000	79.755	-167.1909
862.000000	79.799	-166.3861
875.000000	79.850	-165.5222
885.000000	79.893	-164.8663
900.000000	79.963	-163.9029
912.000000	80.024	-163.1493
925.000000	80.095	-162.3551
938.000000	80.171	-161.5846
950.000000	80.244	-160.8987
962.000000	80.320	-160.2379
975.000000	80.405	-159.5488
988.000000	80.494	-158.8876
1000.000000	80.579	-158.3018
1015.000000	80.688	-157.6065
1030.000000	80.800	-156.9555
1044.000000	80.908	-156.3931
1060.000000	81.033	-155.8011
1075.000000	81.150	-155.2927
1090.000000	81.267	-154.8250
1106.000000	81.392	-154.3707
1120.000000	81.501	-154.0155
1138.000000	81.638	-153.6028
1150.000000	81.729	-153.3522
1172.000000	81.893	-152.9518
1180.000000	81.952	-152.8213
1206.000000	82.139	-152.4409
1220.000000	82.236	-152.2604
1241.000000	82.379	-152.0223
1250.000000	82.440	-151.9296
1265.000000	82.539	-151.7858
1280.000000	82.637	-151.6569
1315.000000	82.859	-151.4091
1320.000000	82.891	-151.3772
1340.000000	83.015	-151.2623
1360.000000	83.139	-151.1707
1380.000000	83.261	-151.1020
1400.000000	83.381	-151.0521
1430.000000	83.558	-151.0247
1450.000000	83.674	-151.0413
1475.000000	83.817	-151.0915
1500.000000	83.955	-151.1751
1525.000000	84.088	-151.2914
1550.000000	84.217	-151.4347
1575.000000	84.341	-151.5936
1600.000000	84.461	-151.7687
1625.000000	84.576	-151.9551
1650.000000	84.688	-152.1493
1675.000000	84.797	-152.3459
1700.000000	84.903	-152.5528
1725.000000	85.007	-152.7668
1750.000000	85.110	-152.9835
1775.000000	85.212	-153.2082
1800.000000	85.312	-153.4412
1825.000000	85.410	-153.6875
1850.000000	85.508	-153.9491
1875.000000	85.604	-154.2231
1900.000000	85.699	-154.5103
1925.000000	85.793	-154.8115
1950.000000	85.885	-155.1307
1975.000000	85.976	-155.4681
2000.000000	86.064	-155.8195
2030.000000	86.167	-156.2610
2060.000000	86.268	-156.7277
2090.000000	86.365	-157.2134
2120.000000	86.458	-157.7236
2140.000000	86.517	-158.0772
2180.000000	86.631	-158.8027
2200.000000	86.685	-159.1782
2240.000000	86.787	-159.9496
2270.000000	86.857	-160.5445
2300.000000	86.923	-161.1475
2330.000000	86.984	-161.7572
2360.000000	87.040	-162.3760
2400.000000	87.107	-163.2089
2430.000000	87.151	-163.8318
2470.000000	87.201	-164.6614
2500.000000	87.234	-165.2774
2540.000000	87.271	-166.0928
2580.000000	87.300	-166.8950
2620.000000	87.321	-167.6728
2650.000000	87.332	-168.2398
2690.000000	87.342	-168.9733
2720.000000	87.346	-169.5050
2760.000000	87.347	-170.1903
2800.000000	87.342	-170.8434
2850.000000	87.331	-171.6147
2900.000000	87.315	-172.3374
2950.000000	87.295	-173.0072
3000.000000	87.273	-173.6246
3040.000000	87.254	-174.0844
3070.000000	87.240	-174.4094
3110.000000	87.220	-174.8159
3150.000000	87.199	-175.1985
3200.000000	87.174	-175.6380
3250.000000	87.149	-176.0328
3300.000000	87.127	-176.3854
3350.000000	87.108	-176.6909
3400.000000	87.094	-176.9543
3450.000000	87.087	-177.1811
3500.000000	87.092	-177.4010
3550.000000	87.106	-177.6482
3600.000000	87.126	-177.9346
3650.000000	87.149	-178.2697
3700.000000	87.174	-178.6433
3750.000000	87.197	-179.0461
3820.000000	87.228	-179.6491
3870.000000	87.250	179.8969
3950.000000	87.288	179.1209
4000.000000	87.314	178.5983
4060.000000	87.346	177.9146
4120.000000	87.376	177.1618
4180.000000	87.403	176.3389
4250.000000	87.426	175.2893
4310.000000	87.437	174.3147
4370.000000	87.437	173.2736
4440.000000	87.422	171.9909
4500.000000	87.394	170.8450
4550.000000	87.358	169.8646
4620.000000	87.289	168.4749
4680.000000	87.210	167.2810
4750.000000	87.096	165.9073
4820.000000	86.959	164.5852
4870.000000	86.846	163.6864
4940.000000	86.669	162.5072
5000.000000	86.502	161.5841
5080.000000	86.261	160.5060
5150.000000	86.035	159.7232
5220.000000	85.799	159.0983
5300.000000	85.521	158.5802
5380.000000	85.240	158.2834
5450.000000	84.995	158.1997
5520.000000	84.755	158.2757
5600.000000	84.489	158.5459
5700.000000	84.175	159.1394
5800.000000	83.888	159.9892
5900.000000	83.633	161.0541
6000.000000	83.413	162.2986
6080.000000	83.264	163.3905
6150.000000	83.153	164.4047
6220.000000	83.061	165.4655
6300.000000	82.978	166.7215
6400.000000	82.911	168.3426
6500.000000	82.885	170.0026
6600.000000	82.904	171.6764
6700.000000	82.970	173.3306
6800.000000	83.087	174.9216
6900.000000	83.256	176.3978
7000.000000	83.477	177.7101
7100.000000	83.753	178.8016
7200.000000	84.084	179.6134
7300.000000	84.475	-179.9564
7400.000000	84.921	179.9727
7500.000000	85.416	179.2675
7620.000000	86.054	177.3497
7750.000000	86.745	173.6372
7880.000000	87.344	168.0187
8000.000000	87.712	161.1755
8120.000000	87.792	153.0639
8250.000000	87.447	143.7734
8380.000000	86.650	135.3138
8500.000000	85.612	129.1866
8620.000000	84.416	125.0204
8750.000000	83.071	122.5739
8850.000000	82.057	121.9061
9000.000000	80.619	122.4177
9120.000000	79.551	123.8008
9250.000000	78.475	126.0329
9380.000000	77.473	128.8823
9500.000000	76.608	132.0276
9620.000000	75.799	135.6595
9750.000000	74.997	140.1068
9880.000000	74.281	144.9772
10000.000000	73.696	149.7259
10150.000000	73.054	155.9156
10300.000000	72.497	162.4194
10440.000000	72.048	168.8653
10600.000000	71.635	176.8819
10750.000000	71.396	-174.7934
10900.000000	71.390	-165.7771
11060.000000	71.734	-156.1332
11200.000000	72.325	-148.7179
11380.000000	73.306	-141.7857
11500.000000	73.964	-138.7789
11720.000000	75.007	-135.2688
11800.000000	75.332	-134.2662
12060.000000	76.291	-131.0460
12200.000000	76.814	-129.1905
12410.000000	77.700	-126.4355
12500.000000	78.132	-125.3840
12650.000000	78.929	-124.0128
12800.000000	79.821	-123.3831
13150.000000	82.055	-126.2808
13200.000000	82.364	-127.2306
13400.000000	83.527	-132.3102
13600.000000	84.499	-139.4335
13800.000000	85.126	-148.4077
14000.000000	85.231	-158.0185
14300.000000	84.570	-169.3182
14500.000000	83.953	-173.8445
14750.000000	83.286	-177.0182
15000.000000	82.863	-178.7674
15250.000000	82.713	179.4621
15500.000000	82.747	176.3180
15750.000000	82.776	171.0178
16000.000000	82.589	163.5511
16250.000000	81.975	154.5741
16500.000000	80.785	145.6964
16750.000000	79.060	138.9337
17000.000000	77.018	135.4669
17250.000000	74.908	135.3035
17500.000000	72.899	137.7982
17750.000000	71.073	142.2013
18000.000000	69.452	147.9227
18250.000000	68.031	154.6562
18500.000000	66.834	162.3559
18750.000000	65.922	170.9540
19000.000000	65.403	-179.9138
19250.000000	65.395	-171.4098
19500.000000	65.864	-165.7850
19750.000000	66.482	-164.7529
20000.000000	66.831	-166.5687
