* Measurement data measured by REW V5.31.3
* Source: Microphone (JadeAudio JA11), MICROPHONE (Master Volume), R, volume: 0.250
* Format: 256k Log Swept Sine, 1 sweep at -2.9 dBFS with no timing reference
* Dated: Mar 20, 2025 9:19:37 AM
* REW Settings:
*  C-weighting compensation: Off
*  Target level: 75.0 dB
* Note: 
* Measurement: R EW100P (SBC, Pro01)
* Smoothing: 1/24 octave
* Frequency Step: 1/48 octave
* Start Frequency: 20.000 Hz
*
* Freq(Hz)	SPL(dB)	Phase(degrees)
20.000000	85.180	-45.4051
20.299999	85.234	-47.6670
20.600000	85.283	-49.8991
20.900000	85.331	-52.0974
21.200001	85.377	-54.2642
21.400000	85.408	-55.6950
21.799999	85.470	-58.5358
22.000000	85.500	-59.9499
22.400000	85.559	-62.7693
22.700001	85.600	-64.8732
23.000000	85.638	-66.9624
23.299999	85.673	-69.0330
23.600000	85.707	-71.0838
24.000000	85.750	-73.7906
24.299999	85.781	-75.8035
24.700001	85.819	-78.4667
25.000000	85.845	-80.4467
25.400000	85.878	-83.0585
25.799999	85.908	-85.6350
26.200001	85.938	-88.1799
26.500000	85.961	-90.0737
26.900000	85.990	-92.5872
27.200001	86.012	-94.4665
27.600000	86.038	-96.9638
28.000000	86.061	-99.4459
28.500000	86.086	-102.5169
29.000000	86.108	-105.5471
29.500000	86.128	-108.5397
30.000000	86.148	-111.5038
30.400000	86.163	-113.8604
30.700001	86.174	-115.6205
31.100000	86.186	-117.9557
31.500000	86.196	-120.2734
32.000000	86.206	-123.1391
32.500000	86.215	-125.9687
33.000000	86.224	-128.7706
33.500000	86.233	-131.5566
34.000000	86.240	-134.3323
34.500000	86.244	-137.0946
35.000000	86.245	-139.8361
35.500000	86.243	-142.5505
36.000000	86.240	-145.2352
36.500000	86.236	-147.8909
37.000000	86.233	-150.5233
37.500000	86.232	-153.1432
38.200001	86.229	-156.8031
38.700001	86.224	-159.4061
39.500000	86.210	-163.5172
40.000000	86.202	-166.0471
40.599998	86.194	-169.0596
41.200001	86.185	-172.0643
41.799999	86.175	-175.0604
42.500000	86.159	-178.5306
43.099998	86.143	178.5192
43.700001	86.126	175.5917
44.400002	86.105	172.2190
45.000000	86.091	169.3647
45.500000	86.084	166.9879
46.200001	86.076	163.6238
46.799999	86.060	160.7281
47.500000	86.031	157.4207
48.200001	86.003	154.2072
48.700001	85.985	151.9317
49.400002	85.958	148.7551
50.000000	85.931	146.0630
50.799999	85.898	142.4868
51.500000	85.867	139.3155
52.200001	85.827	136.1486
53.000000	85.788	132.5137
53.799999	85.740	128.7296
54.500000	85.660	125.5010
55.200001	85.581	122.6351
56.000000	85.570	119.5253
57.000000	85.602	115.1838
58.000000	85.580	110.7509
59.000000	85.558	106.5400
60.000000	85.530	102.3292
60.799999	85.496	99.0179
61.500000	85.467	96.1388
62.200001	85.434	93.2428
63.000000	85.391	89.9438
64.000000	85.339	85.8549
65.000000	85.292	81.7747
66.000000	85.249	77.7166
67.000000	85.207	73.6920
68.000000	85.164	69.7048
69.000000	85.117	65.7714
70.000000	85.072	61.8680
71.000000	85.026	57.9593
72.000000	84.981	54.0466
73.000000	84.936	50.1390
74.000000	84.893	46.2566
75.000000	84.854	42.4040
76.199997	84.807	37.8154
77.500000	84.752	32.9011
78.800003	84.691	28.0248
80.000000	84.632	23.5461
81.199997	84.572	19.0815
82.500000	84.513	14.2590
83.800003	84.456	9.4395
85.000000	84.405	5.0411
86.199997	84.357	0.6824
87.500000	84.304	-4.0143
88.500000	84.259	-7.6069
90.000000	84.187	-12.9456
91.199997	84.129	-17.1674
92.500000	84.071	-21.6959
93.800003	84.023	-26.2324
95.000000	83.979	-30.4458
96.199997	83.937	-34.6564
97.500000	83.892	-39.2140
98.800003	83.846	-43.7496
100.000000	83.803	-47.9131
101.500000	83.745	-53.0754
103.000000	83.685	-58.2107
104.400002	83.625	-62.9789
106.000000	83.557	-68.4139
107.500000	83.498	-73.4944
109.000000	83.443	-78.5598
110.599998	83.387	-83.9136
112.000000	83.338	-88.5500
113.800003	83.274	-94.4609
115.000000	83.231	-98.3777
117.199997	83.155	-105.5718
118.000000	83.125	-108.1847
120.599998	83.029	-116.6201
122.000000	82.978	-121.1323
124.099998	82.906	-127.9042
125.000000	82.876	-130.8070
126.500000	82.824	-135.6119
128.000000	82.774	-140.3640
131.500000	82.667	-151.3808
132.000000	82.652	-152.9533
134.000000	82.589	-159.2347
136.000000	82.525	-165.4498
138.000000	82.456	-171.6062
140.000000	82.383	-177.7512
143.000000	82.274	173.0089
145.000000	82.222	166.9573
147.500000	82.179	159.4496
150.000000	82.130	151.9268
152.500000	82.072	144.3826
155.000000	82.003	136.8249
157.500000	81.928	129.3124
160.000000	81.849	121.8512
162.500000	81.775	114.5334
165.000000	81.715	107.3257
167.500000	81.673	100.0996
170.000000	81.639	92.7709
172.500000	81.597	85.4293
175.000000	81.546	78.1191
177.500000	81.486	70.8673
180.000000	81.428	63.7379
182.500000	81.380	56.6163
185.000000	81.331	49.4212
187.500000	81.278	42.2546
190.000000	81.230	35.1824
192.500000	81.186	28.1574
195.000000	81.142	21.1360
197.500000	81.101	14.1123
200.000000	81.063	7.1072
203.000000	81.019	-1.1757
206.000000	80.971	-9.3669
209.000000	80.922	-17.6666
212.000000	80.875	-26.0651
214.000000	80.841	-31.5668
218.000000	80.780	-42.3911
220.000000	80.748	-47.8397
224.000000	80.686	-58.7107
227.000000	80.643	-66.7993
230.000000	80.599	-74.8386
233.000000	80.555	-82.8846
236.000000	80.514	-90.9514
240.000000	80.462	-101.6438
243.000000	80.421	-109.6157
247.000000	80.369	-120.2277
250.000000	80.332	-128.1438
254.000000	80.282	-138.6296
258.000000	80.236	-149.0238
262.000000	80.190	-159.3768
265.000000	80.154	-167.1356
269.000000	80.104	-177.4570
272.000000	80.068	174.8097
276.000000	80.027	164.5215
280.000000	79.988	154.2960
285.000000	79.944	141.5713
290.000000	79.901	128.9115
295.000000	79.854	116.3274
300.000000	79.807	103.8118
304.000000	79.771	93.8518
307.000000	79.745	86.4033
311.000000	79.710	76.4873
315.000000	79.675	66.5715
320.000000	79.637	54.2225
325.000000	79.602	41.9580
330.000000	79.567	29.7478
335.000000	79.532	17.5914
340.000000	79.498	5.4810
345.000000	79.462	-6.5574
350.000000	79.425	-18.5474
355.000000	79.388	-30.4884
360.000000	79.350	-42.4088
365.000000	79.313	-54.3245
370.000000	79.280	-66.1641
375.000000	79.250	-77.9209
382.000000	79.206	-94.2800
387.000000	79.173	-105.8774
395.000000	79.126	-124.2230
400.000000	79.108	-135.5657
406.000000	79.115	-149.1472
412.000000	79.140	-162.8964
418.000000	79.149	-176.8174
425.000000	79.136	166.9850
431.000000	79.114	153.2595
437.000000	79.089	139.6360
444.000000	79.062	123.8372
450.000000	79.039	110.3854
455.000000	79.019	99.2344
462.000000	78.992	83.6844
468.000000	78.968	70.4059
475.000000	78.943	54.9595
482.000000	78.923	39.5601
487.000000	78.912	28.6208
494.000000	78.895	13.3920
500.000000	78.880	0.3770
508.000000	78.865	-16.9033
515.000000	78.851	-31.9415
522.000000	78.837	-46.9117
530.000000	78.819	-63.9304
538.000000	78.800	-80.8799
545.000000	78.784	-95.6733
552.000000	78.772	-110.4310
560.000000	78.763	-127.2045
570.000000	78.750	-148.0225
580.000000	78.741	-168.7351
590.000000	78.735	170.6746
600.000000	78.727	150.2054
608.000000	78.720	133.9126
615.000000	78.713	119.7170
622.000000	78.705	105.5559
630.000000	78.701	89.4172
640.000000	78.703	69.3560
650.000000	78.703	49.4180
660.000000	78.704	29.5811
670.000000	78.710	9.8588
680.000000	78.718	-9.7792
690.000000	78.726	-29.3127
700.000000	78.731	-48.7412
710.000000	78.735	-68.0828
720.000000	78.743	-87.3638
730.000000	78.757	-106.5452
740.000000	78.774	-125.6069
750.000000	78.789	-144.5903
762.000000	78.810	-167.2366
775.000000	78.839	168.3774
788.000000	78.873	144.1377
800.000000	78.906	121.8970
812.000000	78.937	99.7595
825.000000	78.974	75.8818
838.000000	79.018	52.1372
850.000000	79.064	30.3694
862.000000	79.113	8.6924
875.000000	79.169	-14.6709
885.000000	79.217	-32.5598
900.000000	79.298	-59.2649
912.000000	79.367	-80.5254
925.000000	79.442	-103.4641
938.000000	79.519	-126.3054
950.000000	79.594	-147.3291
962.000000	79.675	-168.2668
975.000000	79.766	169.1704
988.000000	79.861	146.6748
1000.000000	79.948	125.9661
1015.000000	80.058	100.1763
1030.000000	80.176	74.4941
1044.000000	80.290	50.6179
1060.000000	80.422	23.4512
1075.000000	80.543	-1.9133
1090.000000	80.663	-27.2202
1106.000000	80.794	-54.1106
1120.000000	80.906	-77.5371
1138.000000	81.050	-107.5676
1150.000000	81.142	-127.5334
1172.000000	81.295	-164.0151
1180.000000	81.345	-177.2439
1206.000000	81.476	139.9717
1220.000000	81.521	117.1633
1241.000000	81.576	83.3733
1250.000000	81.609	69.0168
1265.000000	81.686	45.2029
1280.000000	81.785	21.4966
1315.000000	82.027	-33.6152
1320.000000	82.059	-41.4688
1340.000000	82.178	-72.8086
1360.000000	82.290	-103.9976
1380.000000	82.402	-135.0232
1400.000000	82.508	-165.8726
1430.000000	82.655	148.1880
1450.000000	82.755	117.8042
1475.000000	82.879	80.1992
1500.000000	82.997	42.8481
1525.000000	83.101	5.6958
1550.000000	83.199	-31.2610
1575.000000	83.304	-67.9390
1600.000000	83.412	-104.2908
1625.000000	83.518	-140.3950
1650.000000	83.626	-176.2305
1675.000000	83.734	148.2227
1700.000000	83.842	112.9443
1725.000000	83.946	77.8926
1750.000000	84.046	43.0415
1775.000000	84.145	8.3862
1800.000000	84.244	-26.0503
1825.000000	84.343	-60.2659
1850.000000	84.443	-94.2576
1875.000000	84.546	-127.9978
1900.000000	84.651	-161.4529
1925.000000	84.756	165.3601
1950.000000	84.865	132.3911
1975.000000	84.985	99.6189
2000.000000	85.113	66.9841
2030.000000	85.262	27.9424
2060.000000	85.407	-10.9590
2090.000000	85.548	-49.6064
2120.000000	85.687	-87.9468
2140.000000	85.778	-113.3682
2180.000000	85.960	-163.8398
2200.000000	86.047	171.1069
2240.000000	86.219	121.3335
2270.000000	86.349	84.3369
2300.000000	86.476	47.6021
2330.000000	86.596	11.0444
2360.000000	86.714	-25.3086
2400.000000	86.872	-73.4272
2430.000000	86.985	-109.2529
2470.000000	87.134	-156.7266
2500.000000	87.248	167.9824
2540.000000	87.393	121.3618
2580.000000	87.531	75.1270
2620.000000	87.662	29.2559
2650.000000	87.755	-4.9390
2690.000000	87.867	-50.3130
2720.000000	87.944	-84.1685
2760.000000	88.044	-128.9834
2800.000000	88.132	-173.3813
2850.000000	88.233	131.6880
2900.000000	88.321	77.5020
2950.000000	88.392	23.8872
3000.000000	88.452	-29.2041
3040.000000	88.488	-71.3447
3070.000000	88.507	-102.7881
3110.000000	88.527	-144.4536
3150.000000	88.543	174.3052
3200.000000	88.554	123.2993
3250.000000	88.547	72.8672
3300.000000	88.533	23.0591
3350.000000	88.510	-26.1074
3400.000000	88.482	-74.7715
3450.000000	88.447	-122.9961
3500.000000	88.413	-170.7891
3550.000000	88.380	141.9448
3600.000000	88.344	95.1436
3650.000000	88.300	48.8242
3700.000000	88.245	2.9863
3750.000000	88.183	-42.2798
3820.000000	88.086	-104.6997
3870.000000	88.010	-148.7695
3950.000000	87.882	141.5654
4000.000000	87.808	98.6938
4060.000000	87.718	47.8457
4120.000000	87.627	-2.4756
4180.000000	87.539	-52.2227
4250.000000	87.442	-109.4141
4310.000000	87.374	-157.6406
4370.000000	87.313	154.7373
4440.000000	87.242	99.6279
4500.000000	87.187	53.0088
4550.000000	87.137	14.6323
4620.000000	87.055	-38.5552
4680.000000	86.977	-83.6274
4750.000000	86.886	-135.5557
4820.000000	86.801	173.2588
4870.000000	86.745	137.1440
4940.000000	86.678	87.1987
5000.000000	86.628	44.9448
5080.000000	86.575	-10.6089
5150.000000	86.540	-58.4434
5220.000000	86.512	-105.6851
5300.000000	86.480	-159.2007
5380.000000	86.454	147.8369
5450.000000	86.432	102.0371
5520.000000	86.407	56.6855
5600.000000	86.360	5.2744
5700.000000	86.263	-58.2422
5800.000000	86.110	-120.2930
5900.000000	85.854	178.9121
6000.000000	85.469	119.2383
6080.000000	85.063	72.3047
6150.000000	84.649	31.9756
6220.000000	84.202	-7.3247
6300.000000	83.673	-50.9434
6400.000000	83.032	-103.6875
6500.000000	82.473	-154.5610
6600.000000	82.048	156.2920
6700.000000	81.771	108.6406
6800.000000	81.626	62.0176
6900.000000	81.594	16.1270
7000.000000	81.656	-29.2622
7100.000000	81.799	-74.2334
7200.000000	82.011	-118.8008
7300.000000	82.289	-162.8213
7400.000000	82.619	153.7695
7500.000000	82.993	110.9219
7620.000000	83.473	59.9629
7750.000000	83.989	4.5518
7880.000000	84.440	-51.2617
8000.000000	84.710	-102.5586
8120.000000	84.715	-153.7354
8250.000000	84.336	151.7539
8380.000000	83.546	99.2490
8500.000000	82.521	53.2705
8620.000000	81.305	9.8418
8750.000000	79.896	-33.9375
8850.000000	78.801	-65.3701
9000.000000	77.191	-109.5156
9120.000000	75.966	-142.3223
9250.000000	74.733	-175.4434
9380.000000	73.654	153.9121
9500.000000	72.880	127.7422
9620.000000	72.436	103.2832
9750.000000	72.440	77.9766
9880.000000	72.915	52.5986
10000.000000	73.587	28.2109
10150.000000	74.377	-3.8369
10300.000000	74.820	-36.7803
10440.000000	74.853	-67.0645
10600.000000	74.549	-99.8428
10750.000000	74.083	-128.4795
10900.000000	73.576	-154.7881
11060.000000	73.072	179.8213
11200.000000	72.683	159.5869
11380.000000	72.274	136.2373
11500.000000	72.061	122.2285
11720.000000	71.788	99.2139
11800.000000	71.725	91.5889
12060.000000	71.655	69.3223
12200.000000	71.697	58.7227
12410.000000	71.873	44.5986
12500.000000	71.990	39.2598
12650.000000	72.241	31.3418
12800.000000	72.564	24.6504
13150.000000	73.625	13.7451
13200.000000	73.816	12.6582
13400.000000	74.697	9.2988
13600.000000	75.786	7.2598
13800.000000	77.101	6.1152
14000.000000	78.681	5.6562
14300.000000	81.598	4.5361
14500.000000	83.785	1.3359
14750.000000	86.225	-7.8643
15000.000000	87.449	-21.0225
15250.000000	87.095	-31.3223
15500.000000	85.841	-33.1758
15750.000000	84.642	-26.2607
16000.000000	83.984	-13.7002
16250.000000	83.736	-0.6064
16500.000000	83.435	10.1699
16750.000000	82.531	19.5322
17000.000000	80.762	31.5449
17250.000000	78.310	50.4648
17500.000000	75.564	77.7783
17750.000000	72.846	112.4131
18000.000000	70.311	152.5859
18250.000000	67.991	-163.2939
18500.000000	65.872	-115.9346
18750.000000	63.933	-65.3545
19000.000000	62.159	-11.3545
19250.000000	60.543	45.8496
19500.000000	59.063	105.7705
19750.000000	57.756	167.5684
20000.000000	56.962	-147.2402
