* Measurement data measured by REW V5.31.3
* Source: Microphone (JadeAudio JA11), MICROPHONE (Master Volume), R, volume: 0.250
* Format: 256k Log Swept Sine, 1 sweep at -2.9 dBFS with no timing reference
* Dated: Mar 14, 2025 9:13:37 PM
* REW Settings:
*  C-weighting compensation: Off
*  Target level: 75.0 dB
* Note: 
* Measurement: R EW100P (SBC, Final E)
* Smoothing: 1/24 octave
* Frequency Step: 1/48 octave
* Start Frequency: 20.000 Hz
*
* Freq(Hz)	SPL(dB)	Phase(degrees)
20.000000	84.946	-50.5325
20.299999	85.003	-52.7963
20.600000	85.059	-55.0424
20.900000	85.113	-57.2746
21.200001	85.166	-59.4939
21.400000	85.199	-60.9653
21.799999	85.261	-63.8833
22.000000	85.290	-65.3277
22.400000	85.346	-68.1846
22.700001	85.386	-70.3008
23.000000	85.426	-72.3980
23.299999	85.464	-74.4800
23.600000	85.501	-76.5492
24.000000	85.547	-79.2881
24.299999	85.579	-81.3250
24.700001	85.619	-84.0140
25.000000	85.647	-86.0102
25.400000	85.683	-88.6475
25.799999	85.718	-91.2628
26.200001	85.750	-93.8596
26.500000	85.772	-95.7940
26.900000	85.799	-98.3512
27.200001	85.818	-100.2495
27.600000	85.842	-102.7532
28.000000	85.865	-105.2289
28.500000	85.894	-108.2951
29.000000	85.923	-111.3415
29.500000	85.950	-114.3730
30.000000	85.973	-117.3866
30.400000	85.989	-119.7790
30.700001	85.998	-121.5593
31.100000	86.008	-123.9104
31.500000	86.017	-126.2338
32.000000	86.026	-129.1008
32.500000	86.034	-131.9324
33.000000	86.040	-134.7340
33.500000	86.047	-137.5080
34.000000	86.053	-140.2612
34.500000	86.059	-143.0052
35.000000	86.063	-145.7458
35.500000	86.064	-148.4721
36.000000	86.062	-151.1670
36.500000	86.060	-153.8297
37.000000	86.062	-156.4812
37.500000	86.063	-159.1401
38.200001	86.056	-162.8461
38.700001	86.045	-165.4362
39.500000	86.035	-169.4813
40.000000	86.033	-171.9993
40.599998	86.028	-175.0315
41.200001	86.015	-178.0329
41.799999	85.999	179.0255
42.500000	85.986	175.6255
43.099998	85.974	172.7012
43.700001	85.957	169.7857
44.400002	85.935	166.4273
45.000000	85.920	163.5672
45.500000	85.909	161.1771
46.200001	85.889	157.8318
46.799999	85.867	155.0057
47.500000	85.843	151.7841
48.200001	85.826	148.6107
48.700001	85.815	146.3490
49.400002	85.797	143.1904
50.000000	85.777	140.5017
50.799999	85.744	136.9422
51.500000	85.707	133.8602
52.200001	85.669	130.8172
53.000000	85.627	127.3123
53.799999	85.568	123.7810
54.500000	85.504	120.8506
55.200001	85.470	118.0864
56.000000	85.481	114.7873
57.000000	85.479	110.3053
58.000000	85.436	105.9501
59.000000	85.405	101.7618
60.000000	85.368	97.5846
60.799999	85.330	94.3026
61.500000	85.295	91.4665
62.200001	85.257	88.6577
63.000000	85.216	85.4804
64.000000	85.170	81.5122
65.000000	85.125	77.5278
66.000000	85.079	73.5734
67.000000	85.035	69.6762
68.000000	84.994	65.8191
69.000000	84.952	61.9915
70.000000	84.908	58.1981
71.000000	84.863	54.4147
72.000000	84.813	50.6436
73.000000	84.761	46.9050
74.000000	84.711	43.1943
75.000000	84.665	39.5071
76.199997	84.612	35.0980
77.500000	84.555	30.3507
78.800003	84.501	25.6405
80.000000	84.450	21.3040
81.199997	84.396	17.0129
82.500000	84.341	12.4212
83.800003	84.285	7.8444
85.000000	84.228	3.6699
86.199997	84.172	-0.4749
87.500000	84.111	-4.9510
88.500000	84.062	-8.3793
90.000000	83.991	-13.4661
91.199997	83.941	-17.4783
92.500000	83.899	-21.8232
93.800003	83.856	-26.1965
95.000000	83.812	-30.2214
96.199997	83.764	-34.2103
97.500000	83.714	-38.4990
98.800003	83.662	-42.7766
100.000000	83.613	-46.6953
101.500000	83.551	-51.5483
103.000000	83.490	-56.3527
104.400002	83.434	-60.7993
106.000000	83.372	-65.8596
107.500000	83.314	-70.5981
109.000000	83.257	-75.3226
110.599998	83.198	-80.3622
112.000000	83.146	-84.7560
113.800003	83.078	-90.3351
115.000000	83.035	-94.0098
117.199997	82.958	-100.7097
118.000000	82.931	-103.1401
120.599998	82.842	-111.0060
122.000000	82.794	-115.2010
124.099998	82.721	-121.4154
125.000000	82.691	-124.0631
126.500000	82.640	-128.4722
128.000000	82.590	-132.8749
131.500000	82.471	-143.1207
132.000000	82.454	-144.5745
134.000000	82.387	-150.3867
136.000000	82.324	-156.1871
138.000000	82.269	-161.9478
140.000000	82.221	-167.6652
143.000000	82.127	-176.0762
145.000000	82.059	178.4178
147.500000	81.980	171.5544
150.000000	81.907	164.6477
152.500000	81.825	157.7393
155.000000	81.737	150.9872
157.500000	81.656	144.3384
160.000000	81.579	137.7793
162.500000	81.519	131.3306
165.000000	81.506	124.9081
167.500000	81.510	118.2838
170.000000	81.480	111.5154
172.500000	81.418	104.7474
175.000000	81.352	98.1150
177.500000	81.294	91.6346
180.000000	81.246	85.2757
182.500000	81.197	78.8604
185.000000	81.138	72.4860
187.500000	81.082	66.1660
190.000000	81.029	59.8220
192.500000	80.979	53.4780
195.000000	80.935	47.2048
197.500000	80.894	40.9828
200.000000	80.845	34.7914
203.000000	80.787	27.4444
206.000000	80.735	20.1148
209.000000	80.691	12.7806
212.000000	80.654	5.4603
214.000000	80.625	0.6695
218.000000	80.554	-8.7448
220.000000	80.514	-13.4932
224.000000	80.445	-23.0039
227.000000	80.403	-30.1040
230.000000	80.359	-37.1434
233.000000	80.314	-44.1348
236.000000	80.271	-51.0867
240.000000	80.217	-60.3362
243.000000	80.176	-67.2335
247.000000	80.126	-76.3620
250.000000	80.089	-83.1699
254.000000	80.043	-92.1923
258.000000	79.997	-101.1536
262.000000	79.949	-110.0243
265.000000	79.915	-116.6490
269.000000	79.870	-125.4780
272.000000	79.836	-132.0753
276.000000	79.789	-140.7791
280.000000	79.741	-149.4525
285.000000	79.691	-160.2671
290.000000	79.648	-170.9180
295.000000	79.606	178.4719
300.000000	79.565	167.8989
304.000000	79.535	159.5154
307.000000	79.512	153.2424
311.000000	79.481	144.9082
315.000000	79.451	136.6321
320.000000	79.415	126.3778
325.000000	79.377	116.1938
330.000000	79.336	106.0430
335.000000	79.295	95.9473
340.000000	79.256	85.9077
345.000000	79.221	75.9292
350.000000	79.190	66.0291
355.000000	79.159	56.1909
360.000000	79.131	46.3811
365.000000	79.104	36.6479
370.000000	79.076	26.9872
375.000000	79.049	17.3955
382.000000	79.014	4.0939
387.000000	78.990	-5.3453
395.000000	78.954	-20.3252
400.000000	78.930	-29.6343
406.000000	78.902	-40.7737
412.000000	78.876	-51.8552
418.000000	78.849	-62.8542
425.000000	78.818	-75.5881
431.000000	78.793	-86.4407
437.000000	78.769	-97.1962
444.000000	78.741	-109.6361
450.000000	78.718	-120.2264
455.000000	78.701	-128.9762
462.000000	78.678	-141.0867
468.000000	78.666	-151.3500
475.000000	78.670	-163.2725
482.000000	78.681	-175.2312
487.000000	78.683	176.2052
494.000000	78.671	164.2545
500.000000	78.657	154.0782
508.000000	78.636	140.6567
515.000000	78.618	129.0302
522.000000	78.601	117.4700
530.000000	78.583	104.3522
538.000000	78.566	91.3518
545.000000	78.554	80.0944
552.000000	78.547	68.9346
560.000000	78.538	56.2764
570.000000	78.528	40.5792
580.000000	78.516	25.0386
590.000000	78.502	9.6326
600.000000	78.491	-5.6565
608.000000	78.487	-17.7937
615.000000	78.485	-28.3281
622.000000	78.483	-38.7979
630.000000	78.482	-50.6865
640.000000	78.481	-65.4271
650.000000	78.481	-80.0502
660.000000	78.480	-94.5303
670.000000	78.482	-108.8545
680.000000	78.490	-123.0251
690.000000	78.501	-137.0615
700.000000	78.513	-150.9752
710.000000	78.522	-164.7759
720.000000	78.528	-178.4926
730.000000	78.537	167.8760
740.000000	78.551	154.3726
750.000000	78.568	141.0039
762.000000	78.593	125.1290
775.000000	78.624	108.1161
788.000000	78.659	91.2777
800.000000	78.692	75.8759
812.000000	78.727	60.6392
825.000000	78.773	44.3003
838.000000	78.825	28.1390
850.000000	78.878	13.3752
862.000000	78.932	-1.2632
875.000000	78.989	-17.0073
885.000000	79.037	-29.0439
900.000000	79.111	-46.9340
912.000000	79.175	-61.1111
925.000000	79.248	-76.3054
938.000000	79.326	-91.3303
950.000000	79.404	-105.0713
962.000000	79.488	-118.6987
975.000000	79.579	-133.3452
988.000000	79.670	-147.8728
1000.000000	79.757	-161.1890
1015.000000	79.874	-177.7205
1030.000000	79.992	165.8811
1044.000000	80.099	150.7041
1060.000000	80.221	133.4844
1075.000000	80.341	117.4785
1090.000000	80.464	101.6533
1106.000000	80.592	84.8916
1120.000000	80.702	70.3179
1138.000000	80.837	51.7212
1150.000000	80.926	39.4114
1172.000000	81.087	17.0649
1180.000000	81.140	9.0105
1206.000000	81.286	-16.8901
1220.000000	81.344	-30.6045
1241.000000	81.411	-50.7593
1250.000000	81.441	-59.2278
1265.000000	81.501	-73.1714
1280.000000	81.580	-86.9934
1315.000000	81.813	-118.9255
1320.000000	81.848	-123.4419
1340.000000	81.981	-141.3877
1360.000000	82.107	-159.1338
1380.000000	82.225	-176.6753
1400.000000	82.336	165.9824
1430.000000	82.486	140.3506
1450.000000	82.580	123.5557
1475.000000	82.697	102.9331
1500.000000	82.817	82.7358
1525.000000	82.938	62.8535
1550.000000	83.050	43.2349
1575.000000	83.152	23.8884
1600.000000	83.258	4.9148
1625.000000	83.371	-13.6204
1650.000000	83.482	-31.7881
1675.000000	83.587	-49.6543
1700.000000	83.691	-67.2495
1725.000000	83.796	-84.5627
1750.000000	83.895	-101.6189
1775.000000	83.990	-118.4092
1800.000000	84.089	-134.9028
1825.000000	84.191	-151.0718
1850.000000	84.294	-166.9365
1875.000000	84.399	177.4661
1900.000000	84.504	162.1367
1925.000000	84.606	147.0630
1950.000000	84.705	132.2256
1975.000000	84.803	117.6348
2000.000000	84.899	103.3064
2030.000000	85.012	86.4509
2060.000000	85.120	69.9407
2090.000000	85.220	53.7891
2120.000000	85.318	37.9919
2140.000000	85.382	27.6702
2180.000000	85.498	7.4702
2200.000000	85.549	-2.4224
2240.000000	85.643	-21.7163
2270.000000	85.712	-35.7100
2300.000000	85.777	-49.2844
2330.000000	85.833	-62.4878
2360.000000	85.889	-75.2979
2400.000000	85.996	-91.6924
2430.000000	86.120	-103.4983
2470.000000	86.332	-118.9209
2500.000000	86.494	-130.4124
2540.000000	86.679	-145.5806
2580.000000	86.813	-160.2312
2620.000000	86.910	-174.1443
2650.000000	86.983	175.9585
2690.000000	87.126	163.3782
2720.000000	87.283	154.2473
2760.000000	87.555	142.2139
2800.000000	87.865	130.2041
2850.000000	88.209	115.1594
2900.000000	88.443	100.3425
2950.000000	88.588	86.2959
3000.000000	88.667	73.2534
3040.000000	88.697	63.4768
3070.000000	88.711	56.5063
3110.000000	88.730	47.7078
3150.000000	88.761	39.4844
3200.000000	88.823	29.8684
3250.000000	88.894	20.7891
3300.000000	88.966	12.2349
3350.000000	89.031	4.3257
3400.000000	89.077	-2.9612
3450.000000	89.108	-9.6499
3500.000000	89.129	-15.7007
3550.000000	89.139	-21.0957
3600.000000	89.137	-25.8687
3650.000000	89.124	-30.0579
3700.000000	89.098	-33.7065
3750.000000	89.053	-36.8455
3820.000000	88.947	-40.2695
3870.000000	88.852	-41.8330
3950.000000	88.719	-42.7087
4000.000000	88.663	-42.3809
4060.000000	88.638	-41.2043
4120.000000	88.632	-39.3350
4180.000000	88.627	-36.9421
4250.000000	88.607	-33.4390
4310.000000	88.582	-29.7043
4370.000000	88.544	-25.3027
4440.000000	88.480	-19.3809
4500.000000	88.413	-13.5874
4550.000000	88.351	-8.1997
4620.000000	88.260	0.1721
4680.000000	88.169	8.0122
4750.000000	88.044	17.9121
4820.000000	87.889	28.7085
4870.000000	87.760	37.0776
4940.000000	87.563	49.8000
5000.000000	87.389	61.6235
5080.000000	87.175	78.6196
5150.000000	87.013	94.4114
5220.000000	86.863	110.8572
5300.000000	86.696	130.4314
5380.000000	86.523	150.9465
5450.000000	86.366	169.6782
5520.000000	86.197	-170.8521
5600.000000	85.996	-147.6094
5700.000000	85.717	-117.2732
5800.000000	85.392	-85.6401
5900.000000	85.025	-52.4585
6000.000000	84.604	-17.6323
6080.000000	84.236	11.6384
6150.000000	83.901	38.4329
6220.000000	83.563	66.3481
6300.000000	83.188	99.5854
6400.000000	82.766	142.9058
6500.000000	82.411	-172.2039
6600.000000	82.149	-125.5959
6700.000000	81.991	-77.4468
6800.000000	81.927	-28.0903
6900.000000	81.950	22.4546
7000.000000	82.054	74.1279
7100.000000	82.228	126.7075
7200.000000	82.465	179.9456
7300.000000	82.754	-126.3340
7400.000000	83.087	-72.0493
7500.000000	83.448	-17.3198
7620.000000	83.890	48.7734
7750.000000	84.329	120.6057
7880.000000	84.651	-167.3848
8000.000000	84.774	-100.8467
8120.000000	84.636	-34.7610
8250.000000	84.144	37.1821
8380.000000	83.312	111.8221
8500.000000	82.317	-175.3538
8620.000000	81.193	-98.5189
8750.000000	79.925	-11.0740
8850.000000	78.953	58.6653
9000.000000	77.529	166.5471
9120.000000	76.447	-104.3322
9250.000000	75.376	-4.2188
9380.000000	74.490	100.1938
9500.000000	73.941	-159.0864
9620.000000	73.780	-53.5308
9750.000000	74.120	63.3872
9880.000000	74.895	177.8331
10000.000000	75.756	-83.2723
10150.000000	76.657	32.5589
10300.000000	77.140	145.8256
10440.000000	77.206	-105.1779
10600.000000	76.969	23.4386
10750.000000	76.626	151.6598
10900.000000	76.279	-76.0204
11060.000000	75.964	66.7180
11200.000000	75.766	-164.9310
11380.000000	75.632	1.2621
11500.000000	75.625	114.5872
11720.000000	75.785	-36.8625
11800.000000	75.899	40.4055
12060.000000	76.462	-64.8781
12200.000000	76.883	71.9448
12410.000000	77.667	-77.1576
12500.000000	78.052	11.4160
12650.000000	78.738	162.5269
12800.000000	79.447	-47.2061
13150.000000	80.824	-64.8684
13200.000000	80.946	-16.9563
13400.000000	81.164	177.0215
13600.000000	80.913	12.5010
13800.000000	80.278	-144.8730
14000.000000	79.431	68.5386
14300.000000	78.152	34.1616
14500.000000	77.463	-98.6987
14750.000000	76.890	-171.9414
15000.000000	76.713	116.8218
15250.000000	76.965	40.8867
15500.000000	77.778	-9.1270
15750.000000	79.268	-69.0845
16000.000000	81.204	-151.9336
16250.000000	82.593	178.6328
16500.000000	82.170	-10.0791
16750.000000	79.729	-92.2178
17000.000000	76.261	78.8945
17250.000000	72.797	-155.9473
17500.000000	69.790	159.5547
17750.000000	67.253	117.2070
18000.000000	65.060	91.1616
18250.000000	63.113	-27.4155
18500.000000	61.330	28.3530
18750.000000	59.629	37.6519
19000.000000	57.975	57.8262
19250.000000	56.352	-133.4189
19500.000000	54.775	-136.2075
19750.000000	53.301	-124.0146
20000.000000	52.354	-81.7759
