* Measurement data measured by REW V5.31.3
* Source: Microphone (JadeAudio JA11), MICROPHONE (Master Volume), R, volume: 0.250
* Format: 512k Log Swept Sine, 1 sweep at -12.0 dBFS with no timing reference
* Dated: Apr 17, 2025 6:42:45 PM
* REW Settings:
*  C-weighting compensation: Off
*  Target level: 75.0 dB
* Note: 
* Measurement: R EW300 (3.5, Kato, Spring)
* Smoothing: 1/24 octave
* Frequency Step: 1/48 octave
* Start Frequency: 20.300 Hz
*
* Freq(Hz)	SPL(dB)	Phase(degrees)
20.299999	94.098	175.8982
20.600000	94.094	175.5907
20.900000	94.087	175.2373
21.200001	94.079	174.8889
21.400000	94.073	174.6630
21.799999	94.061	174.2316
22.000000	94.054	174.0229
22.400000	94.034	173.5752
22.700001	94.015	173.2536
23.000000	93.994	172.9400
23.299999	93.972	172.5926
23.600000	93.950	172.2536
24.000000	93.921	171.8192
24.299999	93.899	171.4621
24.700001	93.869	170.9982
25.000000	93.848	170.6604
25.400000	93.820	170.1730
25.799999	93.795	169.6994
26.200001	93.772	169.2307
26.500000	93.755	168.8820
26.900000	93.734	168.4325
27.200001	93.719	168.1074
27.600000	93.699	167.6871
28.000000	93.681	167.2802
28.500000	93.660	166.8060
29.000000	93.639	166.3554
29.500000	93.615	165.9357
30.000000	93.588	165.5356
30.400000	93.564	165.2249
30.700001	93.545	164.9998
31.100000	93.518	164.7053
31.500000	93.490	164.4062
32.000000	93.454	164.0432
32.500000	93.416	163.6570
33.000000	93.376	163.2837
33.500000	93.337	162.8993
34.000000	93.298	162.5255
34.500000	93.261	162.1379
35.000000	93.225	161.7530
35.500000	93.190	161.3709
36.000000	93.156	161.0090
36.500000	93.123	160.6614
37.000000	93.089	160.3141
37.500000	93.056	159.9670
38.200001	93.010	159.4985
38.700001	92.977	159.1996
39.500000	92.922	158.7609
40.000000	92.886	158.4896
40.599998	92.844	158.1541
41.200001	92.800	157.8260
41.799999	92.755	157.5020
42.500000	92.701	157.1234
43.099998	92.656	156.8036
43.700001	92.611	156.4775
44.400002	92.559	156.0812
45.000000	92.515	155.7396
45.500000	92.479	155.4748
46.200001	92.428	155.1472
46.799999	92.385	154.8812
47.500000	92.334	154.5585
48.200001	92.284	154.2369
48.700001	92.249	154.0186
49.400002	92.199	153.7222
50.000000	92.157	153.4716
50.799999	92.098	153.1396
51.500000	92.045	152.8537
52.200001	91.994	152.5696
53.000000	91.936	152.2606
53.799999	91.879	151.9658
54.500000	91.829	151.7059
55.200001	91.779	151.4515
56.000000	91.720	151.1695
57.000000	91.648	150.8078
58.000000	91.577	150.4627
59.000000	91.509	150.0061
60.000000	91.444	149.5203
60.799999	91.386	149.3594
61.500000	91.333	149.2984
62.200001	91.282	149.1638
63.000000	91.226	148.9379
64.000000	91.158	148.6651
65.000000	91.088	148.3874
66.000000	91.018	148.1171
67.000000	90.950	147.8547
68.000000	90.881	147.5967
69.000000	90.814	147.3542
70.000000	90.747	147.1294
71.000000	90.681	146.9176
72.000000	90.615	146.7045
73.000000	90.548	146.4937
74.000000	90.482	146.2910
75.000000	90.415	146.0919
76.199997	90.337	145.8522
77.500000	90.255	145.6082
78.800003	90.171	145.3817
80.000000	90.094	145.1668
81.199997	90.016	144.9663
82.500000	89.932	144.7709
83.800003	89.849	144.5873
85.000000	89.775	144.4232
86.199997	89.700	144.2527
87.500000	89.620	144.0703
88.500000	89.559	143.9393
90.000000	89.466	143.7540
91.199997	89.390	143.6084
92.500000	89.307	143.4706
93.800003	89.226	143.3457
95.000000	89.152	143.2409
96.199997	89.079	143.1661
97.500000	89.000	143.0976
98.800003	88.922	143.0309
100.000000	88.853	142.9711
101.500000	88.769	142.8935
103.000000	88.685	142.8103
104.400002	88.605	142.7309
106.000000	88.508	142.6563
107.500000	88.411	142.6395
109.000000	88.314	142.7186
110.599998	88.224	142.9071
112.000000	88.162	143.1002
113.800003	88.099	143.2782
115.000000	88.061	143.3188
117.199997	87.987	143.3142
118.000000	87.958	143.3157
120.599998	87.868	143.3444
122.000000	87.829	143.3482
124.099998	87.771	143.2720
125.000000	87.745	143.1977
126.500000	87.697	143.0575
128.000000	87.644	142.9271
131.500000	87.498	142.6680
132.000000	87.475	142.6411
134.000000	87.385	142.5504
136.000000	87.298	142.4899
138.000000	87.212	142.4731
140.000000	87.121	142.4442
143.000000	86.996	142.4035
145.000000	86.918	142.3506
147.500000	86.820	142.3389
150.000000	86.717	142.3718
152.500000	86.615	142.3953
155.000000	86.520	142.4482
157.500000	86.428	142.5215
160.000000	86.335	142.5934
162.500000	86.242	142.6619
165.000000	86.152	142.7441
167.500000	86.063	142.8525
170.000000	85.977	142.9565
172.500000	85.891	143.0568
175.000000	85.806	143.1657
177.500000	85.724	143.2823
180.000000	85.642	143.4016
182.500000	85.560	143.5351
185.000000	85.480	143.6675
187.500000	85.401	143.8028
190.000000	85.322	143.9481
192.500000	85.244	144.0964
195.000000	85.166	144.2654
197.500000	85.089	144.4504
200.000000	85.013	144.6465
203.000000	84.922	144.9416
206.000000	84.838	145.2719
209.000000	84.772	145.5993
212.000000	84.721	145.9316
214.000000	84.686	146.1343
218.000000	84.610	146.4452
220.000000	84.574	146.5020
224.000000	84.494	146.6013
227.000000	84.430	146.7433
230.000000	84.367	146.9062
233.000000	84.303	147.0670
236.000000	84.239	147.2338
240.000000	84.156	147.4704
243.000000	84.093	147.6483
247.000000	84.008	147.8873
250.000000	83.945	148.0746
254.000000	83.863	148.3364
258.000000	83.783	148.6137
262.000000	83.704	148.8875
265.000000	83.645	149.0928
269.000000	83.571	149.3808
272.000000	83.517	149.6024
276.000000	83.446	149.8986
280.000000	83.375	150.1976
285.000000	83.290	150.5910
290.000000	83.210	150.9857
295.000000	83.132	151.3766
300.000000	83.057	151.7470
304.000000	82.999	152.0538
307.000000	82.955	152.2776
311.000000	82.898	152.5714
315.000000	82.841	152.8650
320.000000	82.772	153.2340
325.000000	82.705	153.6091
330.000000	82.640	153.9898
335.000000	82.577	154.3735
340.000000	82.515	154.7513
345.000000	82.454	155.1313
350.000000	82.396	155.5196
355.000000	82.339	155.9060
360.000000	82.283	156.2822
365.000000	82.230	156.6628
370.000000	82.178	157.0404
375.000000	82.128	157.4150
382.000000	82.059	157.9385
387.000000	82.011	158.3165
395.000000	81.937	158.9224
400.000000	81.893	159.2972
406.000000	81.841	159.7499
412.000000	81.789	160.2003
418.000000	81.738	160.6492
425.000000	81.684	161.1630
431.000000	81.640	161.6039
437.000000	81.597	162.0446
444.000000	81.549	162.5566
450.000000	81.509	162.9949
455.000000	81.477	163.3598
462.000000	81.434	163.8589
468.000000	81.397	164.2876
475.000000	81.355	164.7897
482.000000	81.314	165.2903
487.000000	81.287	165.6452
494.000000	81.250	166.1399
500.000000	81.219	166.5692
508.000000	81.180	167.1439
515.000000	81.148	167.6342
522.000000	81.118	168.1205
530.000000	81.084	168.6785
538.000000	81.053	169.2336
545.000000	81.027	169.7113
552.000000	81.002	170.1853
560.000000	80.975	170.7295
570.000000	80.942	171.4056
580.000000	80.911	172.0723
590.000000	80.882	172.7345
600.000000	80.856	173.3971
608.000000	80.835	173.9260
615.000000	80.818	174.3884
622.000000	80.802	174.8530
630.000000	80.784	175.3868
640.000000	80.764	176.0518
650.000000	80.746	176.7112
660.000000	80.731	177.3691
670.000000	80.717	178.0284
680.000000	80.706	178.6927
690.000000	80.697	179.3530
700.000000	80.690	-179.9870
710.000000	80.686	-179.3255
720.000000	80.684	-178.6600
730.000000	80.683	-177.9942
740.000000	80.685	-177.3294
750.000000	80.688	-176.6635
762.000000	80.696	-175.8629
775.000000	80.709	-175.0023
788.000000	80.726	-174.1447
800.000000	80.746	-173.3510
812.000000	80.770	-172.5657
825.000000	80.800	-171.7259
838.000000	80.835	-170.8927
850.000000	80.871	-170.1294
862.000000	80.912	-169.3766
875.000000	80.961	-168.5724
885.000000	81.001	-167.9631
900.000000	81.066	-167.0645
912.000000	81.122	-166.3633
925.000000	81.188	-165.6250
938.000000	81.258	-164.9094
950.000000	81.326	-164.2713
962.000000	81.398	-163.6557
975.000000	81.479	-163.0140
988.000000	81.563	-162.3981
1000.000000	81.643	-161.8540
1015.000000	81.745	-161.2131
1030.000000	81.851	-160.6181
1044.000000	81.951	-160.0992
1060.000000	82.067	-159.5483
1075.000000	82.177	-159.0774
1090.000000	82.288	-158.6514
1106.000000	82.407	-158.2404
1120.000000	82.511	-157.9183
1138.000000	82.643	-157.5510
1150.000000	82.730	-157.3307
1172.000000	82.887	-156.9765
1180.000000	82.943	-156.8636
1206.000000	83.121	-156.5490
1220.000000	83.214	-156.4074
1241.000000	83.350	-156.2294
1250.000000	83.408	-156.1635
1265.000000	83.502	-156.0656
1280.000000	83.595	-155.9800
1315.000000	83.806	-155.8356
1320.000000	83.835	-155.8209
1340.000000	83.953	-155.7755
1360.000000	84.068	-155.7514
1380.000000	84.182	-155.7503
1400.000000	84.293	-155.7715
1430.000000	84.454	-155.8444
1450.000000	84.560	-155.9186
1475.000000	84.687	-156.0423
1500.000000	84.810	-156.1945
1525.000000	84.928	-156.3732
1550.000000	85.042	-156.5738
1575.000000	85.151	-156.7881
1600.000000	85.254	-157.0103
1625.000000	85.353	-157.2408
1650.000000	85.449	-157.4751
1675.000000	85.541	-157.7120
1700.000000	85.631	-157.9520
1725.000000	85.719	-158.1937
1750.000000	85.805	-158.4382
1775.000000	85.890	-158.6892
1800.000000	85.973	-158.9438
1825.000000	86.055	-159.2060
1850.000000	86.136	-159.4771
1875.000000	86.216	-159.7569
1900.000000	86.295	-160.0453
1925.000000	86.372	-160.3457
1950.000000	86.448	-160.6573
1975.000000	86.522	-160.9793
2000.000000	86.595	-161.3123
2030.000000	86.680	-161.7253
2060.000000	86.762	-162.1552
2090.000000	86.841	-162.6024
2120.000000	86.918	-163.0641
2140.000000	86.967	-163.3803
2180.000000	87.061	-164.0297
2200.000000	87.106	-164.3611
2240.000000	87.191	-165.0427
2270.000000	87.250	-165.5635
2300.000000	87.305	-166.0906
2330.000000	87.357	-166.6239
2360.000000	87.406	-167.1642
2400.000000	87.465	-167.8923
2430.000000	87.506	-168.4408
2470.000000	87.554	-169.1743
2500.000000	87.586	-169.7239
2540.000000	87.623	-170.4526
2580.000000	87.655	-171.1779
2620.000000	87.681	-171.8964
2650.000000	87.697	-172.4282
2690.000000	87.713	-173.1266
2720.000000	87.722	-173.6407
2760.000000	87.730	-174.3102
2800.000000	87.733	-174.9595
2850.000000	87.731	-175.7424
2900.000000	87.723	-176.4933
2950.000000	87.712	-177.2106
3000.000000	87.696	-177.8932
3040.000000	87.681	-178.4164
3070.000000	87.669	-178.7957
3110.000000	87.651	-179.2793
3150.000000	87.632	-179.7360
3200.000000	87.606	179.7426
3250.000000	87.582	179.2842
3300.000000	87.566	178.8823
3350.000000	87.560	178.5025
3400.000000	87.565	178.0876
3450.000000	87.574	177.6089
3500.000000	87.581	177.0735
3550.000000	87.583	176.5078
3600.000000	87.581	175.9333
3650.000000	87.577	175.3612
3700.000000	87.574	174.7921
3750.000000	87.571	174.2088
3820.000000	87.568	173.3447
3870.000000	87.565	172.6816
3950.000000	87.552	171.5456
4000.000000	87.538	170.7997
4060.000000	87.514	169.8732
4120.000000	87.481	168.9178
4180.000000	87.440	167.9362
4250.000000	87.380	166.7615
4310.000000	87.317	165.7310
4370.000000	87.241	164.6805
4440.000000	87.136	163.4509
4500.000000	87.029	162.4135
4550.000000	86.928	161.5738
4620.000000	86.772	160.4581
4680.000000	86.625	159.5712
4750.000000	86.441	158.6235
4820.000000	86.246	157.7714
4870.000000	86.102	157.2215
4940.000000	85.893	156.5338
5000.000000	85.708	156.0190
5080.000000	85.454	155.4478
5150.000000	85.226	155.0633
5220.000000	84.995	154.7912
5300.000000	84.728	154.6200
5380.000000	84.460	154.6041
5450.000000	84.228	154.7218
5520.000000	83.999	154.9623
5600.000000	83.745	155.3876
5700.000000	83.442	156.1370
5800.000000	83.162	157.1123
5900.000000	82.911	158.2815
6000.000000	82.693	159.5983
6080.000000	82.541	160.7369
6150.000000	82.426	161.7843
6220.000000	82.327	162.8752
6300.000000	82.233	164.1768
6400.000000	82.149	165.8819
6500.000000	82.105	167.6627
6600.000000	82.109	169.4837
6700.000000	82.164	171.2855
6800.000000	82.274	173.0074
6900.000000	82.439	174.5944
7000.000000	82.657	175.9867
7100.000000	82.927	177.1212
7200.000000	83.247	177.9268
7300.000000	83.616	178.3305
7400.000000	84.027	178.2489
7500.000000	84.474	177.5696
7620.000000	85.036	175.7673
7750.000000	85.626	172.4046
7880.000000	86.126	167.4756
8000.000000	86.426	161.5098
8120.000000	86.463	154.4732
8250.000000	86.123	146.5952
8380.000000	85.413	139.5939
8500.000000	84.525	134.5951
8620.000000	83.519	131.2009
8750.000000	82.398	129.1953
8850.000000	81.556	128.6425
9000.000000	80.368	129.0358
9120.000000	79.494	130.1213
9250.000000	78.626	131.8272
9380.000000	77.829	133.9121
9500.000000	77.145	136.0746
9620.000000	76.504	138.4175
9750.000000	75.845	141.1301
9880.000000	75.215	144.0261
10000.000000	74.655	146.8739
10150.000000	73.980	150.7043
10300.000000	73.329	154.8954
10440.000000	72.747	159.1979
10600.000000	72.118	164.7126
10750.000000	71.590	170.6573
10900.000000	71.176	177.4964
11060.000000	70.956	-174.3842
11200.000000	71.019	-167.1779
11380.000000	71.431	-159.1187
11500.000000	71.821	-155.0338
11720.000000	72.536	-149.9995
11800.000000	72.761	-148.6846
12060.000000	73.359	-145.1410
12200.000000	73.631	-143.3559
12410.000000	74.039	-140.6656
12500.000000	74.226	-139.5371
12650.000000	74.561	-137.7935
12800.000000	74.913	-136.2691
13150.000000	75.837	-132.9447
13200.000000	75.999	-132.5161
13400.000000	76.743	-131.3881
13600.000000	77.546	-131.9181
13800.000000	78.228	-133.9102
14000.000000	78.770	-136.3677
14300.000000	79.430	-140.5890
14500.000000	79.755	-143.7411
14750.000000	80.025	-147.6972
15000.000000	80.193	-151.3382
15250.000000	80.343	-154.6520
15500.000000	80.546	-158.1031
15750.000000	80.814	-162.4536
16000.000000	81.098	-168.6099
16250.000000	81.229	-177.5054
16500.000000	80.877	170.8680
16750.000000	79.734	158.4988
17000.000000	77.788	148.3947
17250.000000	75.326	142.4571
17500.000000	72.689	140.7474
17750.000000	70.090	142.3423
18000.000000	67.605	146.3669
18250.000000	65.254	152.3230
18500.000000	63.049	159.9362
18750.000000	61.017	168.9651
19000.000000	59.188	179.1498
19250.000000	57.584	-169.7714
19500.000000	56.233	-158.0849
19750.000000	55.190	-146.3843
20000.000000	54.620	-137.3012
