* Measurement data measured by REW V5.31.3
* Source: Microphone (JadeAudio JA11), MICROPHONE (Master Volume), R, volume: 0.250
* Format: 512k Log Swept Sine, 1 sweep at -12.0 dBFS with no timing reference
* Dated: Apr 7, 2025 9:20:29 PM
* REW Settings:
*  C-weighting compensation: Off
*  Target level: 75.0 dB
* Note: 
* Measurement: R EW300 (Silver nozzle, Velvet)
* Smoothing: 1/24 octave
* Frequency Step: 1/48 octave
* Start Frequency: 20.300 Hz
*
* Freq(Hz)	SPL(dB)	Phase(degrees)
20.299999	93.460	-179.5588
20.600000	93.461	-179.8649
20.900000	93.460	179.7808
21.200001	93.457	179.4294
21.400000	93.455	179.2011
21.799999	93.451	178.7652
22.000000	93.448	178.5552
22.400000	93.436	178.1066
22.700001	93.423	177.7854
23.000000	93.409	177.4721
23.299999	93.392	177.1237
23.600000	93.375	176.7819
24.000000	93.353	176.3408
24.299999	93.336	175.9769
24.700001	93.313	175.5025
25.000000	93.297	175.1559
25.400000	93.276	174.6552
25.799999	93.258	174.1667
26.200001	93.242	173.6827
26.500000	93.232	173.3236
26.900000	93.219	172.8630
27.200001	93.209	172.5316
27.600000	93.196	172.1042
28.000000	93.184	171.6902
28.500000	93.168	171.2078
29.000000	93.152	170.7530
29.500000	93.135	170.3339
30.000000	93.116	169.9340
30.400000	93.099	169.6183
30.700001	93.084	169.3860
31.100000	93.063	169.0796
31.500000	93.041	168.7697
32.000000	93.011	168.3986
32.500000	92.981	168.0073
33.000000	92.949	167.6251
33.500000	92.916	167.2265
34.000000	92.884	166.8406
34.500000	92.852	166.4503
35.000000	92.823	166.0693
35.500000	92.795	165.6879
36.000000	92.767	165.3175
36.500000	92.739	164.9582
37.000000	92.713	164.6062
37.500000	92.688	164.2617
38.200001	92.652	163.7866
38.700001	92.622	163.4655
39.500000	92.572	162.9880
40.000000	92.542	162.7068
40.599998	92.506	162.3656
41.200001	92.470	162.0242
41.799999	92.432	161.6843
42.500000	92.387	161.2982
43.099998	92.348	160.9761
43.700001	92.308	160.6495
44.400002	92.265	160.2710
45.000000	92.232	159.9538
45.500000	92.204	159.6932
46.200001	92.159	159.3329
46.799999	92.119	159.0301
47.500000	92.073	158.6890
48.200001	92.028	158.3624
48.700001	91.997	158.1369
49.400002	91.952	157.8315
50.000000	91.915	157.5811
50.799999	91.864	157.2486
51.500000	91.820	156.9536
52.200001	91.776	156.6567
53.000000	91.724	156.3232
53.799999	91.671	155.9963
54.500000	91.624	155.7216
55.200001	91.579	155.4614
56.000000	91.528	155.1691
57.000000	91.467	154.8043
58.000000	91.403	154.4554
59.000000	91.346	154.0384
60.000000	91.294	153.6206
60.799999	91.239	153.4103
61.500000	91.187	153.2667
62.200001	91.140	153.0927
63.000000	91.091	152.8665
64.000000	91.028	152.5869
65.000000	90.965	152.3064
66.000000	90.902	152.0345
67.000000	90.840	151.7636
68.000000	90.779	151.5010
69.000000	90.717	151.2510
70.000000	90.656	150.9988
71.000000	90.595	150.7561
72.000000	90.534	150.5371
73.000000	90.473	150.3267
74.000000	90.412	150.1100
75.000000	90.351	149.8993
76.199997	90.280	149.6626
77.500000	90.204	149.4149
78.800003	90.127	149.1683
80.000000	90.059	148.9340
81.199997	89.988	148.7184
82.500000	89.911	148.5103
83.800003	89.838	148.3182
85.000000	89.769	148.1406
86.199997	89.701	147.9641
87.500000	89.629	147.7824
88.500000	89.573	147.6374
90.000000	89.489	147.4387
91.199997	89.425	147.3007
92.500000	89.355	147.1451
93.800003	89.284	146.9865
95.000000	89.219	146.8519
96.199997	89.154	146.7380
97.500000	89.083	146.6187
98.800003	89.013	146.4882
100.000000	88.950	146.3688
101.500000	88.873	146.2342
103.000000	88.795	146.1106
104.400002	88.724	146.0094
106.000000	88.642	145.8950
107.500000	88.566	145.7834
109.000000	88.489	145.6849
110.599998	88.406	145.5954
112.000000	88.335	145.5203
113.800003	88.247	145.4395
115.000000	88.187	145.3841
117.199997	88.075	145.3067
118.000000	88.034	145.2833
120.599998	87.898	145.2294
122.000000	87.827	145.2029
124.099998	87.722	145.2312
125.000000	87.679	145.2665
126.500000	87.611	145.3536
128.000000	87.550	145.4655
131.500000	87.435	145.6071
132.000000	87.419	145.6027
134.000000	87.354	145.5502
136.000000	87.281	145.4937
138.000000	87.199	145.4485
140.000000	87.114	145.4214
143.000000	86.983	145.3578
145.000000	86.890	145.3730
147.500000	86.775	145.4913
150.000000	86.670	145.6729
152.500000	86.574	145.8530
155.000000	86.471	146.1230
157.500000	86.386	146.6052
160.000000	86.352	147.0771
162.500000	86.347	147.1260
165.000000	86.313	146.8558
167.500000	86.239	146.6067
170.000000	86.147	146.4843
172.500000	86.053	146.4748
175.000000	85.963	146.5287
177.500000	85.878	146.6128
180.000000	85.792	146.7106
182.500000	85.705	146.8362
185.000000	85.623	147.0106
187.500000	85.547	147.2210
190.000000	85.482	147.4182
192.500000	85.423	147.5733
195.000000	85.364	147.6914
197.500000	85.302	147.7859
200.000000	85.235	147.8755
203.000000	85.150	148.0036
206.000000	85.066	148.1563
209.000000	84.985	148.3364
212.000000	84.908	148.5184
214.000000	84.856	148.6290
218.000000	84.757	148.8975
220.000000	84.709	149.0372
224.000000	84.612	149.3059
227.000000	84.542	149.5156
230.000000	84.475	149.7340
233.000000	84.407	149.9326
236.000000	84.341	150.1496
240.000000	84.255	150.4586
243.000000	84.191	150.6884
247.000000	84.107	150.9802
250.000000	84.045	151.1949
254.000000	83.962	151.5105
258.000000	83.882	151.8463
262.000000	83.807	152.1892
265.000000	83.753	152.4456
269.000000	83.684	152.7682
272.000000	83.633	152.9982
276.000000	83.563	153.3043
280.000000	83.494	153.6247
285.000000	83.409	154.0357
290.000000	83.328	154.4218
295.000000	83.251	154.8162
300.000000	83.173	155.2166
304.000000	83.111	155.5612
307.000000	83.066	155.8223
311.000000	83.008	156.1691
315.000000	82.952	156.5234
320.000000	82.886	156.9704
325.000000	82.824	157.4072
330.000000	82.763	157.8287
335.000000	82.705	158.2368
340.000000	82.646	158.6393
345.000000	82.585	159.0408
350.000000	82.526	159.4453
355.000000	82.470	159.8676
360.000000	82.417	160.2878
365.000000	82.365	160.7032
370.000000	82.314	161.1145
375.000000	82.263	161.5211
382.000000	82.193	162.1013
387.000000	82.145	162.5213
395.000000	82.072	163.1905
400.000000	82.028	163.6192
406.000000	81.980	164.1238
412.000000	81.933	164.6073
418.000000	81.887	165.0887
425.000000	81.834	165.6502
431.000000	81.792	166.1294
437.000000	81.750	166.6044
444.000000	81.701	167.1648
450.000000	81.661	167.6470
455.000000	81.629	168.0562
462.000000	81.585	168.6208
468.000000	81.548	169.0983
475.000000	81.507	169.6626
482.000000	81.468	170.2254
487.000000	81.441	170.6235
494.000000	81.405	171.1808
500.000000	81.375	171.6597
508.000000	81.337	172.2933
515.000000	81.305	172.8426
522.000000	81.275	173.3912
530.000000	81.242	174.0196
538.000000	81.210	174.6492
545.000000	81.183	175.1958
552.000000	81.158	175.7402
560.000000	81.131	176.3596
570.000000	81.098	177.1395
580.000000	81.070	177.9159
590.000000	81.044	178.6859
600.000000	81.020	179.4532
608.000000	81.002	-179.9321
615.000000	80.988	-179.3951
622.000000	80.975	-178.8571
630.000000	80.961	-178.2424
640.000000	80.945	-177.4738
650.000000	80.932	-176.7063
660.000000	80.921	-175.9410
670.000000	80.912	-175.1719
680.000000	80.906	-174.4062
690.000000	80.902	-173.6452
700.000000	80.899	-172.8801
710.000000	80.899	-172.1152
720.000000	80.902	-171.3502
730.000000	80.907	-170.5863
740.000000	80.914	-169.8238
750.000000	80.923	-169.0603
762.000000	80.937	-168.1422
775.000000	80.957	-167.1506
788.000000	80.982	-166.1628
800.000000	81.009	-165.2512
812.000000	81.041	-164.3495
825.000000	81.081	-163.3774
838.000000	81.125	-162.4147
850.000000	81.170	-161.5356
862.000000	81.219	-160.6649
875.000000	81.276	-159.7344
885.000000	81.323	-159.0273
900.000000	81.399	-157.9815
912.000000	81.464	-157.1650
925.000000	81.539	-156.3005
938.000000	81.618	-155.4566
950.000000	81.694	-154.7000
962.000000	81.775	-153.9675
975.000000	81.866	-153.2024
988.000000	81.960	-152.4667
1000.000000	82.050	-151.8177
1015.000000	82.165	-151.0468
1030.000000	82.284	-150.3172
1044.000000	82.396	-149.6761
1060.000000	82.525	-148.9904
1075.000000	82.648	-148.3924
1090.000000	82.770	-147.8363
1106.000000	82.900	-147.2854
1120.000000	83.013	-146.8386
1138.000000	83.157	-146.3038
1150.000000	83.253	-145.9722
1172.000000	83.426	-145.4150
1180.000000	83.487	-145.2253
1206.000000	83.684	-144.6516
1220.000000	83.787	-144.3665
1241.000000	83.940	-143.9664
1250.000000	84.005	-143.8006
1265.000000	84.112	-143.5322
1280.000000	84.218	-143.2768
1315.000000	84.462	-142.7288
1320.000000	84.497	-142.6546
1340.000000	84.635	-142.3673
1360.000000	84.774	-142.0989
1380.000000	84.912	-141.8531
1400.000000	85.050	-141.6294
1430.000000	85.257	-141.3388
1450.000000	85.394	-141.1749
1475.000000	85.564	-141.0081
1500.000000	85.732	-140.8799
1525.000000	85.896	-140.7897
1550.000000	86.058	-140.7285
1575.000000	86.217	-140.6931
1600.000000	86.373	-140.6786
1625.000000	86.527	-140.6859
1650.000000	86.679	-140.7090
1675.000000	86.830	-140.7473
1700.000000	86.980	-140.8046
1725.000000	87.129	-140.8800
1750.000000	87.278	-140.9697
1775.000000	87.426	-141.0788
1800.000000	87.573	-141.2087
1825.000000	87.720	-141.3615
1850.000000	87.868	-141.5417
1875.000000	88.015	-141.7504
1900.000000	88.163	-141.9884
1925.000000	88.309	-142.2581
1950.000000	88.456	-142.5613
1975.000000	88.601	-142.8999
2000.000000	88.745	-143.2734
2030.000000	88.915	-143.7684
2060.000000	89.082	-144.3159
2090.000000	89.246	-144.9152
2120.000000	89.405	-145.5687
2140.000000	89.507	-146.0341
2180.000000	89.704	-147.0302
2200.000000	89.798	-147.5594
2240.000000	89.977	-148.6811
2270.000000	90.101	-149.5712
2300.000000	90.217	-150.5000
2330.000000	90.323	-151.4626
2360.000000	90.419	-152.4534
2400.000000	90.530	-153.8086
2430.000000	90.602	-154.8434
2470.000000	90.680	-156.2331
2500.000000	90.726	-157.2767
2540.000000	90.770	-158.6610
2580.000000	90.795	-160.0171
2620.000000	90.800	-161.3289
2650.000000	90.792	-162.2740
2690.000000	90.766	-163.4646
2720.000000	90.737	-164.2950
2760.000000	90.685	-165.2974
2800.000000	90.624	-166.1487
2850.000000	90.548	-166.9810
2900.000000	90.494	-167.6046
2950.000000	90.471	-168.1837
3000.000000	90.464	-168.8820
3040.000000	90.455	-169.5322
3070.000000	90.440	-170.0457
3110.000000	90.410	-170.7273
3150.000000	90.368	-171.3732
3200.000000	90.307	-172.1027
3250.000000	90.238	-172.7395
3300.000000	90.167	-173.2826
3350.000000	90.097	-173.7466
3400.000000	90.029	-174.1432
3450.000000	89.963	-174.4807
3500.000000	89.896	-174.7591
3550.000000	89.832	-174.9571
3600.000000	89.773	-175.0642
3650.000000	89.727	-175.0988
3700.000000	89.695	-175.0913
3750.000000	89.677	-175.0822
3820.000000	89.671	-175.1079
3870.000000	89.677	-175.1623
3950.000000	89.700	-175.3246
4000.000000	89.721	-175.4700
4060.000000	89.753	-175.7000
4120.000000	89.790	-176.0008
4180.000000	89.830	-176.3729
4250.000000	89.880	-176.9098
4310.000000	89.922	-177.4616
4370.000000	89.961	-178.0978
4440.000000	90.001	-178.9533
4500.000000	90.027	-179.7827
4550.000000	90.041	179.4638
4620.000000	90.045	178.3192
4680.000000	90.031	177.2673
4750.000000	89.990	175.9888
4820.000000	89.921	174.6931
4870.000000	89.853	173.7815
4940.000000	89.733	172.5690
5000.000000	89.612	171.6180
5080.000000	89.430	170.4948
5150.000000	89.258	169.6515
5220.000000	89.077	168.9312
5300.000000	88.860	168.2475
5380.000000	88.633	167.7286
5450.000000	88.429	167.4213
5520.000000	88.223	167.2536
5600.000000	87.989	167.2406
5700.000000	87.704	167.4880
5800.000000	87.436	168.0051
5900.000000	87.194	168.7691
6000.000000	86.982	169.7357
6080.000000	86.837	170.6295
6150.000000	86.729	171.4847
6220.000000	86.641	172.3912
6300.000000	86.563	173.4676
6400.000000	86.503	174.8457
6500.000000	86.483	176.2223
6600.000000	86.499	177.5521
6700.000000	86.550	178.8111
6800.000000	86.631	-179.9985
6900.000000	86.740	-178.8593
7000.000000	86.883	-177.7297
7100.000000	87.075	-176.5935
7200.000000	87.336	-175.5194
7300.000000	87.684	-174.6557
7400.000000	88.130	-174.2319
7500.000000	88.666	-174.5526
7620.000000	89.389	-176.3548
7750.000000	90.175	179.4992
7880.000000	90.798	172.8562
8000.000000	91.063	164.9187
8120.000000	90.927	156.2491
8250.000000	90.320	147.3376
8380.000000	89.321	140.0502
8500.000000	88.188	135.3473
8620.000000	86.980	132.6082
8750.000000	85.690	131.4906
8850.000000	84.745	131.6521
9000.000000	83.430	133.1266
9120.000000	82.463	135.1076
9250.000000	81.492	137.9047
9380.000000	80.595	141.3417
9500.000000	79.842	145.0618
9620.000000	79.173	149.2270
9750.000000	78.551	154.0798
9880.000000	78.029	159.1199
10000.000000	77.623	163.8483
10150.000000	77.200	169.8522
10300.000000	76.857	176.0318
10440.000000	76.609	-177.9306
10600.000000	76.427	-170.5373
10750.000000	76.407	-162.9845
10900.000000	76.613	-154.9031
11060.000000	77.171	-146.3170
11200.000000	77.956	-139.7971
11380.000000	79.225	-134.0347
11500.000000	80.106	-131.9613
11720.000000	81.612	-130.8205
11800.000000	82.120	-130.9598
12060.000000	83.704	-132.8715
12200.000000	84.541	-135.0118
12410.000000	85.724	-140.2651
12500.000000	86.164	-143.3504
12650.000000	86.737	-149.5054
12800.000000	87.051	-156.5473
13150.000000	86.613	-172.5051
13200.000000	86.436	-174.3281
13400.000000	85.581	-179.7998
13600.000000	84.706	177.4941
13800.000000	83.987	176.4137
14000.000000	83.377	175.8281
14300.000000	82.526	176.5664
14500.000000	82.137	178.2866
14750.000000	81.961	-179.4042
15000.000000	82.104	-178.1842
15250.000000	82.462	-179.3329
15500.000000	82.804	176.1243
15750.000000	82.785	168.3484
16000.000000	82.133	159.1362
16250.000000	80.809	150.9631
16500.000000	78.997	145.7184
16750.000000	76.977	144.0356
17000.000000	74.987	145.4667
17250.000000	73.161	149.1465
17500.000000	71.556	154.2977
17750.000000	70.179	160.3149
18000.000000	69.022	166.8865
18250.000000	68.090	173.8771
18500.000000	67.421	-178.8730
18750.000000	67.078	-171.7318
19000.000000	67.128	-165.6491
19250.000000	67.518	-162.3781
19500.000000	67.947	-163.4082
19750.000000	68.028	-168.0972
20000.000000	67.833	-172.7442
