* Measurement data measured by REW V5.31.3
* Source: Microphone (JadeAudio JA11), MICROPHONE (Master Volume), R, volume: 0.250
* Format: 256k Log Swept Sine, 1 sweep at -2.9 dBFS with no timing reference
* Dated: Mar 14, 2025 9:21:14 PM
* REW Settings:
*  C-weighting compensation: Off
*  Target level: 75.0 dB
* Note: 
* Measurement: L EW100P (SBC, Final E)
* Smoothing: 1/24 octave
* Frequency Step: 1/48 octave
* Start Frequency: 20.000 Hz
*
* Freq(Hz)	SPL(dB)	Phase(degrees)
20.000000	84.729	-45.3305
20.299999	84.781	-47.5307
20.600000	84.831	-49.6971
20.900000	84.880	-51.8313
21.200001	84.929	-53.9400
21.400000	84.962	-55.3359
21.799999	85.028	-58.1150
22.000000	85.060	-59.5008
22.400000	85.121	-62.2654
22.700001	85.163	-64.3280
23.000000	85.202	-66.3756
23.299999	85.239	-68.4043
23.600000	85.273	-70.4129
24.000000	85.316	-73.0616
24.299999	85.347	-75.0292
24.700001	85.386	-77.6312
25.000000	85.414	-79.5670
25.400000	85.448	-82.1258
25.799999	85.480	-84.6562
26.200001	85.509	-87.1565
26.500000	85.530	-89.0124
26.900000	85.557	-91.4633
27.200001	85.577	-93.2860
27.600000	85.603	-95.6992
28.000000	85.628	-98.0956
28.500000	85.656	-101.0688
29.000000	85.682	-104.0142
29.500000	85.704	-106.9270
30.000000	85.725	-109.8075
30.400000	85.741	-112.0934
30.700001	85.752	-113.7999
31.100000	85.765	-116.0669
31.500000	85.777	-118.3232
32.000000	85.787	-121.1217
32.500000	85.794	-123.8871
33.000000	85.798	-126.6154
33.500000	85.802	-129.3100
34.000000	85.806	-131.9767
34.500000	85.810	-134.6199
35.000000	85.813	-137.2427
35.500000	85.816	-139.8458
36.000000	85.817	-142.4271
36.500000	85.818	-144.9814
37.000000	85.819	-147.5075
37.500000	85.822	-150.0157
38.200001	85.828	-153.5289
38.700001	85.830	-156.0486
39.500000	85.821	-160.0603
40.000000	85.811	-162.5305
40.599998	85.796	-165.4545
41.200001	85.779	-168.3435
41.799999	85.761	-171.1968
42.500000	85.741	-174.4799
43.099998	85.726	-177.2724
43.700001	85.713	179.9401
44.400002	85.696	176.6989
45.000000	85.682	173.9334
45.500000	85.670	171.6333
46.200001	85.651	168.4282
46.799999	85.631	165.7196
47.500000	85.612	162.6066
48.200001	85.596	159.5107
48.700001	85.583	157.3109
49.400002	85.563	154.2710
50.000000	85.548	151.6893
50.799999	85.525	148.2433
51.500000	85.495	145.2661
52.200001	85.464	142.3393
53.000000	85.424	138.9801
53.799999	85.361	135.7298
54.500000	85.318	133.1124
55.200001	85.323	130.4790
56.000000	85.344	127.1008
57.000000	85.304	122.6773
58.000000	85.242	118.5298
59.000000	85.197	114.4442
60.000000	85.148	110.3881
60.799999	85.110	107.1973
61.500000	85.076	104.4381
62.200001	85.043	101.7211
63.000000	85.010	98.6491
64.000000	84.973	94.8099
65.000000	84.933	90.9872
66.000000	84.892	87.2051
67.000000	84.850	83.4529
68.000000	84.807	79.7372
69.000000	84.764	76.0556
70.000000	84.721	72.3868
71.000000	84.675	68.7259
72.000000	84.628	65.0803
73.000000	84.581	61.4466
74.000000	84.534	57.8177
75.000000	84.486	54.2221
76.199997	84.435	49.9617
77.500000	84.382	45.3682
78.800003	84.323	40.8292
80.000000	84.270	36.7038
81.199997	84.218	32.5974
82.500000	84.162	28.1521
83.800003	84.104	23.7332
85.000000	84.052	19.6782
86.199997	83.999	15.6481
87.500000	83.940	11.3072
88.500000	83.893	7.9897
90.000000	83.820	3.0430
91.199997	83.763	-0.9021
92.500000	83.700	-5.1439
93.800003	83.640	-9.3394
95.000000	83.585	-13.1632
96.199997	83.533	-16.9186
97.500000	83.480	-20.9318
98.800003	83.432	-24.8900
100.000000	83.397	-28.5200
101.500000	83.364	-33.1202
103.000000	83.331	-37.7918
104.400002	83.295	-42.1858
106.000000	83.243	-47.2069
107.500000	83.184	-51.8744
109.000000	83.124	-56.4816
110.599998	83.065	-61.3706
112.000000	83.015	-65.6395
113.800003	82.949	-71.0643
115.000000	82.907	-74.6386
117.199997	82.832	-81.1257
118.000000	82.804	-83.4711
120.599998	82.712	-91.0327
122.000000	82.663	-95.0906
124.099998	82.586	-101.1731
125.000000	82.551	-103.7683
126.500000	82.495	-108.0814
128.000000	82.439	-112.3778
131.500000	82.313	-122.2634
132.000000	82.295	-123.6578
134.000000	82.226	-129.1924
136.000000	82.156	-134.6025
138.000000	82.108	-139.8661
140.000000	82.082	-145.1655
143.000000	82.046	-153.3943
145.000000	82.000	-158.9885
147.500000	81.938	-165.8616
150.000000	81.880	-172.6921
152.500000	81.804	-179.4380
155.000000	81.730	173.8936
157.500000	81.664	167.2308
160.000000	81.600	160.6204
162.500000	81.537	154.0828
165.000000	81.475	147.5800
167.500000	81.416	141.1288
170.000000	81.359	134.7145
172.500000	81.299	128.3603
175.000000	81.240	122.0741
177.500000	81.182	115.7852
180.000000	81.123	109.5149
182.500000	81.074	103.3102
185.000000	81.035	97.1150
187.500000	80.991	90.9180
190.000000	80.940	84.7289
192.500000	80.879	78.5713
195.000000	80.817	72.5482
197.500000	80.770	66.5665
200.000000	80.738	60.5103
203.000000	80.703	53.2122
206.000000	80.663	46.0317
209.000000	80.613	39.0073
212.000000	80.559	31.9749
214.000000	80.522	27.2426
218.000000	80.458	17.7916
220.000000	80.428	13.0897
224.000000	80.367	3.8086
227.000000	80.320	-3.1125
230.000000	80.271	-10.0320
233.000000	80.231	-16.9427
236.000000	80.194	-23.7645
240.000000	80.140	-32.7300
243.000000	80.099	-39.4753
247.000000	80.048	-48.4617
250.000000	80.011	-55.1547
254.000000	79.965	-64.0072
258.000000	79.921	-72.7839
262.000000	79.873	-81.5314
265.000000	79.837	-88.0416
269.000000	79.789	-96.6920
272.000000	79.755	-103.1801
276.000000	79.714	-111.7852
280.000000	79.677	-120.3509
285.000000	79.630	-130.9631
290.000000	79.581	-141.4976
295.000000	79.536	-151.9963
300.000000	79.492	-162.3717
304.000000	79.455	-170.6345
307.000000	79.428	-176.8215
311.000000	79.391	174.9801
315.000000	79.353	166.8535
320.000000	79.302	156.7800
325.000000	79.252	146.7566
330.000000	79.214	136.7966
335.000000	79.192	126.9442
340.000000	79.187	117.1416
345.000000	79.183	107.2776
350.000000	79.168	97.3566
355.000000	79.147	87.5120
360.000000	79.119	77.7646
365.000000	79.090	68.0905
370.000000	79.061	58.4823
375.000000	79.033	48.9423
382.000000	78.992	35.6829
387.000000	78.962	26.2634
395.000000	78.916	11.2777
400.000000	78.890	1.9762
406.000000	78.864	-9.1150
412.000000	78.841	-20.1410
418.000000	78.818	-31.1050
425.000000	78.792	-43.7915
431.000000	78.768	-54.5702
437.000000	78.747	-65.3022
444.000000	78.726	-77.7673
450.000000	78.707	-88.3638
455.000000	78.691	-97.1389
462.000000	78.670	-109.3337
468.000000	78.653	-119.7109
475.000000	78.629	-131.7761
482.000000	78.609	-143.7981
487.000000	78.597	-152.3350
494.000000	78.581	-164.1951
500.000000	78.566	-174.3186
508.000000	78.548	172.2454
515.000000	78.533	160.5825
522.000000	78.520	149.0165
530.000000	78.507	135.8960
538.000000	78.496	122.8666
545.000000	78.488	111.5433
552.000000	78.478	100.3058
560.000000	78.464	87.5481
570.000000	78.446	71.6921
580.000000	78.431	55.9553
590.000000	78.424	40.3811
600.000000	78.418	24.9508
608.000000	78.416	12.6870
615.000000	78.414	2.0159
622.000000	78.410	-8.6057
630.000000	78.404	-20.6680
640.000000	78.397	-35.6234
650.000000	78.397	-50.4364
660.000000	78.404	-65.1011
670.000000	78.412	-79.6255
680.000000	78.417	-94.0391
690.000000	78.418	-108.3687
700.000000	78.420	-122.6316
710.000000	78.427	-136.7869
720.000000	78.436	-150.8123
730.000000	78.448	-164.7318
740.000000	78.465	-178.5178
750.000000	78.485	167.8073
762.000000	78.508	151.5193
775.000000	78.534	134.0559
788.000000	78.566	116.7722
800.000000	78.602	100.9570
812.000000	78.641	85.2814
825.000000	78.683	68.4636
838.000000	78.723	51.7706
850.000000	78.766	36.4839
862.000000	78.815	21.3447
875.000000	78.873	5.0802
885.000000	78.921	-7.3424
900.000000	78.995	-25.8453
912.000000	79.058	-40.5278
925.000000	79.132	-56.3140
938.000000	79.210	-71.9543
950.000000	79.287	-86.2454
962.000000	79.371	-100.4219
975.000000	79.465	-115.6860
988.000000	79.560	-130.8579
1000.000000	79.647	-144.7927
1015.000000	79.753	-162.1511
1030.000000	79.865	-179.4045
1044.000000	79.973	164.6453
1060.000000	80.098	146.5649
1075.000000	80.215	129.7747
1090.000000	80.330	113.1343
1106.000000	80.454	95.5090
1120.000000	80.564	80.1870
1138.000000	80.700	60.6128
1150.000000	80.785	47.6558
1172.000000	80.945	24.1155
1180.000000	81.006	15.6155
1206.000000	81.190	-11.7766
1220.000000	81.278	-26.3845
1241.000000	81.409	-48.1565
1250.000000	81.466	-57.4138
1265.000000	81.558	-72.7158
1280.000000	81.637	-87.9214
1315.000000	81.757	-122.9197
1320.000000	81.771	-127.8364
1340.000000	81.831	-147.2576
1360.000000	81.912	-166.2961
1380.000000	82.008	174.9536
1400.000000	82.108	156.3677
1430.000000	82.267	128.7839
1450.000000	82.370	110.6001
1475.000000	82.492	88.1191
1500.000000	82.611	65.9324
1525.000000	82.730	44.1113
1550.000000	82.847	22.6272
1575.000000	82.962	1.4148
1600.000000	83.070	-19.5549
1625.000000	83.172	-40.2781
1650.000000	83.276	-60.7202
1675.000000	83.379	-80.8064
1700.000000	83.482	-100.5793
1725.000000	83.585	-120.0615
1750.000000	83.686	-139.2693
1775.000000	83.790	-158.2290
1800.000000	83.896	-176.9316
1825.000000	84.000	164.6140
1850.000000	84.102	146.3918
1875.000000	84.203	128.4346
1900.000000	84.304	110.7546
1925.000000	84.406	93.3540
1950.000000	84.506	76.2192
1975.000000	84.605	59.3218
2000.000000	84.702	42.6401
2030.000000	84.815	22.8977
2060.000000	84.926	3.4441
2090.000000	85.034	-15.7224
2120.000000	85.138	-34.5903
2140.000000	85.208	-46.9888
2180.000000	85.354	-71.3118
2200.000000	85.424	-83.2507
2240.000000	85.554	-106.7495
2270.000000	85.647	-124.0474
2300.000000	85.733	-141.0449
2330.000000	85.810	-157.7578
2360.000000	85.881	-174.1663
2400.000000	85.967	164.5076
2430.000000	86.031	148.9529
2470.000000	86.124	128.8052
2500.000000	86.203	114.0781
2540.000000	86.327	94.8157
2580.000000	86.456	75.8457
2620.000000	86.574	57.1733
2650.000000	86.659	43.5081
2690.000000	86.776	25.9292
2720.000000	86.882	13.2227
2760.000000	87.073	-3.2720
2800.000000	87.312	-19.5652
2850.000000	87.618	-39.9116
2900.000000	87.902	-60.1074
2950.000000	88.137	-79.9346
3000.000000	88.305	-99.2805
3040.000000	88.396	-114.2224
3070.000000	88.454	-125.0444
3110.000000	88.517	-138.9978
3150.000000	88.556	-152.4978
3200.000000	88.586	-168.8086
3250.000000	88.607	175.5972
3300.000000	88.621	160.6162
3350.000000	88.633	146.2095
3400.000000	88.661	132.4404
3450.000000	88.704	119.3567
3500.000000	88.755	106.8948
3550.000000	88.807	95.0005
3600.000000	88.858	83.6074
3650.000000	88.909	72.6528
3700.000000	88.954	62.0559
3750.000000	88.981	51.7280
3820.000000	88.977	37.9031
3870.000000	88.950	28.7566
3950.000000	88.858	15.6086
4000.000000	88.763	8.2498
4060.000000	88.629	0.1914
4120.000000	88.507	-7.0259
4180.000000	88.429	-13.4622
4250.000000	88.380	-20.1602
4310.000000	88.347	-25.3398
4370.000000	88.304	-29.9189
4440.000000	88.243	-34.2681
4500.000000	88.173	-37.2031
4550.000000	88.099	-39.2314
4620.000000	87.981	-41.4995
4680.000000	87.873	-42.8469
4750.000000	87.743	-43.6086
4820.000000	87.613	-43.4951
4870.000000	87.519	-42.9021
4940.000000	87.384	-41.3086
5000.000000	87.268	-39.1133
5080.000000	87.111	-35.1406
5150.000000	86.952	-31.0098
5220.000000	86.779	-26.4004
5300.000000	86.574	-20.3259
5380.000000	86.376	-13.1633
5450.000000	86.197	-6.0710
5520.000000	86.010	1.7476
5600.000000	85.783	11.6453
5700.000000	85.490	25.5383
5800.000000	85.162	40.7749
5900.000000	84.782	57.1084
6000.000000	84.348	74.8552
6080.000000	83.975	90.3752
6150.000000	83.633	104.9556
6220.000000	83.285	120.5103
6300.000000	82.891	139.6003
6400.000000	82.444	165.6838
6500.000000	82.099	-165.9619
6600.000000	81.926	-136.1995
6700.000000	81.877	-106.4282
6800.000000	81.847	-76.1975
6900.000000	81.843	-44.6514
7000.000000	81.902	-11.8330
7100.000000	82.032	22.0649
7200.000000	82.232	56.8188
7300.000000	82.493	92.3074
7400.000000	82.810	128.4851
7500.000000	83.171	165.1584
7620.000000	83.628	-150.7598
7750.000000	84.105	-103.3169
7880.000000	84.489	-56.2178
8000.000000	84.670	-12.9395
8120.000000	84.605	30.5647
8250.000000	84.202	78.8779
8380.000000	83.467	129.6660
8500.000000	82.545	179.4607
8620.000000	81.465	-127.7859
8750.000000	80.208	-67.3169
8850.000000	79.228	-18.6006
9000.000000	77.780	57.9849
9120.000000	76.665	122.5627
9250.000000	75.519	-164.2305
9380.000000	74.479	-87.5227
9500.000000	73.692	-13.0020
9620.000000	73.191	64.7925
9750.000000	73.148	154.0210
9880.000000	73.731	-114.0439
10000.000000	74.711	-32.4855
10150.000000	76.107	60.1711
10300.000000	77.233	145.4829
10440.000000	77.803	-136.8435
10600.000000	77.912	-44.8945
10750.000000	77.678	47.3195
10900.000000	77.314	144.0808
11060.000000	76.932	-108.5449
11200.000000	76.665	-11.9645
11380.000000	76.447	114.7272
11500.000000	76.389	-158.8369
11720.000000	76.466	2.8165
11800.000000	76.548	62.2759
12060.000000	77.011	-101.5292
12200.000000	77.384	5.9312
12410.000000	78.096	167.6266
12500.000000	78.455	-122.6331
12650.000000	79.102	-5.4823
12800.000000	79.769	107.3364
13150.000000	81.078	14.5233
13200.000000	81.190	51.9091
13400.000000	81.361	-159.4120
13600.000000	81.064	-9.5280
13800.000000	80.391	148.1029
14000.000000	79.511	-45.5813
14300.000000	78.175	-148.3164
14500.000000	77.448	29.1970
14750.000000	76.825	-100.0944
15000.000000	76.561	127.5273
15250.000000	76.699	2.8936
15500.000000	77.362	-107.7698
15750.000000	78.678	126.4133
16000.000000	80.619	1.7336
16250.000000	82.486	-85.0566
16500.000000	82.936	59.1116
16750.000000	81.196	-146.9246
17000.000000	77.918	116.7205
17250.000000	74.302	14.2095
17500.000000	71.105	-69.7271
17750.000000	68.484	-164.8472
18000.000000	66.321	109.1699
18250.000000	64.486	4.5649
18500.000000	62.876	-77.3291
18750.000000	61.399	-159.5376
19000.000000	59.900	112.0454
19250.000000	58.196	31.2666
19500.000000	56.413	-60.9106
19750.000000	54.936	-163.6440
20000.000000	54.104	157.6880
