* Measurement data measured by REW V5.31.3
* Source: Microphone (JadeAudio JA11), MICROPHONE (Master Volume), R, volume: 0.250
* Format: 256k Log Swept Sine, 1 sweep at -2.9 dBFS with no timing reference
* Dated: Mar 20, 2025 8:59:40 AM
* REW Settings:
*  C-weighting compensation: Off
*  Target level: 75.0 dB
* Note: 
* Measurement: R EW100P (SBC, ET4)
* Smoothing: 1/24 octave
* Frequency Step: 1/48 octave
* Start Frequency: 20.000 Hz
*
* Freq(Hz)	SPL(dB)	Phase(degrees)
20.000000	85.283	-50.8490
20.299999	85.339	-53.1658
20.600000	85.394	-55.4627
20.900000	85.449	-57.7469
21.200001	85.502	-60.0229
21.400000	85.535	-61.5354
21.799999	85.598	-64.5436
22.000000	85.628	-66.0356
22.400000	85.683	-68.9885
22.700001	85.722	-71.1741
23.000000	85.760	-73.3370
23.299999	85.798	-75.4812
23.600000	85.835	-77.6104
24.000000	85.882	-80.4284
24.299999	85.915	-82.5248
24.700001	85.957	-85.2932
25.000000	85.986	-87.3478
25.400000	86.024	-90.0601
25.799999	86.060	-92.7469
26.200001	86.095	-95.4136
26.500000	86.119	-97.4011
26.900000	86.149	-100.0327
27.200001	86.170	-101.9914
27.600000	86.196	-104.5838
28.000000	86.220	-107.1578
28.500000	86.248	-110.3545
29.000000	86.272	-113.5247
29.500000	86.292	-116.6574
30.000000	86.312	-119.7497
30.400000	86.329	-122.2039
30.700001	86.343	-124.0407
31.100000	86.360	-126.4905
31.500000	86.375	-128.9397
32.000000	86.389	-131.9856
32.500000	86.398	-134.9938
33.000000	86.405	-137.9548
33.500000	86.411	-140.8739
34.000000	86.419	-143.7604
34.500000	86.427	-146.6228
35.000000	86.436	-149.4720
35.500000	86.446	-152.3213
36.000000	86.451	-155.1761
36.500000	86.451	-158.0212
37.000000	86.444	-160.8287
37.500000	86.436	-163.5805
38.200001	86.431	-167.3672
38.700001	86.433	-170.0731
39.500000	86.432	-174.4440
40.000000	86.423	-177.1638
40.599998	86.407	179.6378
41.200001	86.394	176.5097
41.799999	86.388	173.4033
42.500000	86.381	169.7648
43.099998	86.370	166.6564
43.700001	86.356	163.5829
44.400002	86.341	160.0205
45.000000	86.325	156.9666
45.500000	86.306	154.4410
46.200001	86.277	150.9832
46.799999	86.259	148.0797
47.500000	86.251	144.6716
48.200001	86.242	141.1959
48.700001	86.228	138.7039
49.400002	86.202	135.2581
50.000000	86.181	132.3466
50.799999	86.153	128.4902
51.500000	86.127	125.1420
52.200001	86.099	121.8415
53.000000	86.074	118.1140
53.799999	86.053	114.3783
54.500000	86.033	111.0872
55.200001	86.005	107.8070
56.000000	85.969	104.1057
57.000000	85.922	99.5419
58.000000	85.874	95.0617
59.000000	85.837	90.6345
60.000000	85.804	86.1826
60.799999	85.775	82.6199
61.500000	85.748	79.5075
62.200001	85.719	76.4021
63.000000	85.681	72.8885
64.000000	85.635	68.5606
65.000000	85.591	64.2696
66.000000	85.549	60.0065
67.000000	85.509	55.7592
68.000000	85.469	51.5137
69.000000	85.426	47.2769
70.000000	85.380	43.0713
71.000000	85.334	38.8987
72.000000	85.288	34.7677
73.000000	85.244	30.6841
74.000000	85.203	26.6119
75.000000	85.160	22.5411
76.199997	85.105	17.6854
77.500000	85.045	12.4456
78.800003	84.986	7.2375
80.000000	84.935	2.4542
81.199997	84.885	-2.2947
82.500000	84.834	-7.3923
83.800003	84.782	-12.4789
85.000000	84.730	-17.1484
86.199997	84.676	-21.7854
87.500000	84.618	-26.7889
88.500000	84.575	-30.6111
90.000000	84.516	-36.3063
91.199997	84.472	-40.8439
92.500000	84.423	-45.7430
93.800003	84.368	-50.6177
95.000000	84.313	-55.0772
96.199997	84.258	-59.4890
97.500000	84.208	-64.2734
98.800003	84.159	-69.1044
100.000000	84.110	-73.5424
101.500000	84.054	-79.0521
103.000000	84.001	-84.5282
104.400002	83.951	-89.5934
106.000000	83.891	-95.3257
107.500000	83.833	-100.6617
109.000000	83.776	-105.9862
110.599998	83.716	-111.6809
112.000000	83.665	-116.6516
113.800003	83.605	-122.9983
115.000000	83.564	-127.2089
117.199997	83.484	-134.8618
118.000000	83.454	-137.6276
120.599998	83.364	-146.6075
122.000000	83.316	-151.4285
124.099998	83.245	-158.5991
125.000000	83.215	-161.6559
126.500000	83.165	-166.7610
128.000000	83.114	-171.8733
131.500000	83.001	176.2946
132.000000	82.985	174.6234
134.000000	82.925	167.9704
136.000000	82.867	161.3400
138.000000	82.812	154.6642
140.000000	82.752	148.0209
143.000000	82.673	138.2180
145.000000	82.619	131.7121
147.500000	82.548	123.6459
150.000000	82.478	115.5955
152.500000	82.405	107.5605
155.000000	82.337	99.5514
157.500000	82.277	91.5926
160.000000	82.218	83.6998
162.500000	82.155	75.8643
165.000000	82.093	68.0317
167.500000	82.037	60.1956
170.000000	81.986	52.3748
172.500000	81.933	44.6341
175.000000	81.875	36.9780
177.500000	81.817	29.3292
180.000000	81.762	21.6322
182.500000	81.712	13.9567
185.000000	81.662	6.3469
187.500000	81.611	-1.2148
190.000000	81.561	-8.7539
192.500000	81.511	-16.2645
195.000000	81.462	-23.7433
197.500000	81.417	-31.2098
200.000000	81.374	-38.6698
203.000000	81.324	-47.5695
206.000000	81.277	-56.4004
209.000000	81.223	-65.2043
212.000000	81.164	-73.9968
214.000000	81.128	-79.8550
218.000000	81.066	-91.4799
220.000000	81.037	-97.2490
224.000000	80.966	-108.7634
227.000000	80.901	-117.3646
230.000000	80.854	-125.9183
233.000000	80.828	-134.4774
236.000000	80.798	-143.0239
240.000000	80.747	-154.3693
243.000000	80.711	-162.8458
247.000000	80.656	-174.0785
250.000000	80.617	177.5342
254.000000	80.572	166.3835
258.000000	80.521	155.2799
262.000000	80.469	144.2209
265.000000	80.440	135.9790
269.000000	80.406	125.0138
272.000000	80.372	116.7949
276.000000	80.321	105.8665
280.000000	80.276	95.0035
285.000000	80.234	81.4766
290.000000	80.196	68.0967
295.000000	80.148	54.7648
300.000000	80.103	41.4041
304.000000	80.071	30.7473
307.000000	80.046	22.7883
311.000000	80.015	12.2260
315.000000	79.987	1.7163
320.000000	79.951	-11.3636
325.000000	79.908	-24.3997
330.000000	79.865	-37.4087
335.000000	79.829	-50.3826
340.000000	79.799	-63.2887
345.000000	79.771	-76.0793
350.000000	79.739	-88.8181
355.000000	79.705	-101.5378
360.000000	79.671	-114.2142
365.000000	79.637	-126.8529
370.000000	79.611	-139.4502
375.000000	79.589	-151.9766
382.000000	79.555	-169.4037
387.000000	79.529	178.1965
395.000000	79.486	158.4045
400.000000	79.462	146.0742
406.000000	79.438	131.3632
412.000000	79.414	116.7405
418.000000	79.389	102.1837
425.000000	79.358	85.2749
431.000000	79.332	70.8052
437.000000	79.311	56.3926
444.000000	79.291	39.6671
450.000000	79.273	25.4138
455.000000	79.256	13.5902
462.000000	79.231	-2.8975
468.000000	79.208	-17.0006
475.000000	79.185	-33.4198
482.000000	79.170	-49.7445
487.000000	79.160	-61.3433
494.000000	79.145	-77.5023
500.000000	79.130	-91.2808
508.000000	79.106	-109.5704
515.000000	79.088	-125.5688
522.000000	79.074	-141.5137
530.000000	79.063	-159.6079
538.000000	79.054	-177.5925
545.000000	79.043	166.7463
552.000000	79.029	151.1487
560.000000	79.013	133.3685
570.000000	79.004	111.2208
580.000000	78.997	89.2281
590.000000	78.988	67.3859
600.000000	78.975	45.6609
608.000000	78.963	28.3400
615.000000	78.955	13.2306
622.000000	78.953	-1.8188
630.000000	78.954	-18.9149
640.000000	78.954	-40.1587
650.000000	78.955	-61.2942
660.000000	78.950	-82.3286
670.000000	78.945	-103.2847
680.000000	78.949	-124.1555
690.000000	78.958	-144.8857
700.000000	78.965	-165.4946
710.000000	78.974	174.0190
720.000000	78.982	153.6228
730.000000	78.989	133.2852
740.000000	79.002	113.0388
750.000000	79.021	92.9299
762.000000	79.044	68.9302
775.000000	79.071	43.1030
788.000000	79.098	17.4153
800.000000	79.124	-6.1980
812.000000	79.159	-29.6509
825.000000	79.207	-54.8774
838.000000	79.258	-79.9822
850.000000	79.305	-103.0430
862.000000	79.350	-126.0227
875.000000	79.399	-150.8403
885.000000	79.446	-169.8218
900.000000	79.529	161.9177
912.000000	79.601	139.4482
925.000000	79.681	115.2231
938.000000	79.759	91.0764
950.000000	79.832	68.8245
962.000000	79.907	46.6501
975.000000	79.996	22.7510
988.000000	80.092	-1.0439
1000.000000	80.185	-22.9148
1015.000000	80.301	-50.1343
1030.000000	80.417	-77.2522
1044.000000	80.526	-102.5066
1060.000000	80.654	-131.2280
1075.000000	80.777	-158.0327
1090.000000	80.902	175.2375
1106.000000	81.033	146.8303
1120.000000	81.146	122.0615
1138.000000	81.289	90.3027
1150.000000	81.381	69.2227
1172.000000	81.547	30.7812
1180.000000	81.605	16.8457
1206.000000	81.771	-28.2688
1220.000000	81.830	-52.4233
1241.000000	81.885	-88.3486
1250.000000	81.907	-103.6001
1265.000000	81.956	-128.8071
1280.000000	82.030	-153.8276
1315.000000	82.261	148.1343
1320.000000	82.294	139.8669
1340.000000	82.418	106.8667
1360.000000	82.529	73.9756
1380.000000	82.635	41.2515
1400.000000	82.737	8.7786
1430.000000	82.888	-39.4973
1450.000000	82.990	-71.4109
1475.000000	83.119	-111.0039
1500.000000	83.237	-150.3345
1525.000000	83.340	170.5239
1550.000000	83.444	131.6289
1575.000000	83.558	93.0310
1600.000000	83.668	54.7654
1625.000000	83.772	16.7859
1650.000000	83.875	-20.8584
1675.000000	83.977	-58.1831
1700.000000	84.080	-95.2549
1725.000000	84.187	-132.1343
1750.000000	84.299	-168.7856
1775.000000	84.409	154.8174
1800.000000	84.518	118.6685
1825.000000	84.624	82.7371
1850.000000	84.729	47.0273
1875.000000	84.835	11.5264
1900.000000	84.948	-23.7588
1925.000000	85.066	-58.7417
1950.000000	85.181	-93.4541
1975.000000	85.292	-127.9668
2000.000000	85.400	-162.2979
2030.000000	85.530	156.7334
2060.000000	85.666	116.0142
2090.000000	85.806	75.5620
2120.000000	85.947	35.4497
2140.000000	86.042	8.8906
2180.000000	86.227	-43.8169
2200.000000	86.318	-70.0044
2240.000000	86.498	-122.1221
2270.000000	86.635	-160.9712
2300.000000	86.776	160.4556
2330.000000	86.913	122.1997
2360.000000	87.048	84.2061
2400.000000	87.226	33.9629
2430.000000	87.358	-3.4585
2470.000000	87.523	-53.1260
2500.000000	87.647	-90.1694
2540.000000	87.813	-139.1025
2580.000000	87.969	172.4248
2620.000000	88.116	124.3154
2650.000000	88.221	88.4775
2690.000000	88.350	41.0029
2720.000000	88.443	5.6504
2760.000000	88.563	-41.0293
2800.000000	88.675	-87.2266
2850.000000	88.798	-144.4873
2900.000000	88.902	158.6641
2950.000000	88.987	102.3413
3000.000000	89.059	46.6094
3040.000000	89.105	2.5161
3070.000000	89.133	-30.3032
3110.000000	89.167	-73.7007
3150.000000	89.193	-116.7065
3200.000000	89.209	-170.0190
3250.000000	89.207	137.2207
3300.000000	89.193	85.0835
3350.000000	89.164	33.5566
3400.000000	89.123	-17.2896
3450.000000	89.087	-67.1914
3500.000000	89.047	-116.0894
3550.000000	88.993	-164.3262
3600.000000	88.929	147.9829
3650.000000	88.853	100.7754
3700.000000	88.773	54.0156
3750.000000	88.694	7.7891
3820.000000	88.586	-56.0625
3870.000000	88.502	-101.1177
3950.000000	88.371	-172.0176
4000.000000	88.291	144.5928
4060.000000	88.191	93.1382
4120.000000	88.095	42.2812
4180.000000	88.000	-8.0884
4250.000000	87.887	-66.2754
4310.000000	87.805	-115.2520
4370.000000	87.725	-163.3901
4440.000000	87.638	141.3735
4500.000000	87.564	94.7549
4550.000000	87.506	56.3384
4620.000000	87.430	3.2573
4680.000000	87.367	-41.7002
4750.000000	87.296	-93.5234
4820.000000	87.229	-144.5962
4870.000000	87.185	179.4033
4940.000000	87.128	129.6753
5000.000000	87.089	87.6797
5080.000000	87.052	32.5464
5150.000000	87.029	-15.0146
5220.000000	87.018	-61.9502
5300.000000	87.020	-114.7310
5380.000000	87.032	-166.7949
5450.000000	87.051	148.2305
5520.000000	87.080	103.7695
5600.000000	87.122	53.6128
5700.000000	87.167	-8.0464
5800.000000	87.168	-68.7734
5900.000000	87.087	-128.6108
6000.000000	86.889	172.5278
6080.000000	86.628	126.2148
6150.000000	86.332	86.4971
6220.000000	85.989	47.7676
6300.000000	85.562	4.8350
6400.000000	85.022	-46.8848
6500.000000	84.528	-96.6816
6600.000000	84.123	-144.8184
6700.000000	83.824	168.3857
6800.000000	83.629	122.6914
6900.000000	83.526	78.0400
7000.000000	83.499	34.2471
7100.000000	83.540	-8.7100
7200.000000	83.645	-50.8330
7300.000000	83.802	-92.2803
7400.000000	83.994	-133.3203
7500.000000	84.209	-173.9688
7620.000000	84.481	138.0098
7750.000000	84.730	86.3633
7880.000000	84.898	35.3701
8000.000000	84.935	-10.7051
8120.000000	84.808	-55.7324
8250.000000	84.445	-103.0791
8380.000000	83.842	-148.5801
8500.000000	83.097	171.3457
8620.000000	82.211	133.1758
8750.000000	81.143	94.0039
8850.000000	80.283	65.6943
9000.000000	78.979	26.5996
9120.000000	77.954	-1.8594
9250.000000	76.908	-29.8271
9380.000000	76.015	-54.7686
9500.000000	75.441	-75.3105
9620.000000	75.239	-94.1592
9750.000000	75.529	-113.9141
9880.000000	76.243	-134.4766
10000.000000	77.049	-154.8340
10150.000000	77.897	178.1826
10300.000000	78.337	150.7783
10440.000000	78.363	126.3232
10600.000000	78.075	100.8467
10750.000000	77.648	79.6553
10900.000000	77.200	61.2510
11060.000000	76.767	44.2871
11200.000000	76.450	31.2939
11380.000000	76.157	17.0039
11500.000000	76.035	8.9229
11720.000000	75.961	-3.0059
11800.000000	75.981	-6.4219
12060.000000	76.210	-14.6055
12200.000000	76.445	-17.3945
12410.000000	76.964	-19.5244
12500.000000	77.250	-19.7627
12650.000000	77.816	-19.3740
12800.000000	78.503	-18.1631
13150.000000	80.647	-13.4326
13200.000000	81.023	-12.6426
13400.000000	82.692	-9.7324
13600.000000	84.459	-8.7988
13800.000000	85.919	-11.3271
14000.000000	86.568	-16.3320
14300.000000	85.630	-19.5830
14500.000000	84.159	-14.0381
14750.000000	82.166	2.6074
15000.000000	80.482	27.9814
15250.000000	79.225	59.2070
15500.000000	78.386	94.0234
15750.000000	77.976	132.6602
16000.000000	77.945	173.9941
16250.000000	78.270	-143.0020
16500.000000	78.951	-99.1768
16750.000000	79.873	-56.9395
17000.000000	80.694	-19.1562
17250.000000	80.883	13.4922
17500.000000	80.037	45.2285
17750.000000	78.198	82.4590
18000.000000	75.776	129.2031
18250.000000	73.197	-174.6514
18500.000000	70.698	-111.6260
18750.000000	68.345	-44.2773
19000.000000	66.123	25.7637
19250.000000	64.023	100.3594
19500.000000	62.006	179.2393
19750.000000	60.100	-99.0967
20000.000000	58.825	-39.3105
