* Measurement data measured by REW V5.31.3
* Source: Microphone (JadeAudio JA11), MICROPHONE (Master Volume), R, volume: 0.250
* Format: 512k Log Swept Sine, 1 sweep at -12.0 dBFS with no timing reference
* Dated: Apr 7, 2025 9:23:50 PM
* REW Settings:
*  C-weighting compensation: Off
*  Target level: 75.0 dB
* Note: 
* Measurement: L EW300 (Silver nozzle, Velve
* Smoothing: 1/24 octave
* Frequency Step: 1/48 octave
* Start Frequency: 20.300 Hz
*
* Freq(Hz)	SPL(dB)	Phase(degrees)
20.299999	91.856	-176.4260
20.600000	91.861	-176.7150
20.900000	91.865	-177.0471
21.200001	91.866	-177.3736
21.400000	91.866	-177.5854
21.799999	91.865	-177.9934
22.000000	91.863	-178.1938
22.400000	91.854	-178.6331
22.700001	91.844	-178.9540
23.000000	91.833	-179.2688
23.299999	91.820	-179.6170
23.600000	91.807	-179.9545
24.000000	91.790	179.6171
24.299999	91.777	179.2665
24.700001	91.760	178.8118
25.000000	91.746	178.4802
25.400000	91.730	177.9984
25.799999	91.715	177.5273
26.200001	91.704	177.0592
26.500000	91.696	176.7111
26.900000	91.687	176.2648
27.200001	91.680	175.9441
27.600000	91.671	175.5298
28.000000	91.663	175.1246
28.500000	91.654	174.6428
29.000000	91.645	174.1811
29.500000	91.634	173.7621
30.000000	91.618	173.3793
30.400000	91.604	173.0852
30.700001	91.592	172.8674
31.100000	91.576	172.5729
31.500000	91.558	172.2667
32.000000	91.531	171.8989
32.500000	91.502	171.5192
33.000000	91.472	171.1532
33.500000	91.444	170.7640
34.000000	91.418	170.3776
34.500000	91.392	169.9825
35.000000	91.365	169.5947
35.500000	91.340	169.2000
36.000000	91.317	168.8129
36.500000	91.297	168.4495
37.000000	91.277	168.1193
37.500000	91.254	167.8154
38.200001	91.217	167.3871
38.700001	91.191	167.0743
39.500000	91.154	166.5834
40.000000	91.132	166.2927
40.599998	91.104	165.9483
41.200001	91.070	165.6162
41.799999	91.034	165.2929
42.500000	90.993	164.9216
43.099998	90.961	164.6055
43.700001	90.929	164.2768
44.400002	90.890	163.8718
45.000000	90.858	163.5183
45.500000	90.831	163.2422
46.200001	90.794	162.9038
46.799999	90.761	162.6352
47.500000	90.722	162.3108
48.200001	90.681	161.9843
48.700001	90.652	161.7623
49.400002	90.612	161.4606
50.000000	90.578	161.2044
50.799999	90.533	160.8690
51.500000	90.494	160.5832
52.200001	90.456	160.2847
53.000000	90.413	159.9434
53.799999	90.368	159.6359
54.500000	90.326	159.3736
55.200001	90.284	159.0980
56.000000	90.236	158.7974
57.000000	90.182	158.4581
58.000000	90.127	158.1205
59.000000	90.076	157.6992
60.000000	90.032	157.2556
60.799999	89.983	157.0541
61.500000	89.933	156.9332
62.200001	89.889	156.7570
63.000000	89.843	156.5080
64.000000	89.784	156.2242
65.000000	89.728	155.9396
66.000000	89.672	155.6542
67.000000	89.614	155.3875
68.000000	89.559	155.1236
69.000000	89.506	154.8604
70.000000	89.452	154.6184
71.000000	89.395	154.3843
72.000000	89.338	154.1440
73.000000	89.281	153.9090
74.000000	89.226	153.6816
75.000000	89.170	153.4681
76.199997	89.105	153.2183
77.500000	89.035	152.9626
78.800003	88.966	152.7291
80.000000	88.901	152.5137
81.199997	88.837	152.3123
82.500000	88.769	152.0912
83.800003	88.699	151.8610
85.000000	88.634	151.6667
86.199997	88.573	151.4972
87.500000	88.507	151.3141
88.500000	88.455	151.1655
90.000000	88.378	150.9456
91.199997	88.315	150.7932
92.500000	88.249	150.6308
93.800003	88.187	150.4716
95.000000	88.128	150.3407
96.199997	88.067	150.2224
97.500000	88.004	150.1048
98.800003	87.941	149.9718
100.000000	87.881	149.8418
101.500000	87.806	149.7027
103.000000	87.732	149.5681
104.400002	87.664	149.4494
106.000000	87.586	149.3254
107.500000	87.516	149.2069
109.000000	87.447	149.0978
110.599998	87.371	148.9974
112.000000	87.305	148.9166
113.800003	87.223	148.8155
115.000000	87.167	148.7439
117.199997	87.063	148.6518
118.000000	87.025	148.6264
120.599998	86.904	148.5311
122.000000	86.841	148.4867
124.099998	86.742	148.4274
125.000000	86.698	148.4115
126.500000	86.621	148.3986
128.000000	86.539	148.4187
131.500000	86.348	148.7145
132.000000	86.322	148.7986
134.000000	86.237	149.2119
136.000000	86.197	149.5618
138.000000	86.178	149.7302
140.000000	86.159	149.6924
143.000000	86.113	149.5667
145.000000	86.066	149.4640
147.500000	85.997	149.2878
150.000000	85.905	149.1581
152.500000	85.811	149.1382
155.000000	85.729	149.1118
157.500000	85.649	149.1010
160.000000	85.562	149.0919
162.500000	85.475	149.1047
165.000000	85.388	149.1486
167.500000	85.303	149.2140
170.000000	85.220	149.2987
172.500000	85.138	149.3863
175.000000	85.056	149.5006
177.500000	84.975	149.6119
180.000000	84.901	149.7375
182.500000	84.831	149.9111
185.000000	84.760	150.1232
187.500000	84.695	150.3234
190.000000	84.637	150.5137
192.500000	84.585	150.6759
195.000000	84.534	150.8062
197.500000	84.480	150.9104
200.000000	84.423	150.9955
203.000000	84.354	151.0887
206.000000	84.282	151.1805
209.000000	84.207	151.3092
212.000000	84.133	151.4598
214.000000	84.087	151.5597
218.000000	83.991	151.7922
220.000000	83.942	151.9196
224.000000	83.849	152.1667
227.000000	83.784	152.3297
230.000000	83.718	152.5026
233.000000	83.654	152.7134
236.000000	83.591	152.9308
240.000000	83.510	153.2144
243.000000	83.450	153.4412
247.000000	83.369	153.7241
250.000000	83.311	153.9373
254.000000	83.236	154.2513
258.000000	83.162	154.5580
262.000000	83.091	154.8829
265.000000	83.044	155.1344
269.000000	82.986	155.4493
272.000000	82.941	155.6648
276.000000	82.876	155.9344
280.000000	82.811	156.2271
285.000000	82.733	156.6108
290.000000	82.661	157.0114
295.000000	82.591	157.4141
300.000000	82.519	157.7907
304.000000	82.462	158.0920
307.000000	82.421	158.3206
311.000000	82.367	158.6290
315.000000	82.315	158.9403
320.000000	82.252	159.3292
325.000000	82.190	159.7219
330.000000	82.130	160.1219
335.000000	82.072	160.5226
340.000000	82.016	160.9239
345.000000	81.962	161.3232
350.000000	81.910	161.7146
355.000000	81.859	162.1112
360.000000	81.811	162.5110
365.000000	81.763	162.9210
370.000000	81.718	163.3296
375.000000	81.675	163.7166
382.000000	81.615	164.2422
387.000000	81.572	164.6233
395.000000	81.507	165.2416
400.000000	81.467	165.6277
406.000000	81.419	166.0893
412.000000	81.373	166.5559
418.000000	81.329	167.0217
425.000000	81.279	167.5577
431.000000	81.238	168.0174
437.000000	81.198	168.4783
444.000000	81.153	169.0179
450.000000	81.116	169.4772
455.000000	81.087	169.8564
462.000000	81.048	170.3893
468.000000	81.015	170.8558
475.000000	80.978	171.3893
482.000000	80.942	171.9120
487.000000	80.917	172.2848
494.000000	80.885	172.8076
500.000000	80.858	173.2563
508.000000	80.824	173.8508
515.000000	80.796	174.3757
522.000000	80.769	174.8994
530.000000	80.740	175.4934
538.000000	80.713	176.0864
545.000000	80.691	176.6030
552.000000	80.669	177.1197
560.000000	80.645	177.7140
570.000000	80.617	178.4496
580.000000	80.591	179.1785
590.000000	80.567	179.9160
600.000000	80.546	-179.3561
608.000000	80.530	-178.7742
615.000000	80.518	-178.2632
622.000000	80.506	-177.7517
630.000000	80.495	-177.1698
640.000000	80.482	-176.4471
650.000000	80.473	-175.7267
660.000000	80.465	-175.0039
670.000000	80.458	-174.2804
680.000000	80.454	-173.5560
690.000000	80.453	-172.8306
700.000000	80.452	-172.1095
710.000000	80.453	-171.3894
720.000000	80.457	-170.6689
730.000000	80.463	-169.9467
740.000000	80.472	-169.2245
750.000000	80.483	-168.5019
762.000000	80.498	-167.6380
775.000000	80.520	-166.7035
788.000000	80.545	-165.7694
800.000000	80.572	-164.9115
812.000000	80.604	-164.0627
825.000000	80.643	-163.1488
838.000000	80.687	-162.2450
850.000000	80.730	-161.4151
862.000000	80.777	-160.5900
875.000000	80.832	-159.7132
885.000000	80.877	-159.0463
900.000000	80.949	-158.0568
912.000000	81.011	-157.2753
925.000000	81.081	-156.4433
938.000000	81.157	-155.6326
950.000000	81.232	-154.9006
962.000000	81.310	-154.1904
975.000000	81.398	-153.4486
988.000000	81.490	-152.7308
1000.000000	81.577	-152.0947
1015.000000	81.690	-151.3395
1030.000000	81.807	-150.6263
1044.000000	81.917	-149.9999
1060.000000	82.045	-149.3323
1075.000000	82.167	-148.7507
1090.000000	82.290	-148.2140
1106.000000	82.421	-147.6873
1120.000000	82.535	-147.2609
1138.000000	82.680	-146.7578
1150.000000	82.776	-146.4477
1172.000000	82.948	-145.9303
1180.000000	83.010	-145.7568
1206.000000	83.208	-145.2407
1220.000000	83.312	-144.9893
1241.000000	83.465	-144.6456
1250.000000	83.529	-144.5071
1265.000000	83.635	-144.2882
1280.000000	83.739	-144.0819
1315.000000	83.976	-143.6521
1320.000000	84.010	-143.5957
1340.000000	84.143	-143.3816
1360.000000	84.274	-143.1875
1380.000000	84.404	-143.0136
1400.000000	84.532	-142.8574
1430.000000	84.721	-142.6539
1450.000000	84.846	-142.5398
1475.000000	85.000	-142.4234
1500.000000	85.151	-142.3301
1525.000000	85.301	-142.2614
1550.000000	85.449	-142.2108
1575.000000	85.594	-142.1743
1600.000000	85.737	-142.1529
1625.000000	85.877	-142.1478
1650.000000	86.017	-142.1563
1675.000000	86.154	-142.1793
1700.000000	86.291	-142.2157
1725.000000	86.427	-142.2648
1750.000000	86.564	-142.3296
1775.000000	86.700	-142.4146
1800.000000	86.837	-142.5179
1825.000000	86.974	-142.6417
1850.000000	87.110	-142.7917
1875.000000	87.247	-142.9657
1900.000000	87.383	-143.1641
1925.000000	87.518	-143.3898
1950.000000	87.652	-143.6434
1975.000000	87.786	-143.9266
2000.000000	87.918	-144.2391
2030.000000	88.074	-144.6530
2060.000000	88.229	-145.1105
2090.000000	88.380	-145.6123
2120.000000	88.527	-146.1579
2140.000000	88.623	-146.5466
2180.000000	88.808	-147.3769
2200.000000	88.897	-147.8179
2240.000000	89.067	-148.7557
2270.000000	89.187	-149.5000
2300.000000	89.300	-150.2774
2330.000000	89.404	-151.0856
2360.000000	89.500	-151.9198
2400.000000	89.614	-153.0624
2430.000000	89.689	-153.9359
2470.000000	89.774	-155.1100
2500.000000	89.826	-155.9889
2540.000000	89.880	-157.1423
2580.000000	89.915	-158.2496
2620.000000	89.934	-159.2736
2650.000000	89.939	-159.9639
2690.000000	89.942	-160.7489
2720.000000	89.948	-161.2304
2760.000000	89.975	-161.7769
2800.000000	90.029	-162.3430
2850.000000	90.117	-163.2892
2900.000000	90.187	-164.5187
2950.000000	90.220	-165.8558
3000.000000	90.219	-167.1550
3040.000000	90.200	-168.1208
3070.000000	90.178	-168.7960
3110.000000	90.143	-169.6278
3150.000000	90.104	-170.3897
3200.000000	90.052	-171.2556
3250.000000	89.999	-172.0378
3300.000000	89.945	-172.7544
3350.000000	89.891	-173.4123
3400.000000	89.837	-174.0200
3450.000000	89.782	-174.5821
3500.000000	89.723	-175.0856
3550.000000	89.664	-175.5048
3600.000000	89.611	-175.8323
3650.000000	89.569	-176.0965
3700.000000	89.541	-176.3362
3750.000000	89.524	-176.5892
3820.000000	89.514	-176.9967
3870.000000	89.513	-177.3334
3950.000000	89.516	-177.9529
4000.000000	89.521	-178.3868
4060.000000	89.527	-178.9556
4120.000000	89.533	-179.5803
4180.000000	89.538	179.7386
4250.000000	89.538	178.8730
4310.000000	89.532	178.0663
4370.000000	89.520	177.1956
4440.000000	89.493	176.1082
4500.000000	89.458	175.1213
4550.000000	89.417	174.2654
4620.000000	89.342	173.0385
4680.000000	89.257	171.9821
4750.000000	89.135	170.7680
4820.000000	88.987	169.6208
4870.000000	88.867	168.8707
4940.000000	88.684	167.9445
5000.000000	88.518	167.2735
5080.000000	88.289	166.5466
5150.000000	88.086	166.0453
5220.000000	87.882	165.6531
5300.000000	87.646	165.3217
5380.000000	87.408	165.1278
5450.000000	87.198	165.0805
5520.000000	86.989	165.1538
5600.000000	86.752	165.3933
5700.000000	86.468	165.9260
5800.000000	86.203	166.6999
5900.000000	85.963	167.6909
6000.000000	85.755	168.8635
6080.000000	85.612	169.9100
6150.000000	85.506	170.8900
6220.000000	85.418	171.9180
6300.000000	85.340	173.1372
6400.000000	85.278	174.6962
6500.000000	85.254	176.2674
6600.000000	85.268	177.8250
6700.000000	85.317	179.3508
6800.000000	85.402	-179.1563
6900.000000	85.525	-177.6845
7000.000000	85.693	-176.2247
7100.000000	85.922	-174.8109
7200.000000	86.225	-173.5483
7300.000000	86.613	-172.5927
7400.000000	87.084	-172.1433
7500.000000	87.630	-172.4201
7620.000000	88.353	-174.0366
7750.000000	89.152	-177.7752
7880.000000	89.829	176.0774
8000.000000	90.181	168.4755
8120.000000	90.143	159.8903
8250.000000	89.631	150.8437
8380.000000	88.709	143.2907
8500.000000	87.628	138.2549
8620.000000	86.452	135.1641
8750.000000	85.176	133.7278
8850.000000	84.234	133.7161
9000.000000	82.918	135.0539
9120.000000	81.959	137.0218
9250.000000	81.011	139.8456
9380.000000	80.158	143.2441
9500.000000	79.454	146.7792
9620.000000	78.827	150.6041
9750.000000	78.231	154.9816
9880.000000	77.711	159.5344
10000.000000	77.294	163.8530
10150.000000	76.846	169.3909
10300.000000	76.472	175.1108
10440.000000	76.187	-179.3492
10600.000000	75.937	-172.6642
10750.000000	75.795	-165.8706
10900.000000	75.792	-158.3891
11060.000000	76.041	-149.6665
11200.000000	76.570	-141.9140
11380.000000	77.703	-133.4563
11500.000000	78.634	-129.6801
11720.000000	80.343	-126.6617
11800.000000	80.918	-126.3999
12060.000000	82.693	-127.0112
12200.000000	83.672	-128.3669
12410.000000	85.141	-132.7091
12500.000000	85.726	-135.5451
12650.000000	86.575	-141.5540
12800.000000	87.190	-148.9724
13150.000000	87.324	-168.2175
13200.000000	87.194	-170.7142
13400.000000	86.411	-179.0784
13600.000000	85.407	175.5396
13800.000000	84.398	172.8501
14000.000000	83.509	172.1532
14300.000000	82.500	173.3979
14500.000000	82.065	174.9738
14750.000000	81.782	176.9564
15000.000000	81.759	178.1461
15250.000000	81.927	177.6403
15500.000000	82.142	174.5689
15750.000000	82.153	168.6364
16000.000000	81.694	160.8035
16250.000000	80.649	153.0298
16500.000000	79.106	147.1406
16750.000000	77.266	144.1093
17000.000000	75.346	143.9878
17250.000000	73.505	146.2568
17500.000000	71.830	150.2770
17750.000000	70.363	155.5253
18000.000000	69.135	161.5772
18250.000000	68.176	167.9974
18500.000000	67.507	174.3019
18750.000000	67.131	179.8960
19000.000000	67.021	-176.1075
19250.000000	67.006	-174.8670
19500.000000	66.715	-176.3255
19750.000000	65.881	-177.7209
20000.000000	65.022	-176.0806
