* Measurement data measured by REW V5.31.3
* Source: Microphone (JadeAudio JA11), MICROPHONE (Master Volume), R, volume: 0.250
* Format: 256k Log Swept Sine, 1 sweep at -12.0 dBFS with no timing reference
* Dated: Mar 8, 2025 11:32:01 PM
* REW Settings:
*  C-weighting compensation: Off
*  Target level: 75.0 dB
* Note: 
* Measurement: L EW300 (Kato S, Velvet)
* Smoothing: 1/24 octave
* Frequency Step: 1/48 octave
* Start Frequency: 20.000 Hz
*
* Freq(Hz)	SPL(dB)	Phase(degrees)
20.000000	90.536	-176.0200
20.299999	90.546	-176.4210
20.600000	90.553	-176.8058
20.900000	90.557	-177.1699
21.200001	90.557	-177.5183
21.400000	90.556	-177.7402
21.799999	90.552	-178.1571
22.000000	90.549	-178.3586
22.400000	90.540	-178.7871
22.700001	90.531	-179.0959
23.000000	90.522	-179.3967
23.299999	90.511	-179.7305
23.600000	90.500	179.9431
24.000000	90.484	179.5191
24.299999	90.473	179.1670
24.700001	90.457	178.7012
25.000000	90.445	178.3600
25.400000	90.430	177.8740
25.799999	90.415	177.4086
26.200001	90.402	176.9529
26.500000	90.394	176.6137
26.900000	90.385	176.1723
27.200001	90.378	175.8494
27.600000	90.371	175.4278
28.000000	90.363	175.0172
28.500000	90.352	174.5393
29.000000	90.341	174.0846
29.500000	90.328	173.6616
30.000000	90.313	173.2579
30.400000	90.300	172.9426
30.700001	90.289	172.7115
31.100000	90.274	172.4070
31.500000	90.256	172.0973
32.000000	90.232	171.7256
32.500000	90.206	171.3414
33.000000	90.180	170.9678
33.500000	90.154	170.5761
34.000000	90.127	170.1938
34.500000	90.100	169.8065
35.000000	90.074	169.4340
35.500000	90.050	169.0620
36.000000	90.028	168.6960
36.500000	90.008	168.3323
37.000000	89.988	167.9691
37.500000	89.967	167.6106
38.200001	89.935	167.1182
38.700001	89.910	166.7862
39.500000	89.866	166.2946
40.000000	89.839	166.0103
40.599998	89.807	165.6798
41.200001	89.775	165.3586
41.799999	89.745	165.0292
42.500000	89.709	164.6244
43.099998	89.675	164.2763
43.700001	89.640	163.9362
44.400002	89.600	163.5433
45.000000	89.565	163.1958
45.500000	89.534	162.9085
46.200001	89.487	162.5497
46.799999	89.451	162.2869
47.500000	89.418	161.9740
48.200001	89.387	161.6213
48.700001	89.361	161.3710
49.400002	89.323	161.0546
50.000000	89.294	160.8027
50.799999	89.252	160.4774
51.500000	89.215	160.2315
52.200001	89.180	159.9915
53.000000	89.129	159.7226
53.799999	89.073	159.6136
54.500000	89.054	159.5655
55.200001	89.053	159.2795
56.000000	89.014	158.7012
57.000000	88.914	158.1707
58.000000	88.835	157.8427
59.000000	88.770	157.4670
60.000000	88.713	157.1034
60.799999	88.673	156.7920
61.500000	88.637	156.5173
62.200001	88.600	156.2604
63.000000	88.554	155.9970
64.000000	88.497	155.7268
65.000000	88.443	155.4768
66.000000	88.386	155.2050
67.000000	88.327	154.9341
68.000000	88.267	154.6624
69.000000	88.209	154.3953
70.000000	88.153	154.1368
71.000000	88.099	153.8781
72.000000	88.045	153.6294
73.000000	87.992	153.3898
74.000000	87.937	153.1639
75.000000	87.882	152.9614
76.199997	87.817	152.7237
77.500000	87.749	152.4752
78.800003	87.683	152.2148
80.000000	87.620	151.9725
81.199997	87.558	151.7443
82.500000	87.488	151.5059
83.800003	87.417	151.2774
85.000000	87.350	151.0858
86.199997	87.287	150.9102
87.500000	87.221	150.7154
88.500000	87.171	150.5677
90.000000	87.097	150.3470
91.199997	87.035	150.1893
92.500000	86.971	150.0299
93.800003	86.905	149.8559
95.000000	86.844	149.7081
96.199997	86.783	149.5604
97.500000	86.717	149.4156
98.800003	86.654	149.2946
100.000000	86.598	149.1807
101.500000	86.527	149.0429
103.000000	86.456	148.9170
104.400002	86.387	148.7863
106.000000	86.307	148.6421
107.500000	86.233	148.5129
109.000000	86.160	148.3887
110.599998	86.084	148.2794
112.000000	86.020	148.2013
113.800003	85.939	148.1292
115.000000	85.887	148.0755
117.199997	85.792	147.9665
118.000000	85.758	147.9359
120.599998	85.650	147.8190
122.000000	85.588	147.7733
124.099998	85.496	147.7598
125.000000	85.459	147.7467
126.500000	85.397	147.6953
128.000000	85.334	147.6360
131.500000	85.189	147.6033
132.000000	85.171	147.6054
134.000000	85.093	147.5419
136.000000	85.002	147.4698
138.000000	84.914	147.4463
140.000000	84.825	147.4724
143.000000	84.697	147.6913
145.000000	84.611	147.8239
147.500000	84.500	147.9187
150.000000	84.419	148.1808
152.500000	84.373	148.5268
155.000000	84.346	148.8278
157.500000	84.308	148.8695
160.000000	84.251	148.7401
162.500000	84.184	148.5967
165.000000	84.110	148.5174
167.500000	84.031	148.4625
170.000000	83.946	148.4443
172.500000	83.863	148.4861
175.000000	83.780	148.5545
177.500000	83.704	148.6166
180.000000	83.628	148.6619
182.500000	83.555	148.8018
185.000000	83.486	148.9576
187.500000	83.414	149.0753
190.000000	83.344	149.1862
192.500000	83.284	149.3042
195.000000	83.229	149.4462
197.500000	83.167	149.6081
200.000000	83.098	149.7901
203.000000	83.026	150.0292
206.000000	82.971	150.2618
209.000000	82.908	150.4286
212.000000	82.832	150.5679
214.000000	82.782	150.6462
218.000000	82.690	150.7823
220.000000	82.645	150.8353
224.000000	82.563	150.9859
227.000000	82.502	151.1419
230.000000	82.433	151.3251
233.000000	82.365	151.4987
236.000000	82.302	151.6555
240.000000	82.219	151.9095
243.000000	82.156	152.0967
247.000000	82.077	152.3362
250.000000	82.020	152.5250
254.000000	81.943	152.7788
258.000000	81.869	153.0471
262.000000	81.796	153.3672
265.000000	81.742	153.5957
269.000000	81.673	153.8855
272.000000	81.624	154.1051
276.000000	81.560	154.3735
280.000000	81.498	154.6579
285.000000	81.423	155.0190
290.000000	81.348	155.3610
295.000000	81.277	155.7588
300.000000	81.208	156.1453
304.000000	81.154	156.4326
307.000000	81.114	156.6459
311.000000	81.060	156.9354
315.000000	81.007	157.2185
320.000000	80.943	157.5625
325.000000	80.881	157.9478
330.000000	80.818	158.3314
335.000000	80.759	158.7035
340.000000	80.702	159.0669
345.000000	80.648	159.4183
350.000000	80.593	159.7961
355.000000	80.538	160.1917
360.000000	80.485	160.5800
365.000000	80.435	160.9485
370.000000	80.386	161.3195
375.000000	80.339	161.6998
382.000000	80.276	162.2550
387.000000	80.235	162.6477
395.000000	80.172	163.2503
400.000000	80.135	163.6188
406.000000	80.091	164.0643
412.000000	80.047	164.5038
418.000000	80.004	164.9334
425.000000	79.957	165.4115
431.000000	79.916	165.8273
437.000000	79.877	166.2641
444.000000	79.832	166.7568
450.000000	79.794	167.1708
455.000000	79.764	167.5229
462.000000	79.722	168.0289
468.000000	79.686	168.4475
475.000000	79.648	168.9239
482.000000	79.612	169.4117
487.000000	79.586	169.7651
494.000000	79.553	170.2534
500.000000	79.525	170.6699
508.000000	79.488	171.2413
515.000000	79.458	171.7521
522.000000	79.429	172.2498
530.000000	79.399	172.8097
538.000000	79.369	173.3622
545.000000	79.345	173.8494
552.000000	79.322	174.3390
560.000000	79.298	174.8840
570.000000	79.270	175.5777
580.000000	79.244	176.2637
590.000000	79.220	176.9399
600.000000	79.198	177.6194
608.000000	79.181	178.1660
615.000000	79.167	178.6370
622.000000	79.154	179.1132
630.000000	79.140	179.6598
640.000000	79.124	-179.6566
650.000000	79.111	-178.9686
660.000000	79.099	-178.2870
670.000000	79.091	-177.6026
680.000000	79.085	-176.9229
690.000000	79.081	-176.2482
700.000000	79.079	-175.5608
710.000000	79.079	-174.8769
720.000000	79.082	-174.2012
730.000000	79.087	-173.5223
740.000000	79.093	-172.8418
750.000000	79.102	-172.1611
762.000000	79.117	-171.3550
775.000000	79.136	-170.4861
788.000000	79.158	-169.6105
800.000000	79.182	-168.8036
812.000000	79.212	-168.0075
825.000000	79.247	-167.1539
838.000000	79.287	-166.3069
850.000000	79.329	-165.5312
862.000000	79.373	-164.7628
875.000000	79.425	-163.9410
885.000000	79.468	-163.3170
900.000000	79.536	-162.3921
912.000000	79.595	-161.6717
925.000000	79.663	-160.9064
938.000000	79.736	-160.1581
950.000000	79.807	-159.4853
962.000000	79.882	-158.8271
975.000000	79.966	-158.1409
988.000000	80.054	-157.4837
1000.000000	80.138	-156.9001
1015.000000	80.248	-156.2121
1030.000000	80.360	-155.5712
1044.000000	80.466	-155.0145
1060.000000	80.591	-154.4228
1075.000000	80.710	-153.9140
1090.000000	80.830	-153.4493
1106.000000	80.957	-152.9975
1120.000000	81.068	-152.6421
1138.000000	81.209	-152.2382
1150.000000	81.302	-151.9941
1172.000000	81.470	-151.6018
1180.000000	81.530	-151.4767
1206.000000	81.722	-151.1196
1220.000000	81.823	-150.9560
1241.000000	81.971	-150.7427
1250.000000	82.033	-150.6635
1265.000000	82.136	-150.5472
1280.000000	82.237	-150.4433
1315.000000	82.464	-150.2649
1320.000000	82.495	-150.2458
1340.000000	82.620	-150.1801
1360.000000	82.744	-150.1331
1380.000000	82.864	-150.1014
1400.000000	82.982	-150.0895
1430.000000	83.153	-150.1154
1450.000000	83.264	-150.1516
1475.000000	83.399	-150.2122
1500.000000	83.530	-150.2977
1525.000000	83.657	-150.4038
1550.000000	83.781	-150.5194
1575.000000	83.900	-150.6448
1600.000000	84.017	-150.7843
1625.000000	84.132	-150.9297
1650.000000	84.244	-151.0852
1675.000000	84.354	-151.2477
1700.000000	84.463	-151.4199
1725.000000	84.570	-151.6070
1750.000000	84.676	-151.8019
1775.000000	84.780	-152.0065
1800.000000	84.883	-152.2245
1825.000000	84.985	-152.4522
1850.000000	85.086	-152.6943
1875.000000	85.186	-152.9539
1900.000000	85.285	-153.2297
1925.000000	85.381	-153.5213
1950.000000	85.477	-153.8291
1975.000000	85.571	-154.1535
2000.000000	85.663	-154.4953
2030.000000	85.771	-154.9240
2060.000000	85.875	-155.3771
2090.000000	85.976	-155.8517
2120.000000	86.073	-156.3460
2140.000000	86.135	-156.6889
2180.000000	86.254	-157.3919
2200.000000	86.311	-157.7518
2240.000000	86.420	-158.4870
2270.000000	86.496	-159.0457
2300.000000	86.570	-159.6122
2330.000000	86.640	-160.1909
2360.000000	86.707	-160.7848
2400.000000	86.789	-161.6051
2430.000000	86.845	-162.2332
2470.000000	86.909	-163.0785
2500.000000	86.951	-163.7094
2540.000000	87.000	-164.5415
2580.000000	87.040	-165.3598
2620.000000	87.073	-166.1533
2650.000000	87.094	-166.7359
2690.000000	87.116	-167.4954
2720.000000	87.128	-168.0454
2760.000000	87.141	-168.7602
2800.000000	87.148	-169.4450
2850.000000	87.153	-170.2562
2900.000000	87.153	-171.0224
2950.000000	87.150	-171.7442
3000.000000	87.144	-172.4259
3040.000000	87.139	-172.9415
3070.000000	87.134	-173.3130
3110.000000	87.127	-173.7854
3150.000000	87.120	-174.2372
3200.000000	87.113	-174.7783
3250.000000	87.106	-175.2909
3300.000000	87.100	-175.7765
3350.000000	87.096	-176.2364
3400.000000	87.094	-176.6736
3450.000000	87.096	-177.0884
3500.000000	87.102	-177.4818
3550.000000	87.116	-177.8655
3600.000000	87.139	-178.2590
3650.000000	87.169	-178.6925
3700.000000	87.204	-179.1850
3750.000000	87.240	-179.7347
3820.000000	87.289	179.4120
3870.000000	87.323	178.7390
3950.000000	87.373	177.5609
4000.000000	87.399	176.7621
4060.000000	87.426	175.7413
4120.000000	87.445	174.6467
4180.000000	87.454	173.4802
4250.000000	87.450	172.0395
4310.000000	87.430	170.7416
4370.000000	87.395	169.3942
4440.000000	87.331	167.7783
4500.000000	87.254	166.3774
4550.000000	87.175	165.2093
4620.000000	87.040	163.5954
4680.000000	86.901	162.2538
4750.000000	86.713	160.7646
4820.000000	86.498	159.3954
4870.000000	86.330	158.5134
4940.000000	86.077	157.4297
5000.000000	85.849	156.6550
5080.000000	85.535	155.8480
5150.000000	85.256	155.3401
5220.000000	84.977	155.0083
5300.000000	84.662	154.8269
5380.000000	84.353	154.8505
5450.000000	84.088	155.0302
5520.000000	83.832	155.3491
5600.000000	83.551	155.8737
5700.000000	83.219	156.7615
5800.000000	82.912	157.9051
5900.000000	82.639	159.2996
6000.000000	82.407	160.9039
6080.000000	82.255	162.2962
6150.000000	82.146	163.5698
6220.000000	82.060	164.8762
6300.000000	81.988	166.3892
6400.000000	81.939	168.2880
6500.000000	81.930	170.1886
6600.000000	81.962	172.0924
6700.000000	82.037	173.9992
6800.000000	82.165	175.9027
6900.000000	82.352	177.7628
7000.000000	82.607	179.5087
7100.000000	82.936	-178.9551
7200.000000	83.344	-177.7444
7300.000000	83.829	-176.9951
7400.000000	84.389	-176.8519
7500.000000	85.017	-177.5029
7620.000000	85.836	-179.6448
7750.000000	86.744	175.8860
7880.000000	87.530	168.6547
8000.000000	87.938	159.6268
8120.000000	87.868	149.3873
8250.000000	87.205	138.7395
8380.000000	86.057	130.2039
8500.000000	84.760	124.8444
8620.000000	83.398	121.7942
8750.000000	81.962	120.5875
8850.000000	80.922	120.7878
9000.000000	79.487	122.4370
9120.000000	78.446	124.6335
9250.000000	77.422	127.6824
9380.000000	76.500	131.2595
9500.000000	75.736	134.8962
9620.000000	75.048	138.7509
9750.000000	74.376	143.1061
9880.000000	73.769	147.6138
10000.000000	73.260	151.8994
10150.000000	72.681	157.4316
10300.000000	72.159	163.1951
10440.000000	71.719	168.8379
10600.000000	71.272	175.7278
10750.000000	70.920	-177.1452
10900.000000	70.688	-169.0767
11060.000000	70.692	-159.3973
11200.000000	71.024	-150.6152
11380.000000	71.916	-140.9072
11500.000000	72.669	-136.3751
11720.000000	73.972	-131.7337
11800.000000	74.370	-130.6883
12060.000000	75.498	-127.4458
12200.000000	76.116	-125.6416
12410.000000	77.110	-123.5285
12500.000000	77.548	-122.8545
12650.000000	78.305	-121.9308
12800.000000	79.128	-121.3240
13150.000000	81.348	-122.6921
13200.000000	81.688	-123.3815
13400.000000	83.030	-127.7372
13600.000000	84.196	-134.7769
13800.000000	84.984	-143.9639
14000.000000	85.269	-153.9191
14300.000000	84.863	-166.8122
14500.000000	84.304	-172.7957
14750.000000	83.599	-177.5658
15000.000000	83.075	179.4726
15250.000000	82.790	176.8228
15500.000000	82.676	173.0865
15750.000000	82.539	167.3616
16000.000000	82.135	159.7970
16250.000000	81.297	151.4883
16500.000000	79.978	143.8578
16750.000000	78.249	138.2401
17000.000000	76.275	135.4297
17250.000000	74.239	135.4555
17500.000000	72.285	137.8762
17750.000000	70.494	142.1343
18000.000000	68.915	147.7545
18250.000000	67.577	154.3311
18500.000000	66.507	161.4738
18750.000000	65.717	168.8190
19000.000000	65.228	176.0150
19250.000000	65.054	-177.6365
19500.000000	65.089	-173.1472
19750.000000	65.115	-170.5949
20000.000000	65.069	-169.1303
