* Measurement data measured by REW V5.31.3
* Source: Microphone (JadeAudio JA11), MICROPHONE (Master Volume), R, volume: 0.250
* Format: 512k Log Swept Sine, 1 sweep at -12.0 dBFS with no timing reference
* Dated: Apr 7, 2025 9:47:27 PM
* REW Settings:
*  C-weighting compensation: Off
*  Target level: 75.0 dB
* Note: 
* Measurement: R EW300 (Gold nozzle, Velvet)
* Smoothing: 1/24 octave
* Frequency Step: 1/48 octave
* Start Frequency: 20.300 Hz
*
* Freq(Hz)	SPL(dB)	Phase(degrees)
20.299999	93.303	179.1239
20.600000	93.304	178.8002
20.900000	93.302	178.4236
21.200001	93.297	178.0482
21.400000	93.293	177.8040
21.799999	93.285	177.3391
22.000000	93.279	177.1158
22.400000	93.264	176.6420
22.700001	93.250	176.3017
23.000000	93.234	175.9684
23.299999	93.217	175.5997
23.600000	93.199	175.2378
24.000000	93.176	174.7705
24.299999	93.158	174.3868
24.700001	93.134	173.8846
25.000000	93.115	173.5166
25.400000	93.092	172.9883
25.799999	93.071	172.4767
26.200001	93.052	171.9754
26.500000	93.040	171.6058
26.900000	93.023	171.1313
27.200001	93.012	170.7879
27.600000	92.996	170.3419
28.000000	92.981	169.9081
28.500000	92.964	169.4013
29.000000	92.947	168.9221
29.500000	92.927	168.4771
30.000000	92.904	168.0511
30.400000	92.884	167.7172
30.700001	92.869	167.4731
31.100000	92.846	167.1520
31.500000	92.822	166.8264
32.000000	92.788	166.4323
32.500000	92.753	166.0177
33.000000	92.718	165.6172
33.500000	92.682	165.2047
34.000000	92.647	164.8018
34.500000	92.612	164.3840
35.000000	92.579	163.9669
35.500000	92.548	163.5505
36.000000	92.518	163.1568
36.500000	92.488	162.7888
37.000000	92.457	162.4378
37.500000	92.426	162.0961
38.200001	92.385	161.6161
38.700001	92.357	161.2791
39.500000	92.307	160.7554
40.000000	92.272	160.4456
40.599998	92.230	160.0859
41.200001	92.190	159.7363
41.799999	92.148	159.3781
42.500000	92.096	158.9590
43.099998	92.053	158.6209
43.700001	92.012	158.2845
44.400002	91.965	157.8645
45.000000	91.922	157.4905
45.500000	91.885	157.1997
46.200001	91.839	156.8478
46.799999	91.802	156.5695
47.500000	91.757	156.2328
48.200001	91.709	155.8915
48.700001	91.675	155.6532
49.400002	91.626	155.3193
50.000000	91.584	155.0338
50.799999	91.529	154.6694
51.500000	91.481	154.3713
52.200001	91.431	154.0743
53.000000	91.374	153.7322
53.799999	91.321	153.3955
54.500000	91.275	153.1116
55.200001	91.227	152.8482
56.000000	91.171	152.5618
57.000000	91.102	152.1871
58.000000	91.030	151.8185
59.000000	90.960	151.3721
60.000000	90.899	150.9020
60.799999	90.846	150.6858
61.500000	90.796	150.5529
62.200001	90.747	150.3702
63.000000	90.691	150.1176
64.000000	90.623	149.8215
65.000000	90.556	149.5242
66.000000	90.488	149.2248
67.000000	90.421	148.9403
68.000000	90.356	148.6699
69.000000	90.291	148.4066
70.000000	90.226	148.1592
71.000000	90.161	147.9245
72.000000	90.096	147.6837
73.000000	90.030	147.4426
74.000000	89.967	147.2113
75.000000	89.905	146.9910
76.199997	89.829	146.7228
77.500000	89.746	146.4466
78.800003	89.664	146.1996
80.000000	89.590	145.9755
81.199997	89.517	145.7525
82.500000	89.437	145.5208
83.800003	89.359	145.3059
85.000000	89.287	145.1137
86.199997	89.214	144.9254
87.500000	89.135	144.7219
88.500000	89.075	144.5671
90.000000	88.988	144.3590
91.199997	88.920	144.1990
92.500000	88.846	144.0246
93.800003	88.769	143.8539
95.000000	88.699	143.7192
96.199997	88.631	143.6005
97.500000	88.557	143.4675
98.800003	88.484	143.3357
100.000000	88.418	143.2141
101.500000	88.335	143.0687
103.000000	88.254	142.9295
104.400002	88.178	142.8048
106.000000	88.092	142.6712
107.500000	88.011	142.5595
109.000000	87.930	142.4533
110.599998	87.845	142.3421
112.000000	87.771	142.2541
113.800003	87.674	142.1687
115.000000	87.610	142.1180
117.199997	87.493	142.0245
118.000000	87.450	141.9975
120.599998	87.310	141.9755
122.000000	87.230	141.9686
124.099998	87.120	142.0168
125.000000	87.079	142.0744
126.500000	87.017	142.1821
128.000000	86.963	142.2470
131.500000	86.838	142.1361
132.000000	86.817	142.1056
134.000000	86.724	142.0179
136.000000	86.623	142.0351
138.000000	86.522	142.1469
140.000000	86.427	142.3234
143.000000	86.319	142.7206
145.000000	86.276	142.9450
147.500000	86.250	142.9667
150.000000	86.195	142.7678
152.500000	86.106	142.6310
155.000000	86.020	142.5424
157.500000	85.940	142.4583
160.000000	85.850	142.3860
162.500000	85.753	142.3436
165.000000	85.657	142.3360
167.500000	85.563	142.3578
170.000000	85.470	142.4061
172.500000	85.378	142.4722
175.000000	85.290	142.5626
177.500000	85.203	142.6657
180.000000	85.116	142.7739
182.500000	85.031	142.8928
185.000000	84.950	143.0269
187.500000	84.877	143.1825
190.000000	84.809	143.3393
192.500000	84.742	143.4672
195.000000	84.673	143.5693
197.500000	84.601	143.6490
200.000000	84.531	143.7253
203.000000	84.450	143.8779
206.000000	84.361	144.0278
209.000000	84.272	144.1818
212.000000	84.185	144.3527
214.000000	84.131	144.4447
218.000000	84.035	144.6468
220.000000	83.986	144.7944
224.000000	83.893	145.0874
227.000000	83.823	145.2806
230.000000	83.753	145.4626
233.000000	83.683	145.6345
236.000000	83.613	145.8223
240.000000	83.521	146.0813
243.000000	83.453	146.2693
247.000000	83.364	146.5116
250.000000	83.299	146.6978
254.000000	83.220	146.9751
258.000000	83.142	147.2590
262.000000	83.062	147.5292
265.000000	83.002	147.7326
269.000000	82.925	148.0059
272.000000	82.867	148.2132
276.000000	82.792	148.5075
280.000000	82.717	148.8108
285.000000	82.625	149.1844
290.000000	82.539	149.5809
295.000000	82.457	149.9892
300.000000	82.383	150.3887
304.000000	82.326	150.7024
307.000000	82.284	150.9364
311.000000	82.229	151.2417
315.000000	82.176	151.5317
320.000000	82.112	151.8802
325.000000	82.048	152.2122
330.000000	81.983	152.5374
335.000000	81.917	152.8672
340.000000	81.852	153.1949
345.000000	81.788	153.5251
350.000000	81.724	153.8732
355.000000	81.660	154.2308
360.000000	81.599	154.5877
365.000000	81.541	154.9438
370.000000	81.485	155.3106
375.000000	81.431	155.6835
382.000000	81.358	156.1894
387.000000	81.306	156.5456
395.000000	81.225	157.1066
400.000000	81.175	157.4626
406.000000	81.118	157.8872
412.000000	81.063	158.3108
418.000000	81.011	158.7322
425.000000	80.951	159.2125
431.000000	80.900	159.6305
437.000000	80.851	160.0504
444.000000	80.795	160.5370
450.000000	80.749	160.9512
455.000000	80.711	161.2966
462.000000	80.660	161.7819
468.000000	80.617	162.2006
475.000000	80.568	162.6847
482.000000	80.521	163.1628
487.000000	80.488	163.5017
494.000000	80.444	163.9747
500.000000	80.408	164.3822
508.000000	80.362	164.9322
515.000000	80.321	165.4040
522.000000	80.282	165.8773
530.000000	80.239	166.4187
538.000000	80.197	166.9602
545.000000	80.162	167.4342
552.000000	80.129	167.9021
560.000000	80.091	168.4348
570.000000	80.046	169.1024
580.000000	80.004	169.7700
590.000000	79.964	170.4422
600.000000	79.927	171.1075
608.000000	79.898	171.6389
615.000000	79.874	172.1025
622.000000	79.851	172.5685
630.000000	79.825	173.1035
640.000000	79.795	173.7742
650.000000	79.768	174.4397
660.000000	79.742	175.1054
670.000000	79.719	175.7721
680.000000	79.697	176.4411
690.000000	79.678	177.1114
700.000000	79.661	177.7842
710.000000	79.646	178.4524
720.000000	79.633	179.1229
730.000000	79.624	179.7956
740.000000	79.616	-179.5315
750.000000	79.611	-178.8586
762.000000	79.607	-178.0510
775.000000	79.607	-177.1809
788.000000	79.609	-176.3134
800.000000	79.616	-175.5081
812.000000	79.627	-174.7100
825.000000	79.644	-173.8510
838.000000	79.665	-172.9944
850.000000	79.689	-172.2036
862.000000	79.715	-171.4199
875.000000	79.749	-170.5826
885.000000	79.779	-169.9471
900.000000	79.829	-169.0070
912.000000	79.873	-168.2692
925.000000	79.926	-167.4887
938.000000	79.984	-166.7305
950.000000	80.041	-166.0517
962.000000	80.102	-165.3943
975.000000	80.171	-164.7082
988.000000	80.243	-164.0500
1000.000000	80.312	-163.4732
1015.000000	80.401	-162.7910
1030.000000	80.492	-162.1513
1044.000000	80.581	-161.5936
1060.000000	80.683	-161.0045
1075.000000	80.780	-160.4960
1090.000000	80.877	-160.0288
1106.000000	80.980	-159.5750
1120.000000	81.069	-159.2165
1138.000000	81.181	-158.7990
1150.000000	81.254	-158.5433
1172.000000	81.385	-158.1213
1180.000000	81.432	-157.9831
1206.000000	81.581	-157.5807
1220.000000	81.658	-157.3863
1241.000000	81.769	-157.1224
1250.000000	81.816	-157.0159
1265.000000	81.892	-156.8475
1280.000000	81.965	-156.6909
1315.000000	82.130	-156.3583
1320.000000	82.153	-156.3143
1340.000000	82.243	-156.1466
1360.000000	82.331	-155.9897
1380.000000	82.418	-155.8446
1400.000000	82.502	-155.7136
1430.000000	82.626	-155.5456
1450.000000	82.707	-155.4464
1475.000000	82.805	-155.3426
1500.000000	82.899	-155.2558
1525.000000	82.987	-155.1830
1550.000000	83.072	-155.1163
1575.000000	83.153	-155.0547
1600.000000	83.231	-154.9917
1625.000000	83.307	-154.9267
1650.000000	83.380	-154.8566
1675.000000	83.452	-154.7802
1700.000000	83.522	-154.6956
1725.000000	83.592	-154.6042
1750.000000	83.662	-154.5038
1775.000000	83.732	-154.3977
1800.000000	83.801	-154.2870
1825.000000	83.871	-154.1743
1850.000000	83.943	-154.0637
1875.000000	84.015	-153.9556
1900.000000	84.089	-153.8488
1925.000000	84.163	-153.7452
1950.000000	84.239	-153.6458
1975.000000	84.316	-153.5526
2000.000000	84.393	-153.4682
2030.000000	84.488	-153.3774
2060.000000	84.584	-153.3008
2090.000000	84.681	-153.2404
2120.000000	84.779	-153.1968
2140.000000	84.845	-153.1778
2180.000000	84.978	-153.1634
2200.000000	85.046	-153.1674
2240.000000	85.182	-153.2060
2270.000000	85.284	-153.2592
2300.000000	85.388	-153.3354
2330.000000	85.491	-153.4342
2360.000000	85.595	-153.5587
2400.000000	85.732	-153.7633
2430.000000	85.835	-153.9428
2470.000000	85.970	-154.2187
2500.000000	86.070	-154.4544
2540.000000	86.202	-154.8082
2580.000000	86.332	-155.2095
2620.000000	86.458	-155.6553
2650.000000	86.550	-156.0193
2690.000000	86.668	-156.5439
2720.000000	86.753	-156.9632
2760.000000	86.860	-157.5492
2800.000000	86.959	-158.1504
2850.000000	87.071	-158.8935
2900.000000	87.177	-159.5975
2950.000000	87.284	-160.2402
3000.000000	87.408	-160.8639
3040.000000	87.523	-161.4301
3070.000000	87.615	-161.9422
3110.000000	87.737	-162.7697
3150.000000	87.849	-163.7581
3200.000000	87.963	-165.1520
3250.000000	88.044	-166.6295
3300.000000	88.096	-168.1262
3350.000000	88.124	-169.6085
3400.000000	88.130	-171.0614
3450.000000	88.118	-172.4776
3500.000000	88.090	-173.8564
3550.000000	88.046	-175.1995
3600.000000	87.988	-176.5031
3650.000000	87.914	-177.7610
3700.000000	87.825	-178.9576
3750.000000	87.720	179.9255
3820.000000	87.555	178.5397
3870.000000	87.430	177.6760
3950.000000	87.228	176.4654
4000.000000	87.101	175.7889
4060.000000	86.944	175.0400
4120.000000	86.782	174.3620
4180.000000	86.615	173.7691
4250.000000	86.414	173.1983
4310.000000	86.241	172.8183
4370.000000	86.069	172.5262
4440.000000	85.871	172.2776
4500.000000	85.702	172.1390
4550.000000	85.562	172.0774
4620.000000	85.367	172.0784
4680.000000	85.203	172.1604
4750.000000	85.015	172.3495
4820.000000	84.833	172.6399
4870.000000	84.707	172.9096
4940.000000	84.540	173.3682
5000.000000	84.406	173.8223
5080.000000	84.240	174.4948
5150.000000	84.108	175.1327
5220.000000	83.986	175.8099
5300.000000	83.858	176.6259
5380.000000	83.742	177.4909
5450.000000	83.650	178.2906
5520.000000	83.568	179.1288
5600.000000	83.487	-179.8730
5700.000000	83.408	-178.5739
5800.000000	83.353	-177.2291
5900.000000	83.323	-175.8586
6000.000000	83.318	-174.4799
6080.000000	83.332	-173.3838
6150.000000	83.357	-172.4318
6220.000000	83.393	-171.4871
6300.000000	83.450	-170.4165
6400.000000	83.542	-169.0921
6500.000000	83.663	-167.7796
6600.000000	83.816	-166.4993
6700.000000	84.007	-165.2993
6800.000000	84.233	-164.2256
6900.000000	84.493	-163.3099
7000.000000	84.786	-162.5644
7100.000000	85.116	-162.0078
7200.000000	85.488	-161.6998
7300.000000	85.905	-161.7407
7400.000000	86.363	-162.2537
7500.000000	86.850	-163.3715
7620.000000	87.443	-165.6900
7750.000000	88.040	-169.5627
7880.000000	88.501	-174.8225
8000.000000	88.737	179.4022
8120.000000	88.755	173.1890
8250.000000	88.521	166.4564
8380.000000	88.034	160.2412
8500.000000	87.400	155.3951
8620.000000	86.646	151.6424
8750.000000	85.765	148.8303
8850.000000	85.076	147.4628
9000.000000	84.063	146.4683
9120.000000	83.283	146.3955
9250.000000	82.469	146.8924
9380.000000	81.682	147.9196
9500.000000	80.979	149.3424
9620.000000	80.303	151.2328
9750.000000	79.613	153.7632
9880.000000	78.971	156.7218
10000.000000	78.420	159.7914
10150.000000	77.784	164.1141
10300.000000	77.217	169.0675
10440.000000	76.770	174.3101
10600.000000	76.392	-178.9487
10750.000000	76.216	-171.9347
10900.000000	76.280	-164.4398
11060.000000	76.686	-156.5648
11200.000000	77.327	-150.7113
11380.000000	78.385	-145.7902
11500.000000	79.108	-144.2393
11720.000000	80.271	-143.8851
11800.000000	80.633	-144.2076
12060.000000	81.658	-145.9993
12200.000000	82.163	-147.3659
12410.000000	82.886	-150.1609
12500.000000	83.179	-151.7013
12650.000000	83.627	-154.7829
12800.000000	83.999	-158.5129
13150.000000	84.367	-169.0171
13200.000000	84.350	-170.5386
13400.000000	84.140	-176.1623
13600.000000	83.785	179.1513
13800.000000	83.361	175.2364
14000.000000	82.870	171.8896
14300.000000	82.002	168.4446
14500.000000	81.434	167.3964
14750.000000	80.839	166.8610
15000.000000	80.376	166.3856
15250.000000	79.984	165.3232
15500.000000	79.555	163.3144
15750.000000	78.955	160.6661
16000.000000	78.139	158.2218
16250.000000	77.158	156.5193
16500.000000	76.066	155.6787
16750.000000	74.899	155.7729
17000.000000	73.697	156.8446
17250.000000	72.507	158.8585
17500.000000	71.371	161.6677
17750.000000	70.323	165.0395
18000.000000	69.376	168.8162
18250.000000	68.557	172.9279
18500.000000	67.915	177.2361
18750.000000	67.512	-178.6314
19000.000000	67.401	-175.5092
19250.000000	67.532	-174.7733
19500.000000	67.660	-177.5508
19750.000000	67.485	176.7876
20000.000000	67.153	171.6220
