* Measurement data measured by REW V5.31.3
* Source: Microphone (JadeAudio JA11), MICROPHONE (Master Volume), R, volume: 0.250
* Format: 256k Log Swept Sine, 1 sweep at -2.9 dBFS with no timing reference
* Dated: Mar 20, 2025 9:02:14 AM
* REW Settings:
*  C-weighting compensation: Off
*  Target level: 75.0 dB
* Note: 
* Measurement: L EW100P (SBC, ET4)
* Smoothing: 1/24 octave
* Frequency Step: 1/48 octave
* Start Frequency: 20.000 Hz
*
* Freq(Hz)	SPL(dB)	Phase(degrees)
20.000000	85.051	-51.1600
20.299999	85.111	-53.4983
20.600000	85.166	-55.8236
20.900000	85.217	-58.1291
21.200001	85.263	-60.4085
21.400000	85.293	-61.9117
21.799999	85.348	-64.8786
22.000000	85.375	-66.3438
22.400000	85.428	-69.2437
22.700001	85.467	-71.3977
23.000000	85.506	-73.5380
23.299999	85.543	-75.6671
23.600000	85.580	-77.7857
24.000000	85.626	-80.5933
24.299999	85.658	-82.6842
24.700001	85.698	-85.4484
25.000000	85.727	-87.5019
25.400000	85.763	-90.2133
25.799999	85.798	-92.8978
26.200001	85.832	-95.5616
26.500000	85.857	-97.5491
26.900000	85.888	-100.1859
27.200001	85.909	-102.1513
27.600000	85.934	-104.7504
28.000000	85.957	-107.3214
28.500000	85.984	-110.4992
29.000000	86.011	-113.6504
29.500000	86.036	-116.7854
30.000000	86.057	-119.9005
30.400000	86.072	-122.3711
30.700001	86.082	-124.2095
31.100000	86.094	-126.6426
31.500000	86.105	-129.0578
32.000000	86.118	-132.0528
32.500000	86.130	-135.0162
33.000000	86.141	-137.9471
33.500000	86.154	-140.8588
34.000000	86.166	-143.7688
34.500000	86.174	-146.6760
35.000000	86.175	-149.5543
35.500000	86.171	-152.3757
36.000000	86.168	-155.1401
36.500000	86.170	-157.8763
37.000000	86.174	-160.6125
37.500000	86.176	-163.3524
38.200001	86.175	-167.1665
38.700001	86.173	-169.8698
39.500000	86.171	-174.1948
40.000000	86.166	-176.9047
40.599998	86.154	179.8615
41.200001	86.138	176.6732
41.799999	86.123	173.5328
42.500000	86.109	169.9053
43.099998	86.100	166.8051
43.700001	86.090	163.7077
44.400002	86.075	160.1226
45.000000	86.060	157.0979
45.500000	86.051	154.6051
46.200001	86.042	151.1180
46.799999	86.033	148.1158
47.500000	86.013	144.6321
48.200001	85.988	141.2067
48.700001	85.970	138.7927
49.400002	85.945	135.4390
50.000000	85.925	132.5806
50.799999	85.898	128.7868
51.500000	85.875	125.4734
52.200001	85.851	122.1628
53.000000	85.825	118.3813
53.799999	85.796	114.6016
54.500000	85.766	111.3213
55.200001	85.737	108.0906
56.000000	85.710	104.4286
57.000000	85.676	99.8346
58.000000	85.630	95.3010
59.000000	85.588	90.8786
60.000000	85.555	86.4664
60.799999	85.528	82.9073
61.500000	85.498	79.7901
62.200001	85.463	76.7067
63.000000	85.424	73.2439
64.000000	85.384	68.9482
65.000000	85.348	64.6309
66.000000	85.308	60.3290
67.000000	85.266	56.0529
68.000000	85.221	51.8080
69.000000	85.176	47.6059
70.000000	85.132	43.4384
71.000000	85.091	39.2881
72.000000	85.049	35.1413
73.000000	85.007	31.0181
74.000000	84.966	26.9214
75.000000	84.926	22.8306
76.199997	84.875	17.9363
77.500000	84.814	12.7054
78.800003	84.759	7.5345
80.000000	84.711	2.7614
81.199997	84.661	-2.0105
82.500000	84.605	-7.1421
83.800003	84.551	-12.2308
85.000000	84.503	-16.8994
86.199997	84.454	-21.5330
87.500000	84.401	-26.5308
88.500000	84.359	-30.3702
90.000000	84.296	-36.1276
91.199997	84.245	-40.7172
92.500000	84.193	-45.6432
93.800003	84.148	-50.5066
95.000000	84.112	-54.9625
96.199997	84.074	-59.4373
97.500000	84.019	-64.2666
98.800003	83.961	-69.0417
100.000000	83.910	-73.4538
101.500000	83.849	-78.9624
103.000000	83.794	-84.4527
104.400002	83.743	-89.5392
106.000000	83.682	-95.2896
107.500000	83.626	-100.6527
109.000000	83.572	-106.0118
110.599998	83.516	-111.7306
112.000000	83.466	-116.6980
113.800003	83.401	-123.0146
115.000000	83.356	-127.2106
117.199997	83.276	-134.8850
118.000000	83.250	-137.6805
120.599998	83.171	-146.7360
122.000000	83.129	-151.5559
124.099998	83.059	-158.7347
125.000000	83.027	-161.8051
126.500000	82.976	-166.9264
128.000000	82.929	-172.0479
131.500000	82.832	176.1382
132.000000	82.818	174.4678
134.000000	82.756	167.7870
136.000000	82.691	161.0873
138.000000	82.635	154.3850
140.000000	82.583	147.7198
143.000000	82.496	137.9273
145.000000	82.435	131.4446
147.500000	82.365	123.3015
150.000000	82.297	115.1771
152.500000	82.233	107.1299
155.000000	82.171	99.0898
157.500000	82.110	91.0970
160.000000	82.049	83.1661
162.500000	81.990	75.2462
165.000000	81.933	67.3180
167.500000	81.876	59.4524
170.000000	81.818	51.6818
172.500000	81.759	43.9354
175.000000	81.701	36.1737
177.500000	81.647	28.4423
180.000000	81.597	20.7539
182.500000	81.551	13.0814
185.000000	81.504	5.4185
187.500000	81.451	-2.1804
190.000000	81.399	-9.7416
192.500000	81.350	-17.2988
195.000000	81.305	-24.8409
197.500000	81.262	-32.3528
200.000000	81.218	-39.8264
203.000000	81.163	-48.7462
206.000000	81.106	-57.6459
209.000000	81.053	-66.5389
212.000000	81.009	-75.3846
214.000000	80.983	-81.2490
218.000000	80.922	-92.8942
220.000000	80.890	-98.6995
224.000000	80.826	-110.3371
227.000000	80.777	-119.0145
230.000000	80.734	-127.6523
233.000000	80.698	-136.2755
236.000000	80.665	-144.8640
240.000000	80.612	-156.2349
243.000000	80.565	-164.7439
247.000000	80.503	-176.0833
250.000000	80.465	175.4492
254.000000	80.423	164.2650
258.000000	80.384	153.1208
262.000000	80.342	142.0178
265.000000	80.308	133.7019
269.000000	80.262	122.6338
272.000000	80.230	114.3700
276.000000	80.191	103.3945
280.000000	80.150	92.4596
285.000000	80.102	78.8579
290.000000	80.053	65.3230
295.000000	80.007	51.8005
300.000000	79.964	38.3583
304.000000	79.932	27.6600
307.000000	79.909	19.6809
311.000000	79.877	9.0911
315.000000	79.843	-1.4907
320.000000	79.799	-14.7067
325.000000	79.759	-27.8783
330.000000	79.729	-40.9736
335.000000	79.699	-53.9744
340.000000	79.663	-66.9166
345.000000	79.626	-79.8160
350.000000	79.590	-92.6821
355.000000	79.555	-105.4951
360.000000	79.528	-118.2419
365.000000	79.504	-130.8894
370.000000	79.478	-143.4742
375.000000	79.451	-156.0054
382.000000	79.410	-173.4757
387.000000	79.383	174.0662
395.000000	79.349	154.2239
400.000000	79.329	141.9236
406.000000	79.304	127.2402
412.000000	79.277	112.6095
418.000000	79.246	98.0385
425.000000	79.213	81.0967
431.000000	79.190	66.6155
437.000000	79.173	52.1749
444.000000	79.151	35.4478
450.000000	79.131	21.1875
455.000000	79.115	9.3564
462.000000	79.092	-7.1356
468.000000	79.069	-21.2383
475.000000	79.043	-37.6387
482.000000	79.024	-53.9667
487.000000	79.015	-65.5695
494.000000	79.003	-81.7222
500.000000	78.991	-95.5055
508.000000	78.975	-113.7919
515.000000	78.959	-129.7297
522.000000	78.939	-145.6433
530.000000	78.915	-163.7874
538.000000	78.898	178.1689
545.000000	78.887	162.4822
552.000000	78.880	146.8595
560.000000	78.873	129.0973
570.000000	78.860	107.0740
580.000000	78.844	85.1460
590.000000	78.826	63.2520
600.000000	78.815	41.4915
608.000000	78.810	24.1984
615.000000	78.807	9.1226
622.000000	78.807	-5.8804
630.000000	78.807	-22.9357
640.000000	78.806	-44.1462
650.000000	78.799	-65.2896
660.000000	78.790	-86.3767
670.000000	78.787	-107.3218
680.000000	78.790	-128.1382
690.000000	78.799	-148.8271
700.000000	78.808	-169.3723
710.000000	78.813	170.1941
720.000000	78.818	149.8345
730.000000	78.824	129.5254
740.000000	78.835	109.3132
750.000000	78.850	89.2512
762.000000	78.872	65.3352
775.000000	78.901	39.5825
788.000000	78.930	13.9792
800.000000	78.957	-9.5181
812.000000	78.987	-32.9453
825.000000	79.024	-58.1980
838.000000	79.068	-83.2590
850.000000	79.117	-106.2642
862.000000	79.168	-129.1631
875.000000	79.224	-153.8286
885.000000	79.267	-172.7109
900.000000	79.339	159.0544
912.000000	79.405	136.5730
925.000000	79.478	112.4036
938.000000	79.554	88.3616
950.000000	79.632	66.2529
962.000000	79.714	44.2185
975.000000	79.804	20.4500
988.000000	79.893	-3.2417
1000.000000	79.978	-25.0779
1015.000000	80.089	-52.2888
1030.000000	80.199	-79.3394
1044.000000	80.304	-104.4692
1060.000000	80.430	-133.0635
1075.000000	80.550	-159.7520
1090.000000	80.666	173.6738
1106.000000	80.788	145.4084
1120.000000	80.895	120.7690
1138.000000	81.031	89.2693
1150.000000	81.119	68.3630
1172.000000	81.280	30.2656
1180.000000	81.339	16.4797
1206.000000	81.531	-28.1216
1220.000000	81.628	-52.0264
1241.000000	81.763	-87.7837
1250.000000	81.818	-103.0691
1265.000000	81.906	-128.4551
1280.000000	81.983	-153.7383
1315.000000	82.100	147.8333
1320.000000	82.111	139.5686
1340.000000	82.158	106.7361
1360.000000	82.231	74.2615
1380.000000	82.328	42.0757
1400.000000	82.431	10.0413
1430.000000	82.579	-37.8108
1450.000000	82.676	-69.5117
1475.000000	82.793	-108.8711
1500.000000	82.909	-147.9670
1525.000000	83.025	173.2012
1550.000000	83.139	134.6917
1575.000000	83.246	96.4487
1600.000000	83.344	58.4639
1625.000000	83.438	20.7769
1650.000000	83.541	-16.6128
1675.000000	83.649	-53.6787
1700.000000	83.755	-90.4663
1725.000000	83.861	-126.9805
1750.000000	83.970	-163.2161
1775.000000	84.077	160.7942
1800.000000	84.178	124.9492
1825.000000	84.270	89.2268
1850.000000	84.366	53.6904
1875.000000	84.474	18.4277
1900.000000	84.588	-16.4336
1925.000000	84.697	-51.0088
1950.000000	84.805	-85.3535
1975.000000	84.914	-119.4727
2000.000000	85.021	-153.3784
2030.000000	85.145	166.1431
2060.000000	85.271	125.8730
2090.000000	85.404	85.8818
2120.000000	85.541	46.2041
2140.000000	85.631	19.9453
2180.000000	85.808	-32.1792
2200.000000	85.897	-58.0352
2240.000000	86.075	-109.3599
2270.000000	86.204	-147.6006
2300.000000	86.331	174.3267
2330.000000	86.462	136.4614
2360.000000	86.597	98.9019
2400.000000	86.773	49.2690
2430.000000	86.897	12.3120
2470.000000	87.063	-36.5811
2500.000000	87.189	-72.8965
2540.000000	87.350	-121.0010
2580.000000	87.501	-168.8257
2620.000000	87.652	143.7119
2650.000000	87.763	108.4585
2690.000000	87.905	61.8071
2720.000000	88.003	27.0522
2760.000000	88.123	-18.9873
2800.000000	88.242	-64.5928
2850.000000	88.384	-120.8892
2900.000000	88.504	-176.7031
2950.000000	88.607	127.9136
3000.000000	88.692	73.0918
3040.000000	88.756	29.7271
3070.000000	88.799	-2.4736
3110.000000	88.848	-45.0688
3150.000000	88.890	-87.3169
3200.000000	88.922	-139.6689
3250.000000	88.939	168.4922
3300.000000	88.948	117.2690
3350.000000	88.936	66.4932
3400.000000	88.915	16.1748
3450.000000	88.892	-33.3799
3500.000000	88.860	-82.2520
3550.000000	88.814	-130.5020
3600.000000	88.756	-178.0879
3650.000000	88.699	135.0410
3700.000000	88.632	88.7314
3750.000000	88.551	42.6367
3820.000000	88.442	-21.1685
3870.000000	88.367	-66.1045
3950.000000	88.233	-137.1094
4000.000000	88.144	179.1172
4060.000000	88.044	127.5635
4120.000000	87.944	76.8027
4180.000000	87.844	26.6499
4250.000000	87.733	-31.1338
4310.000000	87.643	-79.9595
4370.000000	87.554	-128.1182
4440.000000	87.458	176.6143
4500.000000	87.379	130.0205
4550.000000	87.315	91.6079
4620.000000	87.229	38.4106
4680.000000	87.160	-6.6455
4750.000000	87.088	-58.4438
4820.000000	87.020	-109.4844
4870.000000	86.975	-145.4873
4940.000000	86.921	164.8018
5000.000000	86.885	122.8301
5080.000000	86.852	67.6982
5150.000000	86.838	20.1797
5220.000000	86.831	-26.7930
5300.000000	86.834	-79.8662
5380.000000	86.851	-132.0337
5450.000000	86.880	-176.9492
5520.000000	86.913	138.6904
5600.000000	86.944	88.3330
5700.000000	86.966	26.2930
5800.000000	86.929	-34.6924
5900.000000	86.786	-94.8550
6000.000000	86.511	-154.0337
6080.000000	86.207	159.9067
6150.000000	85.874	120.3584
6220.000000	85.498	81.5718
6300.000000	85.048	38.6328
6400.000000	84.491	-13.0034
6500.000000	84.022	-62.6445
6600.000000	83.731	-110.6465
6700.000000	83.562	-157.4746
6800.000000	83.406	156.5977
6900.000000	83.273	111.2920
7000.000000	83.192	66.6953
7100.000000	83.187	23.1895
7200.000000	83.245	-19.3057
7300.000000	83.356	-61.0176
7400.000000	83.513	-101.9629
7500.000000	83.698	-142.3242
7620.000000	83.936	169.8613
7750.000000	84.184	118.9365
7880.000000	84.371	68.5342
8000.000000	84.451	22.5361
8120.000000	84.397	-22.8594
8250.000000	84.130	-71.2158
8380.000000	83.649	-117.5234
8500.000000	83.016	-158.1162
8620.000000	82.229	163.2227
8750.000000	81.249	123.6016
8850.000000	80.438	94.9229
9000.000000	79.176	54.9297
9120.000000	78.144	25.1650
9250.000000	77.037	-4.8408
9380.000000	75.994	-32.0225
9500.000000	75.189	-53.9883
9620.000000	74.648	-73.3428
9750.000000	74.534	-92.1719
9880.000000	75.019	-110.2012
10000.000000	75.915	-127.5176
10150.000000	77.238	-151.5977
10300.000000	78.314	-178.6631
10440.000000	78.860	155.0391
10600.000000	78.943	126.3594
10750.000000	78.656	102.3770
10900.000000	78.203	81.4590
11060.000000	77.693	62.2510
11200.000000	77.295	47.6514
11380.000000	76.882	31.2754
11500.000000	76.685	21.8525
11720.000000	76.488	7.4668
11800.000000	76.460	3.0166
12060.000000	76.547	-8.0244
12200.000000	76.711	-11.8564
12410.000000	77.115	-15.3223
12500.000000	77.351	-16.0527
12650.000000	77.830	-16.3672
12800.000000	78.429	-15.7314
13150.000000	80.368	-11.6992
13200.000000	80.719	-10.9492
13400.000000	82.316	-8.0898
13600.000000	84.137	-6.6924
13800.000000	85.855	-8.5811
14000.000000	86.934	-14.1123
14300.000000	86.531	-22.1641
14500.000000	85.138	-20.9795
14750.000000	83.000	-8.8633
15000.000000	81.081	13.0244
15250.000000	79.610	41.6562
15500.000000	78.613	75.4893
15750.000000	78.041	113.1260
16000.000000	77.833	153.5693
16250.000000	77.981	-164.0186
16500.000000	78.506	-120.5498
16750.000000	79.386	-77.2012
17000.000000	80.415	-37.0967
17250.000000	81.124	-3.0303
17500.000000	80.931	26.7324
17750.000000	79.589	58.7930
18000.000000	77.403	99.9395
18250.000000	74.910	152.3164
18500.000000	72.496	-147.5986
18750.000000	70.290	-83.6650
19000.000000	68.182	-19.5693
19250.000000	65.943	45.9473
19500.000000	63.614	125.8438
19750.000000	61.580	-140.0840
20000.000000	60.390	-77.9385
