* Measurement data measured by REW V5.31.3
* Source: Microphone (JadeAudio JA11), MICROPHONE (Master Volume), R, volume: 0.250
* Format: 256k Log Swept Sine, 1 sweep at -2.9 dBFS with no timing reference
* Dated: Mar 12, 2025 10:26:47 PM
* REW Settings:
*  C-weighting compensation: Off
*  Target level: 75.0 dB
* Note: 
* Measurement: R EW100P (SBC, Origin)
* Smoothing: 1/24 octave
* Frequency Step: 1/48 octave
* Start Frequency: 20.000 Hz
*
* Freq(Hz)	SPL(dB)	Phase(degrees)
20.000000	85.011	-57.2517
20.299999	85.068	-59.6301
20.600000	85.123	-61.9906
20.900000	85.175	-64.3335
21.200001	85.226	-66.6596
21.400000	85.258	-68.2017
21.799999	85.320	-71.2661
22.000000	85.349	-72.7881
22.400000	85.403	-75.8100
22.700001	85.442	-78.0550
23.000000	85.477	-80.2795
23.299999	85.512	-82.4828
23.600000	85.544	-84.6651
24.000000	85.586	-87.5440
24.299999	85.617	-89.6826
24.700001	85.657	-92.5105
25.000000	85.686	-94.6165
25.400000	85.724	-97.4085
25.799999	85.760	-100.1855
26.200001	85.794	-102.9489
26.500000	85.817	-105.0112
26.900000	85.845	-107.7426
27.200001	85.863	-109.7734
27.600000	85.885	-112.4533
28.000000	85.905	-115.1006
28.500000	85.930	-118.3716
29.000000	85.954	-121.6133
29.500000	85.977	-124.8346
30.000000	85.996	-128.0356
30.400000	86.010	-130.5798
30.700001	86.019	-132.4778
31.100000	86.028	-134.9942
31.500000	86.036	-137.4922
32.000000	86.043	-140.5829
32.500000	86.048	-143.6339
33.000000	86.055	-146.6534
33.500000	86.063	-149.6606
34.000000	86.071	-152.6696
34.500000	86.074	-155.6736
35.000000	86.072	-158.6507
35.500000	86.067	-161.5853
36.000000	86.064	-164.4845
36.500000	86.064	-167.3701
37.000000	86.062	-170.2553
37.500000	86.057	-173.1316
38.200001	86.044	-177.1062
38.700001	86.033	-179.8971
39.500000	86.021	175.6933
40.000000	86.015	172.9559
40.599998	86.007	169.6852
41.200001	85.999	166.4276
41.799999	85.988	163.1846
42.500000	85.971	159.4384
43.099998	85.955	156.2683
43.700001	85.941	153.1151
44.400002	85.922	149.4315
45.000000	85.899	146.2883
45.500000	85.878	143.7013
46.200001	85.851	140.1245
46.799999	85.833	137.0612
47.500000	85.812	133.4624
48.200001	85.787	129.8712
48.700001	85.768	127.3356
49.400002	85.745	123.8224
50.000000	85.729	120.8255
50.799999	85.706	116.8573
51.500000	85.686	113.4288
52.200001	85.666	110.0174
53.000000	85.630	106.1728
53.799999	85.592	102.5046
54.500000	85.584	99.3357
55.200001	85.588	95.9764
56.000000	85.555	91.9583
57.000000	85.467	87.1398
58.000000	85.399	82.5130
59.000000	85.340	77.8505
60.000000	85.287	73.2332
60.799999	85.251	69.5503
61.500000	85.218	66.3456
62.200001	85.187	63.1741
63.000000	85.154	59.5684
64.000000	85.108	55.0791
65.000000	85.057	50.6438
66.000000	85.007	46.2602
67.000000	84.960	41.8964
68.000000	84.913	37.5453
69.000000	84.867	33.2339
70.000000	84.825	28.9463
71.000000	84.783	24.6687
72.000000	84.742	20.4067
73.000000	84.701	16.1506
74.000000	84.659	11.9064
75.000000	84.616	7.6759
76.199997	84.565	2.6028
77.500000	84.502	-2.8733
78.800003	84.433	-8.2590
80.000000	84.373	-13.1671
81.199997	84.319	-18.0558
82.500000	84.261	-23.3503
83.800003	84.204	-28.6084
85.000000	84.153	-33.4348
86.199997	84.099	-38.2436
87.500000	84.037	-43.4226
88.500000	83.989	-47.3854
90.000000	83.921	-53.3035
91.199997	83.870	-58.0209
92.500000	83.818	-63.1104
93.800003	83.765	-68.1573
95.000000	83.715	-72.7722
96.199997	83.663	-77.3644
97.500000	83.604	-82.3199
98.800003	83.547	-87.2844
100.000000	83.492	-91.8682
101.500000	83.425	-97.5562
103.000000	83.362	-103.1857
104.400002	83.304	-108.3981
106.000000	83.238	-114.3339
107.500000	83.174	-119.8734
109.000000	83.111	-125.3958
110.599998	83.044	-131.2643
112.000000	82.983	-136.3607
113.800003	82.905	-142.8151
115.000000	82.857	-147.0918
117.199997	82.770	-154.8984
118.000000	82.739	-157.7089
120.599998	82.666	-166.7814
122.000000	82.640	-171.7114
124.099998	82.600	-179.1978
125.000000	82.578	177.5805
126.500000	82.533	172.2322
128.000000	82.484	166.9399
131.500000	82.370	154.7216
132.000000	82.353	152.9811
134.000000	82.284	146.0300
136.000000	82.213	139.1016
138.000000	82.146	132.2136
140.000000	82.083	125.3561
143.000000	81.993	115.3813
145.000000	81.953	108.7437
147.500000	81.901	100.3428
150.000000	81.849	91.8811
152.500000	81.791	83.4587
155.000000	81.722	75.1422
157.500000	81.652	66.9077
160.000000	81.583	58.6901
162.500000	81.516	50.4917
165.000000	81.455	42.3140
167.500000	81.396	34.1843
170.000000	81.336	26.1378
172.500000	81.278	18.1167
175.000000	81.221	10.1182
177.500000	81.166	2.1904
180.000000	81.109	-5.6875
182.500000	81.052	-13.6071
185.000000	80.994	-21.5560
187.500000	80.941	-29.4446
190.000000	80.893	-37.2512
192.500000	80.844	-44.9968
195.000000	80.793	-52.7421
197.500000	80.741	-60.5037
200.000000	80.690	-68.2390
203.000000	80.630	-77.4199
206.000000	80.572	-86.5374
209.000000	80.515	-95.6686
212.000000	80.468	-104.7784
214.000000	80.447	-110.8296
218.000000	80.405	-122.8361
220.000000	80.375	-128.8063
224.000000	80.295	-140.7688
227.000000	80.238	-149.7551
230.000000	80.190	-158.7014
233.000000	80.148	-167.5509
236.000000	80.104	-176.3174
240.000000	80.048	172.0061
243.000000	80.010	163.2368
247.000000	79.958	151.5913
250.000000	79.921	142.8915
254.000000	79.877	131.3204
258.000000	79.834	119.8188
262.000000	79.788	108.3706
265.000000	79.753	99.8225
269.000000	79.707	88.4592
272.000000	79.674	79.9539
276.000000	79.632	68.6501
280.000000	79.588	57.3768
285.000000	79.539	43.3503
290.000000	79.493	29.4094
295.000000	79.445	15.5371
300.000000	79.399	1.7467
304.000000	79.362	-9.2378
307.000000	79.335	-17.4741
311.000000	79.300	-28.4436
315.000000	79.269	-39.3624
320.000000	79.234	-52.9200
325.000000	79.196	-66.3927
330.000000	79.156	-79.8152
335.000000	79.116	-93.1934
340.000000	79.075	-106.5249
345.000000	79.039	-119.8226
350.000000	79.010	-133.0798
355.000000	78.984	-146.2380
360.000000	78.959	-159.3052
365.000000	78.933	-172.3407
370.000000	78.905	174.6567
375.000000	78.875	161.6929
382.000000	78.836	143.5690
387.000000	78.815	130.6714
395.000000	78.786	110.1969
400.000000	78.764	97.4797
406.000000	78.737	82.2755
412.000000	78.709	67.1360
418.000000	78.681	52.0403
425.000000	78.648	34.4908
431.000000	78.625	19.5115
437.000000	78.609	4.6093
444.000000	78.591	-12.6659
450.000000	78.573	-27.4080
455.000000	78.556	-39.6389
462.000000	78.529	-56.7000
468.000000	78.505	-71.2916
475.000000	78.480	-88.2886
482.000000	78.461	-105.2090
487.000000	78.449	-117.2239
494.000000	78.433	-133.9541
500.000000	78.420	-148.2266
508.000000	78.404	-167.1636
515.000000	78.388	176.3357
522.000000	78.368	159.8755
530.000000	78.348	141.1169
538.000000	78.334	122.4623
545.000000	78.325	106.2372
552.000000	78.316	90.0754
560.000000	78.308	71.7083
570.000000	78.295	48.8811
580.000000	78.279	26.1375
590.000000	78.264	3.4626
600.000000	78.255	-19.0513
608.000000	78.251	-36.9436
615.000000	78.249	-52.5366
622.000000	78.249	-68.0449
630.000000	78.247	-85.6709
640.000000	78.243	-107.6089
650.000000	78.237	-129.5010
660.000000	78.233	-151.3193
670.000000	78.233	-172.9712
680.000000	78.237	165.5093
690.000000	78.246	144.1013
700.000000	78.255	122.8237
710.000000	78.262	101.6650
720.000000	78.270	80.5840
730.000000	78.279	59.5610
740.000000	78.289	38.6343
750.000000	78.304	17.8423
762.000000	78.326	-6.9731
775.000000	78.357	-33.6812
788.000000	78.387	-60.1821
800.000000	78.415	-84.5171
812.000000	78.447	-108.7883
825.000000	78.485	-134.9307
838.000000	78.528	-160.8994
850.000000	78.574	175.2454
862.000000	78.623	151.5239
875.000000	78.681	125.9775
885.000000	78.725	106.4224
900.000000	78.797	77.1985
912.000000	78.862	53.9255
925.000000	78.932	28.8564
938.000000	79.006	3.9080
950.000000	79.081	-19.0198
962.000000	79.159	-41.8599
975.000000	79.245	-66.4956
988.000000	79.331	-91.0203
1000.000000	79.415	-113.5996
1015.000000	79.526	-141.7336
1030.000000	79.635	-169.7036
1044.000000	79.735	164.3042
1060.000000	79.860	134.7300
1075.000000	79.984	107.1448
1090.000000	80.105	79.6877
1106.000000	80.225	50.4790
1120.000000	80.330	24.9771
1138.000000	80.467	-7.6663
1150.000000	80.557	-29.3123
1172.000000	80.714	-68.7622
1180.000000	80.769	-83.0557
1206.000000	80.918	-129.3254
1220.000000	80.977	-154.0557
1241.000000	81.061	169.1516
1250.000000	81.104	153.5059
1265.000000	81.189	127.5916
1280.000000	81.284	101.8083
1315.000000	81.520	42.0293
1320.000000	81.554	33.5308
1340.000000	81.686	-0.3611
1360.000000	81.812	-34.0864
1380.000000	81.934	-67.6575
1400.000000	82.051	-101.0527
1430.000000	82.211	-150.7791
1450.000000	82.315	176.3435
1475.000000	82.453	135.5947
1500.000000	82.595	95.1902
1525.000000	82.733	54.9844
1550.000000	82.865	14.9790
1575.000000	82.992	-24.7605
1600.000000	83.118	-64.1672
1625.000000	83.237	-103.2207
1650.000000	83.352	-141.9585
1675.000000	83.465	179.5750
1700.000000	83.579	141.3555
1725.000000	83.691	103.3806
1750.000000	83.799	65.6411
1775.000000	83.905	28.1602
1800.000000	84.012	-9.0088
1825.000000	84.123	-45.8604
1850.000000	84.234	-82.4355
1875.000000	84.346	-118.7866
1900.000000	84.461	-154.9404
1925.000000	84.578	169.1514
1950.000000	84.690	133.4272
1975.000000	84.798	97.8765
2000.000000	84.906	62.5249
2030.000000	85.045	20.4644
2060.000000	85.193	-21.1567
2090.000000	85.340	-62.4595
2120.000000	85.484	-103.5068
2140.000000	85.582	-130.7183
2180.000000	85.777	175.2329
2200.000000	85.875	148.3452
2240.000000	86.068	94.8315
2270.000000	86.217	54.9531
2300.000000	86.365	15.3569
2330.000000	86.509	-23.9722
2360.000000	86.651	-63.0337
2400.000000	86.837	-114.5513
2430.000000	86.967	-152.8857
2470.000000	87.130	156.3145
2500.000000	87.246	118.4419
2540.000000	87.398	68.2729
2580.000000	87.552	18.5303
2620.000000	87.714	-30.7051
2650.000000	87.838	-67.2915
2690.000000	87.996	-115.7041
2720.000000	88.103	-151.7969
2760.000000	88.228	160.3486
2800.000000	88.335	112.7778
2850.000000	88.435	53.7324
2900.000000	88.501	-4.7490
2950.000000	88.550	-62.1782
3000.000000	88.573	-118.5933
3040.000000	88.568	-163.2959
3070.000000	88.556	163.3589
3110.000000	88.539	119.2227
3150.000000	88.543	75.4937
3200.000000	88.581	21.5215
3250.000000	88.640	-31.9565
3300.000000	88.705	-84.9180
3350.000000	88.753	-137.3047
3400.000000	88.767	170.8418
3450.000000	88.751	119.4951
3500.000000	88.714	68.6968
3550.000000	88.661	18.4150
3600.000000	88.596	-31.3320
3650.000000	88.519	-80.5098
3700.000000	88.437	-129.0938
3750.000000	88.352	-177.0474
3820.000000	88.221	116.6670
3870.000000	88.132	70.0317
3950.000000	87.985	-3.2676
4000.000000	87.886	-48.4751
4060.000000	87.764	-102.0732
4120.000000	87.639	-154.9927
4180.000000	87.517	152.8296
4250.000000	87.389	93.0293
4310.000000	87.290	42.6436
4370.000000	87.194	-7.1143
4440.000000	87.086	-64.4634
4500.000000	86.996	-113.0376
4550.000000	86.922	-153.0825
4620.000000	86.820	151.5415
4680.000000	86.736	104.7534
4750.000000	86.645	51.0391
4820.000000	86.552	-1.8394
4870.000000	86.483	-39.2095
4940.000000	86.403	-90.6953
5000.000000	86.350	-134.0605
5080.000000	86.295	168.7407
5150.000000	86.266	119.3174
5220.000000	86.256	70.6089
5300.000000	86.263	15.8022
5380.000000	86.291	-38.0469
5450.000000	86.324	-84.5220
5520.000000	86.370	-130.5181
5600.000000	86.445	177.6318
5700.000000	86.552	113.6196
5800.000000	86.642	50.2661
5900.000000	86.674	-12.3389
6000.000000	86.596	-73.9580
6080.000000	86.429	-122.2842
6150.000000	86.193	-163.8398
6220.000000	85.879	155.3320
6300.000000	85.454	109.8984
6400.000000	84.871	55.0527
6500.000000	84.293	2.0176
6600.000000	83.785	-49.2012
6700.000000	83.382	-98.7686
6800.000000	83.097	-146.8135
6900.000000	82.919	166.4756
7000.000000	82.827	120.7441
7100.000000	82.817	75.9238
7200.000000	82.869	31.6660
7300.000000	82.966	-12.3516
7400.000000	83.108	-55.6543
7500.000000	83.263	-98.2393
7620.000000	83.434	-148.5693
7750.000000	83.591	158.4639
7880.000000	83.688	106.7461
8000.000000	83.713	59.8311
8120.000000	83.658	13.7705
8250.000000	83.473	-35.0596
8380.000000	83.111	-82.6855
8500.000000	82.606	-125.2188
8620.000000	81.947	-165.8672
8750.000000	81.095	152.5254
8850.000000	80.356	122.0420
9000.000000	79.156	79.0205
9120.000000	78.176	47.6787
9250.000000	77.146	16.7432
9380.000000	76.239	-11.3105
9500.000000	75.628	-34.9941
9620.000000	75.380	-56.8945
9750.000000	75.617	-79.5332
9880.000000	76.286	-102.4287
10000.000000	77.044	-124.8477
10150.000000	77.829	-154.4707
10300.000000	78.213	175.5762
10440.000000	78.176	148.3408
10600.000000	77.812	119.5264
10750.000000	77.322	95.5918
10900.000000	76.800	74.5996
11060.000000	76.284	55.2383
11200.000000	75.893	40.4199
11380.000000	75.484	23.6816
11500.000000	75.284	13.9883
11720.000000	75.063	-1.0703
11800.000000	75.022	-5.8066
12060.000000	75.042	-18.1279
12200.000000	75.147	-22.8213
12410.000000	75.442	-27.3193
12500.000000	75.620	-28.3350
12650.000000	75.986	-28.9473
12800.000000	76.441	-28.3213
13150.000000	77.906	-23.0273
13200.000000	78.170	-21.9375
13400.000000	79.402	-16.8906
13600.000000	80.959	-11.0723
13800.000000	82.848	-5.5156
14000.000000	84.927	-2.1816
14300.000000	87.418	-5.5254
14500.000000	87.819	-11.4609
14750.000000	86.644	-13.9219
15000.000000	84.469	-4.0283
15250.000000	82.309	17.7422
15500.000000	80.620	47.5459
15750.000000	79.464	82.9180
16000.000000	78.744	122.1943
16250.000000	78.365	164.1689
16500.000000	78.280	-152.0684
16750.000000	78.423	-108.0957
17000.000000	78.667	-65.6494
17250.000000	78.819	-24.6328
17500.000000	78.638	15.7598
17750.000000	77.935	56.8574
18000.000000	76.693	101.5166
18250.000000	75.034	151.9326
18500.000000	73.128	-151.2090
18750.000000	71.119	-88.5059
19000.000000	69.106	-21.2617
19250.000000	67.158	49.0703
19500.000000	65.294	123.3252
19750.000000	63.549	-159.0586
20000.000000	62.378	-102.2080
