* Measurement data measured by REW V5.31.3
* Source: Microphone (JadeAudio JA11), MICROPHONE (Master Volume), R, volume: 0.250
* Format: 256k Log Swept Sine, 1 sweep at -2.9 dBFS with no timing reference
* Dated: Mar 11, 2025 9:36:15 PM
* REW Settings:
*  C-weighting compensation: Off
*  Target level: 75.0 dB
* Note: 
* Measurement: L EW100P (SBC, Velvet)
* Smoothing: 1/24 octave
* Frequency Step: 1/48 octave
* Start Frequency: 20.000 Hz
*
* Freq(Hz)	SPL(dB)	Phase(degrees)
20.000000	85.108	-40.6039
20.299999	85.162	-42.7655
20.600000	85.215	-44.9099
20.900000	85.265	-47.0376
21.200001	85.313	-49.1485
21.400000	85.343	-50.5460
21.799999	85.401	-53.3162
22.000000	85.428	-54.6884
22.400000	85.481	-57.4071
22.700001	85.519	-59.4248
23.000000	85.556	-61.4254
23.299999	85.592	-63.4091
23.600000	85.626	-65.3759
24.000000	85.670	-67.9722
24.299999	85.702	-69.9018
24.700001	85.744	-72.4565
25.000000	85.774	-74.3619
25.400000	85.810	-76.8867
25.799999	85.842	-79.3831
26.200001	85.869	-81.8381
26.500000	85.889	-83.6508
26.900000	85.916	-86.0409
27.200001	85.937	-87.8263
27.600000	85.963	-90.2100
28.000000	85.982	-92.5890
28.500000	85.996	-95.5066
29.000000	86.005	-98.3114
29.500000	86.027	-101.0321
30.000000	86.065	-103.7778
30.400000	86.099	-106.0536
30.700001	86.120	-107.8062
31.100000	86.135	-110.1653
31.500000	86.137	-112.4945
32.000000	86.130	-115.3043
32.500000	86.127	-118.0100
33.000000	86.133	-120.6732
33.500000	86.143	-123.3398
34.000000	86.152	-126.0090
34.500000	86.158	-128.6609
35.000000	86.163	-131.2879
35.500000	86.167	-133.8942
36.000000	86.169	-136.4817
36.500000	86.168	-139.0450
37.000000	86.166	-141.5807
37.500000	86.162	-144.0902
38.200001	86.154	-147.5619
38.700001	86.147	-150.0105
39.500000	86.139	-153.8880
40.000000	86.134	-156.3037
40.599998	86.127	-159.2026
41.200001	86.116	-162.0887
41.799999	86.102	-164.9464
42.500000	86.086	-168.2461
43.099998	86.072	-171.0559
43.700001	86.058	-173.8543
44.400002	86.042	-177.1114
45.000000	86.025	-179.9006
45.500000	86.007	177.7895
46.200001	85.978	174.6161
46.799999	85.955	171.9621
47.500000	85.939	168.8903
48.200001	85.927	165.7946
48.700001	85.915	163.5795
49.400002	85.894	160.5056
50.000000	85.876	157.8949
50.799999	85.849	154.4349
51.500000	85.821	151.4471
52.200001	85.794	148.4955
53.000000	85.766	145.1228
53.799999	85.734	141.7540
54.500000	85.707	138.8264
55.200001	85.680	135.9060
56.000000	85.649	132.5898
57.000000	85.615	128.4911
58.000000	85.580	124.4718
59.000000	85.568	120.5693
60.000000	85.573	116.4307
60.799999	85.532	113.0121
61.500000	85.468	110.2134
62.200001	85.416	107.5815
63.000000	85.375	104.5760
64.000000	85.324	100.7508
65.000000	85.276	96.9075
66.000000	85.229	93.0281
67.000000	85.180	89.1669
68.000000	85.136	85.3454
69.000000	85.095	81.5586
70.000000	85.055	77.7966
71.000000	85.012	74.0775
72.000000	84.967	70.4002
73.000000	84.922	66.7455
74.000000	84.875	63.1067
75.000000	84.830	59.4767
76.199997	84.779	55.1287
77.500000	84.727	50.4078
78.800003	84.671	45.7194
80.000000	84.620	41.4544
81.199997	84.569	37.2340
82.500000	84.513	32.7048
83.800003	84.456	28.1990
85.000000	84.402	24.0462
86.199997	84.349	19.9016
87.500000	84.293	15.4310
88.500000	84.254	12.0037
90.000000	84.194	6.8751
91.199997	84.144	2.8401
92.500000	84.095	-1.4857
93.800003	84.044	-5.8146
95.000000	83.994	-9.7919
96.199997	83.942	-13.7556
97.500000	83.887	-18.0344
98.800003	83.835	-22.3024
100.000000	83.788	-26.2358
101.500000	83.730	-31.1147
103.000000	83.676	-35.9661
104.400002	83.624	-40.4666
106.000000	83.566	-45.5701
107.500000	83.512	-50.3401
109.000000	83.454	-55.0800
110.599998	83.391	-60.1065
112.000000	83.334	-64.4948
113.800003	83.261	-70.1106
115.000000	83.218	-73.8403
117.199997	83.144	-80.6454
118.000000	83.119	-83.0909
120.599998	83.044	-90.9668
122.000000	83.000	-95.1826
124.099998	82.937	-101.5123
125.000000	82.909	-104.2462
126.500000	82.861	-108.8086
128.000000	82.813	-113.3632
131.500000	82.698	-123.8840
132.000000	82.683	-125.3687
134.000000	82.628	-131.2784
136.000000	82.579	-137.1522
138.000000	82.529	-142.9982
140.000000	82.470	-148.8590
143.000000	82.367	-157.5522
145.000000	82.309	-163.3269
147.500000	82.240	-170.5491
150.000000	82.169	-177.7088
152.500000	82.103	175.1902
155.000000	82.038	168.1256
157.500000	81.975	161.1194
160.000000	81.916	154.1356
162.500000	81.858	147.1737
165.000000	81.798	140.2400
167.500000	81.737	133.3146
170.000000	81.679	126.3951
172.500000	81.623	119.5164
175.000000	81.570	112.6829
177.500000	81.516	105.8898
180.000000	81.462	99.1400
182.500000	81.411	92.4332
185.000000	81.364	85.7396
187.500000	81.316	79.0629
190.000000	81.266	72.4032
192.500000	81.215	65.7526
195.000000	81.166	59.1138
197.500000	81.119	52.5081
200.000000	81.075	45.9445
203.000000	81.023	38.0998
206.000000	80.971	30.2841
209.000000	80.919	22.5089
212.000000	80.868	14.7720
214.000000	80.833	9.6401
218.000000	80.765	-0.6097
220.000000	80.733	-5.7408
224.000000	80.676	-15.9870
227.000000	80.632	-23.5750
230.000000	80.590	-31.1132
233.000000	80.547	-38.6652
236.000000	80.506	-46.1987
240.000000	80.451	-56.1869
243.000000	80.408	-63.6158
247.000000	80.347	-73.5051
250.000000	80.303	-80.9392
254.000000	80.255	-90.7787
258.000000	80.207	-100.5831
262.000000	80.156	-110.3440
265.000000	80.118	-117.6216
269.000000	80.068	-127.2634
272.000000	80.033	-134.4281
276.000000	79.991	-143.9678
280.000000	79.964	-153.5404
285.000000	79.931	-165.3879
290.000000	79.895	-177.1514
295.000000	79.864	171.0073
300.000000	79.823	159.1506
304.000000	79.784	149.7712
307.000000	79.755	142.8097
311.000000	79.723	133.5880
315.000000	79.700	124.3860
320.000000	79.677	112.8141
325.000000	79.646	101.2180
330.000000	79.606	89.6747
335.000000	79.565	78.2284
340.000000	79.529	66.8782
345.000000	79.493	55.6106
350.000000	79.456	44.4187
355.000000	79.429	33.3092
360.000000	79.413	22.2386
365.000000	79.402	11.1305
370.000000	79.386	-0.0031
375.000000	79.360	-11.1284
382.000000	79.319	-26.6348
387.000000	79.295	-37.6252
395.000000	79.256	-55.0715
400.000000	79.229	-65.9360
406.000000	79.200	-78.9001
412.000000	79.171	-91.8041
418.000000	79.141	-104.6458
425.000000	79.107	-119.5605
431.000000	79.078	-132.3149
437.000000	79.050	-145.0172
444.000000	79.023	-159.7284
450.000000	79.004	-172.2578
455.000000	78.989	177.3412
462.000000	78.970	162.8385
468.000000	78.955	150.4590
475.000000	78.939	136.0543
482.000000	78.922	121.6906
487.000000	78.907	111.4550
494.000000	78.884	97.1541
500.000000	78.866	84.9310
508.000000	78.847	68.7523
515.000000	78.833	54.7128
522.000000	78.822	40.7161
530.000000	78.811	24.8097
538.000000	78.797	8.9768
545.000000	78.784	-4.8192
552.000000	78.770	-18.5598
560.000000	78.751	-34.2147
570.000000	78.730	-53.7216
580.000000	78.714	-73.1088
590.000000	78.701	-92.3296
600.000000	78.695	-111.4153
608.000000	78.693	-126.5933
615.000000	78.692	-139.8156
622.000000	78.689	-152.9882
630.000000	78.683	-168.0043
640.000000	78.672	173.2856
650.000000	78.660	154.6354
660.000000	78.655	136.0779
670.000000	78.654	117.6375
680.000000	78.654	99.3262
690.000000	78.658	81.1659
700.000000	78.669	63.1200
710.000000	78.683	45.1511
720.000000	78.698	27.2614
730.000000	78.708	9.4341
740.000000	78.713	-8.3342
750.000000	78.719	-26.0549
762.000000	78.738	-47.2017
775.000000	78.766	-69.9258
788.000000	78.791	-92.4575
800.000000	78.821	-113.1025
812.000000	78.857	-133.6562
825.000000	78.899	-155.8042
838.000000	78.939	-177.8342
850.000000	78.976	161.8867
862.000000	79.020	141.6421
875.000000	79.076	119.8447
885.000000	79.122	103.1836
900.000000	79.193	78.3123
912.000000	79.254	58.5710
925.000000	79.330	37.3232
938.000000	79.415	16.1826
950.000000	79.495	-3.2546
962.000000	79.572	-22.6353
975.000000	79.655	-43.6045
988.000000	79.744	-64.5669
1000.000000	79.832	-83.8569
1015.000000	79.940	-107.8513
1030.000000	80.049	-131.7390
1044.000000	80.152	-153.9180
1060.000000	80.276	-179.1013
1075.000000	80.397	157.4365
1090.000000	80.518	134.0627
1106.000000	80.644	109.2087
1120.000000	80.749	87.4893
1138.000000	80.883	59.6089
1150.000000	80.970	41.0935
1172.000000	81.127	7.3049
1180.000000	81.183	-4.9272
1206.000000	81.362	-44.4431
1220.000000	81.456	-65.5630
1241.000000	81.593	-97.0911
1250.000000	81.649	-110.5557
1265.000000	81.735	-132.9436
1280.000000	81.807	-155.2732
1315.000000	81.914	153.0413
1320.000000	81.924	145.7336
1340.000000	81.966	116.7112
1360.000000	82.026	88.0151
1380.000000	82.109	59.5452
1400.000000	82.207	31.2661
1430.000000	82.366	-10.8413
1450.000000	82.469	-38.7737
1475.000000	82.588	-73.5503
1500.000000	82.701	-108.1597
1525.000000	82.810	-142.5251
1550.000000	82.912	-176.6113
1575.000000	83.012	149.6113
1600.000000	83.115	116.1584
1625.000000	83.217	83.0137
1650.000000	83.317	50.0723
1675.000000	83.419	17.3118
1700.000000	83.522	-15.2373
1725.000000	83.624	-47.5793
1750.000000	83.724	-79.7280
1775.000000	83.824	-111.6724
1800.000000	83.922	-143.3977
1825.000000	84.020	-174.8979
1850.000000	84.119	153.8313
1875.000000	84.219	122.7891
1900.000000	84.322	91.9553
1925.000000	84.432	61.3276
1950.000000	84.546	30.9331
1975.000000	84.654	0.7083
2000.000000	84.759	-29.3762
2030.000000	84.887	-65.2473
2060.000000	85.015	-100.8345
2090.000000	85.139	-136.1487
2120.000000	85.266	-171.1924
2140.000000	85.354	165.6194
2180.000000	85.529	119.5916
2200.000000	85.618	96.7019
2240.000000	85.804	51.2336
2270.000000	85.942	17.3833
2300.000000	86.074	-16.3213
2330.000000	86.206	-49.8525
2360.000000	86.340	-83.1709
2400.000000	86.511	-127.2622
2430.000000	86.638	-160.0820
2470.000000	86.813	156.5864
2500.000000	86.942	124.3843
2540.000000	87.110	81.7354
2580.000000	87.280	39.5420
2620.000000	87.449	-2.2417
2650.000000	87.566	-33.4199
2690.000000	87.709	-74.9023
2720.000000	87.812	-105.8691
2760.000000	87.944	-146.8564
2800.000000	88.069	172.5625
2850.000000	88.217	122.3774
2900.000000	88.345	72.7188
2950.000000	88.452	23.5234
3000.000000	88.549	-25.0938
3040.000000	88.614	-63.6284
3070.000000	88.652	-92.3911
3110.000000	88.696	-130.5469
3150.000000	88.731	-168.4087
3200.000000	88.756	144.6714
3250.000000	88.770	98.2832
3300.000000	88.769	52.5981
3350.000000	88.750	7.5391
3400.000000	88.715	-36.8926
3450.000000	88.669	-80.7578
3500.000000	88.611	-124.1475
3550.000000	88.533	-167.2476
3600.000000	88.444	149.9990
3650.000000	88.349	107.7568
3700.000000	88.248	66.0820
3750.000000	88.139	24.9619
3820.000000	87.982	-31.5747
3870.000000	87.869	-71.2002
3950.000000	87.689	-133.6382
4000.000000	87.585	-172.0933
4060.000000	87.468	142.3311
4120.000000	87.356	97.2969
4180.000000	87.239	52.6484
4250.000000	87.107	1.2168
4310.000000	86.994	-42.2021
4370.000000	86.883	-84.9619
4440.000000	86.755	-133.9795
4500.000000	86.647	-175.3037
4550.000000	86.560	150.7261
4620.000000	86.441	103.8145
4680.000000	86.346	64.1626
4750.000000	86.235	18.3501
4820.000000	86.118	-27.1299
4870.000000	86.044	-59.1660
4940.000000	85.954	-103.1157
5000.000000	85.891	-140.0532
5080.000000	85.832	171.5757
5150.000000	85.795	129.7485
5220.000000	85.765	88.2734
5300.000000	85.757	41.7119
5380.000000	85.769	-3.8848
5450.000000	85.791	-43.3237
5520.000000	85.823	-82.4561
5600.000000	85.881	-126.6592
5700.000000	85.978	178.9175
5800.000000	86.077	125.0029
5900.000000	86.147	71.6519
6000.000000	86.149	19.2642
6080.000000	86.065	-21.8657
6150.000000	85.912	-57.3086
6220.000000	85.684	-92.1426
6300.000000	85.336	-131.1108
6400.000000	84.822	-178.2793
6500.000000	84.320	136.3936
6600.000000	83.954	92.6680
6700.000000	83.681	50.0439
6800.000000	83.411	8.4678
6900.000000	83.185	-31.6279
7000.000000	83.031	-70.5576
7100.000000	82.960	-108.7227
7200.000000	82.956	-146.5039
7300.000000	83.016	176.1533
7400.000000	83.131	139.5244
7500.000000	83.283	103.4668
7620.000000	83.498	60.7935
7750.000000	83.744	15.2754
7880.000000	83.976	-29.4219
8000.000000	84.136	-70.1440
8120.000000	84.187	-110.6860
8250.000000	84.072	-153.9922
8380.000000	83.725	163.9082
8500.000000	83.192	126.5049
8620.000000	82.458	90.5732
8750.000000	81.482	53.5459
8850.000000	80.643	26.7729
9000.000000	79.311	-10.2812
9120.000000	78.224	-37.2192
9250.000000	77.060	-63.7871
9380.000000	75.973	-87.2744
9500.000000	75.108	-106.2461
9620.000000	74.495	-122.9111
9750.000000	74.283	-139.2285
9880.000000	74.655	-155.2539
10000.000000	75.451	-171.1133
10150.000000	76.689	166.6230
10300.000000	77.733	141.9941
10440.000000	78.279	118.3945
10600.000000	78.354	92.5215
10750.000000	78.040	70.6016
10900.000000	77.543	51.4355
11060.000000	76.961	33.7695
11200.000000	76.481	20.2773
11380.000000	75.951	5.1797
11500.000000	75.666	-3.5488
11720.000000	75.273	-16.9951
11800.000000	75.172	-20.9912
12060.000000	75.000	-30.2646
12200.000000	75.002	-33.2266
12410.000000	75.131	-35.6602
12500.000000	75.233	-36.0664
12650.000000	75.466	-35.9688
12800.000000	75.779	-34.9570
13150.000000	76.863	-29.3320
13200.000000	77.065	-28.1533
13400.000000	78.023	-22.5332
13600.000000	79.261	-15.6426
13800.000000	80.841	-7.8086
14000.000000	82.825	0.0410
14300.000000	86.348	6.1309
14500.000000	88.337	2.4668
14750.000000	89.086	-8.3896
15000.000000	87.537	-14.4922
15250.000000	84.868	-6.5449
15500.000000	82.373	14.3857
15750.000000	80.513	42.9717
16000.000000	79.224	75.9668
16250.000000	78.375	112.5781
16500.000000	77.863	151.7646
16750.000000	77.613	-167.5596
17000.000000	77.569	-126.3604
17250.000000	77.678	-85.4453
17500.000000	77.810	-45.4736
17750.000000	77.764	-6.7480
18000.000000	77.350	31.5991
18250.000000	76.498	71.7070
18500.000000	75.301	116.3418
18750.000000	73.921	166.0986
19000.000000	72.364	-142.1602
19250.000000	70.526	-87.4473
19500.000000	68.562	-22.6108
19750.000000	66.857	48.0396
20000.000000	65.856	96.5371
