* Measurement data measured by REW V5.31.3
* Source: Microphone (JadeAudio JA11), MICROPHONE (Master Volume), R, volume: 0.250
* Format: 256k Log Swept Sine, 1 sweep at -12.0 dBFS with no timing reference
* Dated: Mar 15, 2025 7:02:44 AM
* REW Settings:
*  C-weighting compensation: Off
*  Target level: 75.0 dB
* Note: 
* Measurement: L SM1 (Silver, EX11)
* Smoothing: 1/24 octave
* Frequency Step: 1/48 octave
* Start Frequency: 20.000 Hz
*
* Freq(Hz)	SPL(dB)	Phase(degrees)
20.000000	87.301	19.4417
20.299999	87.338	18.9158
20.600000	87.374	18.4087
20.900000	87.408	17.9151
21.200001	87.438	17.4239
21.400000	87.456	17.0996
21.799999	87.487	16.4670
22.000000	87.500	16.1559
22.400000	87.520	15.5120
22.700001	87.532	15.0464
23.000000	87.542	14.5909
23.299999	87.550	14.1018
23.600000	87.557	13.6182
24.000000	87.564	12.9839
24.299999	87.568	12.4771
24.700001	87.573	11.8134
25.000000	87.576	11.3295
25.400000	87.582	10.6556
25.799999	87.589	9.9979
26.200001	87.597	9.3429
26.500000	87.604	8.8526
26.900000	87.612	8.2152
27.200001	87.618	7.7536
27.600000	87.626	7.1609
28.000000	87.634	6.5909
28.500000	87.646	5.9197
29.000000	87.656	5.2679
29.500000	87.662	4.6439
30.000000	87.663	4.0431
30.400000	87.661	3.5782
30.700001	87.658	3.2404
31.100000	87.652	2.7988
31.500000	87.644	2.3542
32.000000	87.631	1.8124
32.500000	87.616	1.2570
33.000000	87.599	0.7150
33.500000	87.582	0.1570
34.000000	87.566	-0.3962
34.500000	87.549	-0.9633
35.000000	87.531	-1.5181
35.500000	87.514	-2.0639
36.000000	87.499	-2.5899
36.500000	87.486	-3.1037
37.000000	87.474	-3.6126
37.500000	87.462	-4.1153
38.200001	87.440	-4.8065
38.700001	87.419	-5.2718
39.500000	87.381	-5.9397
40.000000	87.358	-6.3140
40.599998	87.334	-6.7598
41.200001	87.309	-7.2181
41.799999	87.281	-7.6844
42.500000	87.245	-8.2270
43.099998	87.214	-8.6976
43.700001	87.178	-9.1663
44.400002	87.134	-9.6599
45.000000	87.105	-10.0486
45.500000	87.088	-10.3958
46.200001	87.062	-10.9475
46.799999	87.030	-11.4254
47.500000	86.987	-11.9101
48.200001	86.951	-12.3393
48.700001	86.929	-12.6498
49.400002	86.895	-13.0986
50.000000	86.864	-13.4719
50.799999	86.821	-13.9482
51.500000	86.782	-14.3592
52.200001	86.742	-14.7610
53.000000	86.696	-15.1969
53.799999	86.652	-15.6368
54.500000	86.612	-16.0367
55.200001	86.568	-16.4135
56.000000	86.522	-16.7974
57.000000	86.472	-17.2963
58.000000	86.415	-17.8117
59.000000	86.357	-18.2628
60.000000	86.301	-18.6963
60.799999	86.253	-19.0302
61.500000	86.212	-19.3053
62.200001	86.173	-19.5864
63.000000	86.126	-19.9213
64.000000	86.062	-20.3181
65.000000	86.002	-20.6850
66.000000	85.945	-21.0634
67.000000	85.886	-21.4359
68.000000	85.828	-21.7852
69.000000	85.772	-22.1194
70.000000	85.716	-22.4517
71.000000	85.658	-22.7905
72.000000	85.596	-23.1041
73.000000	85.537	-23.3855
74.000000	85.480	-23.6663
75.000000	85.424	-23.9519
76.199997	85.357	-24.2979
77.500000	85.281	-24.6472
78.800003	85.206	-24.9610
80.000000	85.140	-25.2359
81.199997	85.074	-25.5070
82.500000	85.004	-25.7998
83.800003	84.933	-26.0775
85.000000	84.867	-26.3231
86.199997	84.802	-26.5623
87.500000	84.731	-26.8187
88.500000	84.677	-27.0124
90.000000	84.597	-27.3031
91.199997	84.535	-27.5143
92.500000	84.471	-27.7335
93.800003	84.406	-27.9258
95.000000	84.349	-28.0656
96.199997	84.294	-28.2321
97.500000	84.225	-28.4329
98.800003	84.150	-28.5943
100.000000	84.084	-28.7259
101.500000	84.006	-28.9063
103.000000	83.931	-29.0970
104.400002	83.863	-29.2586
106.000000	83.787	-29.4176
107.500000	83.718	-29.5427
109.000000	83.651	-29.6800
110.599998	83.576	-29.8273
112.000000	83.510	-29.9390
113.800003	83.427	-30.0664
115.000000	83.372	-30.1506
117.199997	83.268	-30.2982
118.000000	83.231	-30.3443
120.599998	83.117	-30.4933
122.000000	83.059	-30.5845
124.099998	82.970	-30.7229
125.000000	82.931	-30.7661
126.500000	82.867	-30.8174
128.000000	82.806	-30.8648
131.500000	82.662	-30.9780
132.000000	82.642	-30.9932
134.000000	82.559	-31.0467
136.000000	82.476	-31.1111
138.000000	82.389	-31.1607
140.000000	82.305	-31.1713
143.000000	82.188	-31.1910
145.000000	82.111	-31.2185
147.500000	82.014	-31.2178
150.000000	81.920	-31.2054
152.500000	81.819	-31.1054
155.000000	81.720	-30.9166
157.500000	81.630	-30.7143
160.000000	81.547	-30.6283
162.500000	81.469	-30.5335
165.000000	81.404	-30.3855
167.500000	81.340	-30.3144
170.000000	81.268	-30.3091
172.500000	81.206	-30.2775
175.000000	81.152	-30.1535
177.500000	81.096	-29.9231
180.000000	81.035	-29.7877
182.500000	80.965	-29.7775
185.000000	80.893	-29.7921
187.500000	80.820	-29.7962
190.000000	80.746	-29.7670
192.500000	80.672	-29.6920
195.000000	80.593	-29.5609
197.500000	80.513	-29.3882
200.000000	80.433	-29.2136
203.000000	80.342	-28.9640
206.000000	80.257	-28.5899
209.000000	80.196	-28.1055
212.000000	80.167	-27.6527
214.000000	80.152	-27.4819
218.000000	80.106	-27.3876
220.000000	80.081	-27.3705
224.000000	80.019	-27.2861
227.000000	79.955	-27.2108
230.000000	79.897	-27.1409
233.000000	79.853	-27.0768
236.000000	79.812	-26.9511
240.000000	79.748	-26.7780
243.000000	79.690	-26.6931
247.000000	79.604	-26.5557
250.000000	79.548	-26.4361
254.000000	79.472	-26.2912
258.000000	79.391	-26.1041
262.000000	79.315	-25.8969
265.000000	79.260	-25.7149
269.000000	79.192	-25.4659
272.000000	79.144	-25.2698
276.000000	79.083	-25.0022
280.000000	79.018	-24.7664
285.000000	78.931	-24.4282
290.000000	78.853	-24.0784
295.000000	78.785	-23.7225
300.000000	78.723	-23.3691
304.000000	78.670	-23.1197
307.000000	78.629	-22.9185
311.000000	78.576	-22.6668
315.000000	78.526	-22.4277
320.000000	78.465	-22.1140
325.000000	78.404	-21.7819
330.000000	78.339	-21.4339
335.000000	78.277	-21.0962
340.000000	78.221	-20.7635
345.000000	78.168	-20.4246
350.000000	78.116	-20.0747
355.000000	78.064	-19.7529
360.000000	78.011	-19.4373
365.000000	77.960	-19.0970
370.000000	77.911	-18.7514
375.000000	77.863	-18.4150
382.000000	77.800	-17.9480
387.000000	77.756	-17.6125
395.000000	77.687	-17.0822
400.000000	77.645	-16.7624
406.000000	77.595	-16.3559
412.000000	77.547	-15.9356
418.000000	77.501	-15.5251
425.000000	77.449	-15.0496
431.000000	77.408	-14.6378
437.000000	77.369	-14.2220
444.000000	77.325	-13.7426
450.000000	77.288	-13.3233
455.000000	77.259	-12.9769
462.000000	77.218	-12.4977
468.000000	77.185	-12.0738
475.000000	77.150	-11.5866
482.000000	77.122	-11.1286
487.000000	77.103	-10.8142
494.000000	77.075	-10.3975
500.000000	77.049	-10.0595
508.000000	77.014	-9.6009
515.000000	76.982	-9.1910
522.000000	76.949	-8.7739
530.000000	76.912	-8.2901
538.000000	76.878	-7.8102
545.000000	76.849	-7.3813
552.000000	76.821	-6.9376
560.000000	76.790	-6.4410
570.000000	76.755	-5.8202
580.000000	76.720	-5.1887
590.000000	76.686	-4.5586
600.000000	76.655	-3.9257
608.000000	76.633	-3.4296
615.000000	76.615	-2.9896
622.000000	76.599	-2.5389
630.000000	76.580	-2.0232
640.000000	76.558	-1.3787
650.000000	76.541	-0.7431
660.000000	76.527	-0.1108
670.000000	76.515	0.5143
680.000000	76.504	1.1342
690.000000	76.493	1.7519
700.000000	76.484	2.3591
710.000000	76.477	2.9689
720.000000	76.470	3.5877
730.000000	76.466	4.2155
740.000000	76.464	4.8389
750.000000	76.464	5.4633
762.000000	76.466	6.2158
775.000000	76.473	7.0325
788.000000	76.484	7.8705
800.000000	76.498	8.6326
812.000000	76.515	9.3765
825.000000	76.539	10.1814
838.000000	76.568	10.9926
850.000000	76.599	11.7396
862.000000	76.633	12.4773
875.000000	76.675	13.2628
885.000000	76.711	13.8577
900.000000	76.769	14.7283
912.000000	76.820	15.4013
925.000000	76.880	16.1143
938.000000	76.943	16.8039
950.000000	77.006	17.4212
962.000000	77.072	18.0206
975.000000	77.147	18.6363
988.000000	77.224	19.2216
1000.000000	77.298	19.7364
1015.000000	77.393	20.3365
1030.000000	77.490	20.8832
1044.000000	77.581	21.3533
1060.000000	77.688	21.8478
1075.000000	77.789	22.2622
1090.000000	77.889	22.6355
1106.000000	77.993	22.9912
1120.000000	78.084	23.2641
1138.000000	78.197	23.5614
1150.000000	78.270	23.7333
1172.000000	78.401	24.0004
1180.000000	78.447	24.0815
1206.000000	78.589	24.2985
1220.000000	78.662	24.3959
1241.000000	78.766	24.5132
1250.000000	78.808	24.5537
1265.000000	78.877	24.6153
1280.000000	78.942	24.6682
1315.000000	79.080	24.7326
1320.000000	79.097	24.7394
1340.000000	79.163	24.7861
1360.000000	79.228	24.8690
1380.000000	79.294	24.9575
1400.000000	79.359	25.0158
1430.000000	79.445	25.0590
1450.000000	79.494	25.1051
1475.000000	79.550	25.2272
1500.000000	79.607	25.3871
1525.000000	79.667	25.5562
1550.000000	79.728	25.7267
1575.000000	79.787	25.8989
1600.000000	79.847	26.0744
1625.000000	79.907	26.2518
1650.000000	79.967	26.4370
1675.000000	80.028	26.6257
1700.000000	80.088	26.8173
1725.000000	80.149	27.0081
1750.000000	80.210	27.2021
1775.000000	80.273	27.4012
1800.000000	80.336	27.6040
1825.000000	80.399	27.8098
1850.000000	80.464	28.0137
1875.000000	80.532	28.2109
1900.000000	80.601	28.4049
1925.000000	80.672	28.5966
1950.000000	80.743	28.7779
1975.000000	80.816	28.9487
2000.000000	80.891	29.1116
2030.000000	80.982	29.2911
2060.000000	81.074	29.4486
2090.000000	81.167	29.5898
2120.000000	81.260	29.7103
2140.000000	81.322	29.7785
2180.000000	81.446	29.8946
2200.000000	81.507	29.9426
2240.000000	81.630	30.0137
2270.000000	81.719	30.0472
2300.000000	81.807	30.0685
2330.000000	81.893	30.0852
2360.000000	81.975	30.1131
2400.000000	82.084	30.1726
2430.000000	82.168	30.2363
2470.000000	82.286	30.3343
2500.000000	82.378	30.3942
2540.000000	82.505	30.4321
2580.000000	82.628	30.4485
2620.000000	82.751	30.4803
2650.000000	82.847	30.5266
2690.000000	82.984	30.6055
2720.000000	83.097	30.6521
2760.000000	83.261	30.6353
2800.000000	83.432	30.4869
2850.000000	83.639	30.1266
2900.000000	83.830	29.6505
2950.000000	84.006	29.1369
3000.000000	84.174	28.6215
3040.000000	84.307	28.2082
3070.000000	84.405	27.8925
3110.000000	84.538	27.4644
3150.000000	84.670	27.0192
3200.000000	84.837	26.4335
3250.000000	85.005	25.8139
3300.000000	85.174	25.1523
3350.000000	85.345	24.4414
3400.000000	85.519	23.6781
3450.000000	85.695	22.8573
3500.000000	85.873	21.9667
3550.000000	86.054	20.9869
3600.000000	86.236	19.9027
3650.000000	86.416	18.7013
3700.000000	86.592	17.3750
3750.000000	86.760	15.9173
3820.000000	86.976	13.6673
3870.000000	87.112	11.9224
3950.000000	87.295	8.9310
4000.000000	87.384	6.9461
4060.000000	87.463	4.4547
4120.000000	87.508	1.8799
4180.000000	87.516	-0.7486
4250.000000	87.476	-3.8399
4310.000000	87.400	-6.4714
4370.000000	87.285	-9.0462
4440.000000	87.103	-11.9256
4500.000000	86.912	-14.2512
4550.000000	86.729	-16.0729
4620.000000	86.443	-18.4222
4680.000000	86.175	-20.2337
4750.000000	85.840	-22.1011
4820.000000	85.487	-23.6957
4870.000000	85.227	-24.6672
4940.000000	84.858	-25.8026
5000.000000	84.539	-26.5752
5080.000000	84.116	-27.3315
5150.000000	83.749	-27.7534
5220.000000	83.390	-27.9729
5300.000000	82.988	-27.9924
5380.000000	82.598	-27.7679
5450.000000	82.270	-27.3784
5520.000000	81.955	-26.8167
5600.000000	81.615	-25.9843
5700.000000	81.224	-24.6944
5800.000000	80.875	-23.1513
5900.000000	80.578	-21.3886
6000.000000	80.340	-19.5762
6080.000000	80.173	-18.1625
6150.000000	80.037	-16.8890
6220.000000	79.915	-15.5487
6300.000000	79.799	-13.9401
6400.000000	79.694	-11.8485
6500.000000	79.634	-9.7100
6600.000000	79.622	-7.5653
6700.000000	79.661	-5.4455
6800.000000	79.750	-3.3769
6900.000000	79.895	-1.3987
7000.000000	80.099	0.4480
7100.000000	80.365	2.1046
7200.000000	80.698	3.4900
7300.000000	81.102	4.4957
7400.000000	81.578	5.0085
7500.000000	82.124	4.8622
7620.000000	82.860	3.5112
7750.000000	83.707	0.0960
7880.000000	84.486	-5.8692
8000.000000	84.973	-13.7204
8120.000000	85.060	-23.1792
8250.000000	84.592	-33.7211
8380.000000	83.586	-42.7842
8500.000000	82.340	-48.8139
8620.000000	80.961	-52.3802
8750.000000	79.463	-53.7576
8850.000000	78.369	-53.3712
9000.000000	76.878	-50.9494
9120.000000	75.841	-47.7647
9250.000000	74.895	-43.3913
9380.000000	74.150	-38.3912
9500.000000	73.650	-33.5406
9620.000000	73.324	-28.8277
9750.000000	73.131	-24.2612
9880.000000	73.045	-20.5062
10000.000000	73.001	-17.7840
10150.000000	72.927	-15.1701
10300.000000	72.791	-12.9988
10440.000000	72.604	-10.9896
10600.000000	72.347	-8.4269
10750.000000	72.095	-5.6548
10900.000000	71.859	-2.5038
11060.000000	71.647	1.2135
11200.000000	71.504	4.7195
11380.000000	71.385	9.4824
11500.000000	71.351	12.7829
11720.000000	71.385	18.9954
11800.000000	71.429	21.2854
12060.000000	71.690	28.7517
12200.000000	71.909	32.7506
12410.000000	72.345	38.6365
12500.000000	72.571	41.0957
12650.000000	73.003	45.0796
12800.000000	73.504	48.8825
13150.000000	74.970	56.6738
13200.000000	75.215	57.6243
13400.000000	76.296	60.9108
13600.000000	77.554	63.0395
13800.000000	78.952	63.2444
14000.000000	80.389	61.1449
14300.000000	82.397	53.2251
14500.000000	83.411	44.9116
14750.000000	84.087	32.6577
15000.000000	84.135	20.7709
15250.000000	83.845	10.7279
15500.000000	83.529	2.0394
15750.000000	83.284	-6.9069
16000.000000	82.953	-17.4147
16250.000000	82.247	-29.3393
16500.000000	80.967	-40.9403
16750.000000	79.165	-50.0560
17000.000000	77.087	-55.4941
17250.000000	74.997	-57.3223
17500.000000	73.067	-56.2640
17750.000000	71.370	-53.1170
18000.000000	69.914	-48.5229
18250.000000	68.691	-42.8993
18500.000000	67.681	-36.5574
18750.000000	66.861	-29.7076
19000.000000	66.215	-22.5450
19250.000000	65.727	-15.2455
19500.000000	65.381	-7.9295
19750.000000	65.172	-0.9979
20000.000000	65.088	3.7827
