* Measurement data measured by REW V5.31.3
* Source: Microphone (JadeAudio JA11), MICROPHONE (Master Volume), R, volume: 0.250
* Format: 256k Log Swept Sine, 1 sweep at -12.0 dBFS with no timing reference
* Dated: Mar 15, 2025 7:04:53 AM
* REW Settings:
*  C-weighting compensation: Off
*  Target level: 75.0 dB
* Note: 
* Measurement: R SM1 (Silver, EX11)
* Smoothing: 1/24 octave
* Frequency Step: 1/48 octave
* Start Frequency: 20.000 Hz
*
* Freq(Hz)	SPL(dB)	Phase(degrees)
20.000000	87.025	16.9881
20.299999	87.060	16.4462
20.600000	87.092	15.9185
20.900000	87.120	15.4049
21.200001	87.144	14.8995
21.400000	87.157	14.5703
21.799999	87.180	13.9387
22.000000	87.189	13.6320
22.400000	87.202	12.9996
22.700001	87.209	12.5420
23.000000	87.215	12.0933
23.299999	87.219	11.6108
23.600000	87.222	11.1351
24.000000	87.223	10.5132
24.299999	87.224	10.0151
24.700001	87.224	9.3586
25.000000	87.224	8.8756
25.400000	87.224	8.1991
25.799999	87.224	7.5401
26.200001	87.225	6.8891
26.500000	87.227	6.4043
26.900000	87.229	5.7736
27.200001	87.231	5.3142
27.600000	87.233	4.7206
28.000000	87.234	4.1498
28.500000	87.237	3.4843
29.000000	87.240	2.8441
29.500000	87.240	2.2283
30.000000	87.235	1.6290
30.400000	87.228	1.1661
30.700001	87.220	0.8339
31.100000	87.209	0.4066
31.500000	87.198	-0.0191
32.000000	87.182	-0.5403
32.500000	87.166	-1.0865
33.000000	87.146	-1.6296
33.500000	87.125	-2.1892
34.000000	87.102	-2.7329
34.500000	87.079	-3.2744
35.000000	87.057	-3.7972
35.500000	87.038	-4.3239
36.000000	87.019	-4.8514
36.500000	86.997	-5.3690
37.000000	86.973	-5.8536
37.500000	86.951	-6.2961
38.200001	86.927	-6.9028
38.700001	86.908	-7.3557
39.500000	86.865	-8.0628
40.000000	86.835	-8.4522
40.599998	86.804	-8.8999
41.200001	86.774	-9.3689
41.799999	86.739	-9.8523
42.500000	86.697	-10.3986
43.099998	86.663	-10.8765
43.700001	86.623	-11.3769
44.400002	86.567	-11.8953
45.000000	86.523	-12.2439
45.500000	86.498	-12.5178
46.200001	86.471	-12.9575
46.799999	86.444	-13.3701
47.500000	86.408	-13.8324
48.200001	86.372	-14.2815
48.700001	86.344	-14.6054
49.400002	86.299	-15.0419
50.000000	86.258	-15.3808
50.799999	86.206	-15.8044
51.500000	86.162	-16.1707
52.200001	86.117	-16.5351
53.000000	86.066	-16.9407
53.799999	86.016	-17.3413
54.500000	85.974	-17.7067
55.200001	85.929	-18.0800
56.000000	85.874	-18.4737
57.000000	85.810	-18.9191
58.000000	85.751	-19.3886
59.000000	85.685	-19.8458
60.000000	85.619	-20.2209
60.799999	85.572	-20.5135
61.500000	85.531	-20.7864
62.200001	85.488	-21.0535
63.000000	85.438	-21.3430
64.000000	85.375	-21.6992
65.000000	85.311	-22.0417
66.000000	85.247	-22.3723
67.000000	85.183	-22.6877
68.000000	85.122	-22.9871
69.000000	85.062	-23.2826
70.000000	85.002	-23.5750
71.000000	84.941	-23.8634
72.000000	84.879	-24.1343
73.000000	84.818	-24.3886
74.000000	84.758	-24.6417
75.000000	84.698	-24.8870
76.199997	84.627	-25.1733
77.500000	84.550	-25.4830
78.800003	84.472	-25.7459
80.000000	84.405	-25.9737
81.199997	84.339	-26.2108
82.500000	84.266	-26.4640
83.800003	84.192	-26.6962
85.000000	84.126	-26.8985
86.199997	84.060	-27.1059
87.500000	83.987	-27.3129
88.500000	83.933	-27.4558
90.000000	83.854	-27.6712
91.199997	83.791	-27.8278
92.500000	83.723	-28.0042
93.800003	83.648	-28.1695
95.000000	83.580	-28.2575
96.199997	83.521	-28.3339
97.500000	83.461	-28.4948
98.800003	83.394	-28.6642
100.000000	83.332	-28.7856
101.500000	83.258	-28.9217
103.000000	83.185	-29.0493
104.400002	83.116	-29.1519
106.000000	83.038	-29.2570
107.500000	82.967	-29.3460
109.000000	82.899	-29.4390
110.599998	82.825	-29.5439
112.000000	82.758	-29.6119
113.800003	82.675	-29.6750
115.000000	82.622	-29.7185
117.199997	82.528	-29.8402
118.000000	82.493	-29.8821
120.599998	82.382	-29.9417
122.000000	82.325	-29.9597
124.099998	82.238	-29.9939
125.000000	82.200	-30.0132
126.500000	82.139	-30.0501
128.000000	82.080	-30.0849
131.500000	81.945	-30.1417
132.000000	81.925	-30.1409
134.000000	81.845	-30.1215
136.000000	81.765	-30.1060
138.000000	81.687	-30.0984
140.000000	81.616	-30.0636
143.000000	81.512	-30.0268
145.000000	81.440	-29.9889
147.500000	81.352	-29.9502
150.000000	81.267	-29.9046
152.500000	81.183	-29.8000
155.000000	81.098	-29.7131
157.500000	81.007	-29.6101
160.000000	80.923	-29.4673
162.500000	80.852	-29.2965
165.000000	80.789	-29.1397
167.500000	80.728	-29.0620
170.000000	80.664	-29.0226
172.500000	80.593	-28.9064
175.000000	80.523	-28.7017
177.500000	80.452	-28.5514
180.000000	80.382	-28.4370
182.500000	80.323	-28.3011
185.000000	80.257	-28.1665
187.500000	80.190	-27.9802
190.000000	80.135	-27.8316
192.500000	80.089	-27.6544
195.000000	80.039	-27.4607
197.500000	79.979	-27.3001
200.000000	79.916	-27.1977
203.000000	79.845	-27.0537
206.000000	79.777	-26.8241
209.000000	79.713	-26.5408
212.000000	79.653	-26.2974
214.000000	79.613	-26.1848
218.000000	79.551	-25.8477
220.000000	79.540	-25.6838
224.000000	79.494	-25.4467
227.000000	79.436	-25.2833
230.000000	79.388	-25.1525
233.000000	79.351	-24.9734
236.000000	79.307	-24.7695
240.000000	79.240	-24.5519
243.000000	79.199	-24.4745
247.000000	79.144	-24.3758
250.000000	79.100	-24.2999
254.000000	79.036	-24.1591
258.000000	78.966	-23.9083
262.000000	78.899	-23.6834
265.000000	78.853	-23.5451
269.000000	78.793	-23.3076
272.000000	78.750	-23.0912
276.000000	78.694	-22.8271
280.000000	78.641	-22.5902
285.000000	78.575	-22.2771
290.000000	78.510	-21.9591
295.000000	78.448	-21.6553
300.000000	78.385	-21.3470
304.000000	78.338	-21.0882
307.000000	78.304	-20.8919
311.000000	78.260	-20.6148
315.000000	78.220	-20.3506
320.000000	78.176	-20.0221
325.000000	78.132	-19.7349
330.000000	78.090	-19.4854
335.000000	78.047	-19.2086
340.000000	78.008	-18.9699
345.000000	77.963	-18.6442
350.000000	77.908	-18.2964
355.000000	77.857	-18.0132
360.000000	77.812	-17.7400
365.000000	77.772	-17.4431
370.000000	77.735	-17.1371
375.000000	77.697	-16.8377
382.000000	77.644	-16.4283
387.000000	77.607	-16.1399
395.000000	77.552	-15.6815
400.000000	77.518	-15.3972
406.000000	77.476	-15.0547
412.000000	77.434	-14.7047
418.000000	77.395	-14.3609
425.000000	77.352	-13.9437
431.000000	77.318	-13.6099
437.000000	77.284	-13.2875
444.000000	77.244	-12.9101
450.000000	77.211	-12.5828
455.000000	77.184	-12.3012
462.000000	77.147	-11.9090
468.000000	77.116	-11.5691
475.000000	77.080	-11.1770
482.000000	77.045	-10.7855
487.000000	77.020	-10.5021
494.000000	76.985	-10.0984
500.000000	76.960	-9.7333
508.000000	76.931	-9.2161
515.000000	76.913	-8.7809
522.000000	76.898	-8.3960
530.000000	76.879	-8.0062
538.000000	76.854	-7.6379
545.000000	76.829	-7.3119
552.000000	76.804	-6.9711
560.000000	76.777	-6.5679
570.000000	76.744	-6.0598
580.000000	76.713	-5.5427
590.000000	76.683	-5.0189
600.000000	76.655	-4.4942
608.000000	76.634	-4.0811
615.000000	76.617	-3.7163
622.000000	76.600	-3.3443
630.000000	76.581	-2.9152
640.000000	76.559	-2.3854
650.000000	76.539	-1.8476
660.000000	76.521	-1.3170
670.000000	76.504	-0.7891
680.000000	76.489	-0.2540
690.000000	76.477	0.2901
700.000000	76.466	0.8365
710.000000	76.455	1.3843
720.000000	76.446	1.9337
730.000000	76.439	2.4803
740.000000	76.433	3.0275
750.000000	76.430	3.5811
762.000000	76.430	4.2456
775.000000	76.435	4.9626
788.000000	76.441	5.6894
800.000000	76.449	6.3616
812.000000	76.462	7.0318
825.000000	76.481	7.7501
838.000000	76.504	8.4649
850.000000	76.529	9.1240
862.000000	76.557	9.7717
875.000000	76.591	10.4657
885.000000	76.621	10.9937
900.000000	76.672	11.7769
912.000000	76.717	12.3824
925.000000	76.768	13.0184
938.000000	76.823	13.6360
950.000000	76.878	14.1853
962.000000	76.937	14.7092
975.000000	77.003	15.2456
988.000000	77.071	15.7574
1000.000000	77.136	16.2123
1015.000000	77.220	16.7355
1030.000000	77.306	17.2044
1044.000000	77.388	17.6061
1060.000000	77.482	18.0236
1075.000000	77.570	18.3754
1090.000000	77.658	18.6848
1106.000000	77.751	18.9676
1120.000000	77.831	19.1713
1138.000000	77.930	19.3948
1150.000000	77.994	19.5229
1172.000000	78.106	19.7135
1180.000000	78.145	19.7700
1206.000000	78.265	19.9062
1220.000000	78.326	19.9574
1241.000000	78.411	20.0207
1250.000000	78.446	20.0417
1265.000000	78.500	20.0705
1280.000000	78.552	20.0891
1315.000000	78.661	20.1138
1320.000000	78.676	20.1167
1340.000000	78.731	20.1276
1360.000000	78.784	20.1351
1380.000000	78.832	20.1490
1400.000000	78.876	20.1736
1430.000000	78.937	20.2158
1450.000000	78.975	20.2388
1475.000000	79.017	20.2732
1500.000000	79.051	20.3286
1525.000000	79.081	20.4106
1550.000000	79.109	20.5211
1575.000000	79.134	20.6589
1600.000000	79.156	20.8230
1625.000000	79.175	21.0220
1650.000000	79.192	21.2686
1675.000000	79.207	21.5773
1700.000000	79.223	21.9715
1725.000000	79.249	22.4595
1750.000000	79.292	23.0300
1775.000000	79.359	23.6196
1800.000000	79.453	24.1229
1825.000000	79.560	24.4466
1850.000000	79.665	24.5750
1875.000000	79.751	24.5723
1900.000000	79.815	24.5311
1925.000000	79.860	24.5303
1950.000000	79.894	24.6083
1975.000000	79.923	24.7745
2000.000000	79.952	25.0362
2030.000000	79.998	25.4627
2060.000000	80.064	25.9589
2090.000000	80.152	26.4393
2120.000000	80.256	26.8113
2140.000000	80.326	26.9803
2180.000000	80.454	27.2013
2200.000000	80.508	27.2975
2240.000000	80.604	27.5564
2270.000000	80.672	27.8576
2300.000000	80.747	28.2568
2330.000000	80.838	28.7191
2360.000000	80.949	29.1859
2400.000000	81.122	29.7250
2430.000000	81.265	30.0468
2470.000000	81.469	30.3708
2500.000000	81.633	30.5127
2540.000000	81.858	30.5046
2580.000000	82.075	30.2537
2620.000000	82.269	29.8395
2650.000000	82.397	29.4910
2690.000000	82.550	29.0439
2720.000000	82.656	28.7455
2760.000000	82.793	28.3945
2800.000000	82.929	28.0773
2850.000000	83.104	27.7093
2900.000000	83.284	27.3530
2950.000000	83.471	27.0027
3000.000000	83.672	26.6533
3040.000000	83.848	26.3431
3070.000000	83.989	26.0607
3110.000000	84.187	25.5816
3150.000000	84.391	24.9549
3200.000000	84.641	23.9646
3250.000000	84.879	22.7907
3300.000000	85.102	21.4801
3350.000000	85.313	20.0503
3400.000000	85.510	18.5103
3450.000000	85.694	16.8571
3500.000000	85.862	15.0821
3550.000000	86.013	13.1997
3600.000000	86.144	11.2286
3650.000000	86.254	9.1664
3700.000000	86.342	7.0241
3750.000000	86.406	4.8177
3820.000000	86.449	1.6524
3870.000000	86.445	-0.6400
3950.000000	86.380	-4.2957
4000.000000	86.301	-6.5352
4060.000000	86.170	-9.1395
4120.000000	86.002	-11.6127
4180.000000	85.802	-13.9269
4250.000000	85.532	-16.3905
4310.000000	85.278	-18.2913
4370.000000	85.006	-19.9950
4440.000000	84.672	-21.7274
4500.000000	84.375	-22.9982
4550.000000	84.124	-23.9121
4620.000000	83.768	-24.9752
4680.000000	83.462	-25.6919
4750.000000	83.108	-26.3212
4820.000000	82.759	-26.7348
4870.000000	82.514	-26.9047
4940.000000	82.180	-26.9832
5000.000000	81.903	-26.9159
5080.000000	81.548	-26.6512
5150.000000	81.252	-26.2734
5220.000000	80.969	-25.7714
5300.000000	80.662	-25.0614
5380.000000	80.372	-24.2116
5450.000000	80.133	-23.3514
5520.000000	79.909	-22.3709
5600.000000	79.681	-21.1072
5700.000000	79.446	-19.4763
5800.000000	79.242	-17.9142
5900.000000	79.052	-16.2858
6000.000000	78.888	-14.5439
6080.000000	78.782	-13.0944
6150.000000	78.706	-11.7980
6220.000000	78.646	-10.4867
6300.000000	78.597	-8.9767
6400.000000	78.566	-7.0852
6500.000000	78.568	-5.1917
6600.000000	78.606	-3.3130
6700.000000	78.682	-1.4813
6800.000000	78.799	0.2798
6900.000000	78.957	1.9483
7000.000000	79.159	3.4900
7100.000000	79.410	4.8410
7200.000000	79.710	5.9274
7300.000000	80.055	6.6715
7400.000000	80.443	6.9880
7500.000000	80.867	6.7715
7620.000000	81.404	5.6481
7750.000000	81.975	3.1405
7880.000000	82.451	-0.8715
8000.000000	82.706	-5.7237
8120.000000	82.707	-11.0560
8250.000000	82.416	-16.3523
8380.000000	81.934	-20.2716
8500.000000	81.470	-22.5483
8620.000000	81.093	-24.0953
8750.000000	80.789	-25.8183
8850.000000	80.577	-27.5336
9000.000000	80.179	-30.7009
9120.000000	79.735	-33.3473
9250.000000	79.127	-35.8331
9380.000000	78.422	-37.6007
9500.000000	77.725	-38.4807
9620.000000	77.019	-38.6499
9750.000000	76.274	-38.1228
9880.000000	75.567	-36.9773
10000.000000	74.957	-35.4626
10150.000000	74.260	-33.0950
10300.000000	73.633	-30.3265
10440.000000	73.111	-27.4471
10600.000000	72.590	-23.8874
10750.000000	72.167	-20.3562
10900.000000	71.806	-16.6843
11060.000000	71.483	-12.6294
11200.000000	71.250	-8.9803
11380.000000	71.022	-4.2035
11500.000000	70.912	-0.9828
11720.000000	70.790	4.9849
11800.000000	70.772	7.1698
12060.000000	70.808	14.3093
12200.000000	70.888	18.1680
12410.000000	71.087	23.9393
12500.000000	71.202	26.4042
12650.000000	71.436	30.4722
12800.000000	71.722	34.4805
13150.000000	72.603	43.5012
13200.000000	72.755	44.7440
13400.000000	73.436	49.5635
13600.000000	74.249	54.0792
13800.000000	75.211	58.0931
14000.000000	76.330	61.4109
14300.000000	78.363	64.5406
14500.000000	80.000	64.6406
14750.000000	82.341	60.9664
15000.000000	84.727	50.8937
15250.000000	86.488	33.4789
15500.000000	86.912	11.8639
15750.000000	85.938	-7.8603
16000.000000	84.189	-22.0244
16250.000000	82.307	-31.0620
16500.000000	80.573	-36.9201
16750.000000	79.004	-41.0596
17000.000000	77.533	-44.1327
17250.000000	76.109	-46.2819
17500.000000	74.713	-47.4319
17750.000000	73.354	-47.5109
18000.000000	72.052	-46.5553
18250.000000	70.818	-44.6124
18500.000000	69.659	-41.6844
18750.000000	68.588	-37.7647
19000.000000	67.621	-32.9050
19250.000000	66.763	-27.2027
19500.000000	66.030	-20.7275
19750.000000	65.461	-13.8638
20000.000000	65.159	-8.6777
