* Measurement data measured by REW V5.31.3
* Source: Microphone (JadeAudio JA11), MICROPHONE (Master Volume), L, volume: 0.250
* Format: 512k Log Swept Sine, 1 sweep at -5.4 dBFS with no timing reference
* Dated: May 18, 2025 4:53:50 PM
* REW Settings:
*  C-weighting compensation: Off
*  Target level: 75.0 dB
* Note: 
* Measurement: L WI-C100
* Smoothing: 1/24 octave
* Frequency Step: 1/48 octave
* Start Frequency: 20.300 Hz
*
* Freq(Hz)	SPL(dB)	Phase(degrees)
20.299999	83.958	41.2365
20.600000	83.974	40.5030
20.900000	83.989	39.7335
21.200001	84.006	38.9838
21.400000	84.019	38.4935
21.799999	84.050	37.5280
22.000000	84.067	37.0512
22.400000	84.098	36.1096
22.700001	84.117	35.4161
23.000000	84.133	34.7356
23.299999	84.146	34.0692
23.600000	84.159	33.4167
24.000000	84.175	32.5654
24.299999	84.187	31.9371
24.700001	84.201	31.1097
25.000000	84.209	30.4984
25.400000	84.218	29.7046
25.799999	84.227	28.9473
26.200001	84.237	28.2316
26.500000	84.245	27.7161
26.900000	84.257	27.0415
27.200001	84.265	26.5357
27.600000	84.275	25.8579
28.000000	84.283	25.1843
28.500000	84.289	24.3650
29.000000	84.292	23.5752
29.500000	84.294	22.8070
30.000000	84.299	22.0666
30.400000	84.304	21.5082
30.700001	84.308	21.1118
31.100000	84.309	20.6030
31.500000	84.306	20.0961
32.000000	84.300	19.4392
32.500000	84.298	18.7652
33.000000	84.301	18.1138
33.500000	84.306	17.5111
34.000000	84.304	16.9438
34.500000	84.297	16.3850
35.000000	84.289	15.8261
35.500000	84.286	15.2781
36.000000	84.285	14.7493
36.500000	84.286	14.2368
37.000000	84.289	13.7382
37.500000	84.293	13.2572
38.200001	84.291	12.6084
38.700001	84.276	12.1426
39.500000	84.245	11.3773
40.000000	84.234	10.9098
40.599998	84.230	10.3778
41.200001	84.226	9.8577
41.799999	84.219	9.3287
42.500000	84.213	8.7243
43.099998	84.207	8.2466
43.700001	84.197	7.7943
44.400002	84.184	7.2576
45.000000	84.180	6.7844
45.500000	84.178	6.3943
46.200001	84.166	5.8652
46.799999	84.148	5.4243
47.500000	84.129	4.9269
48.200001	84.115	4.4474
48.700001	84.106	4.1040
49.400002	84.092	3.6142
50.000000	84.080	3.2035
50.799999	84.064	2.7028
51.500000	84.050	2.3007
52.200001	84.034	1.8883
53.000000	84.013	1.3657
53.799999	83.993	0.8416
54.500000	83.975	0.4233
55.200001	83.956	0.0041
56.000000	83.936	-0.4622
57.000000	83.912	-1.0071
58.000000	83.885	-1.6129
59.000000	83.827	-1.7347
60.000000	83.771	-1.8153
60.799999	83.777	-2.6037
61.500000	83.788	-3.4219
62.200001	83.778	-3.9624
63.000000	83.755	-4.3799
64.000000	83.731	-4.9120
65.000000	83.701	-5.3931
66.000000	83.670	-5.8621
67.000000	83.642	-6.3114
68.000000	83.614	-6.7589
69.000000	83.584	-7.2109
70.000000	83.553	-7.6438
71.000000	83.523	-8.0663
72.000000	83.495	-8.4637
73.000000	83.466	-8.8263
74.000000	83.436	-9.1736
75.000000	83.409	-9.5251
76.199997	83.373	-9.9850
77.500000	83.332	-10.4775
78.800003	83.284	-10.9769
80.000000	83.242	-11.4261
81.199997	83.203	-11.8181
82.500000	83.158	-12.2425
83.800003	83.117	-12.6687
85.000000	83.078	-13.0368
86.199997	83.039	-13.4007
87.500000	82.997	-13.7751
88.500000	82.965	-14.0614
90.000000	82.913	-14.4849
91.199997	82.873	-14.7820
92.500000	82.833	-15.1106
93.800003	82.794	-15.4631
95.000000	82.755	-15.7795
96.199997	82.714	-16.0523
97.500000	82.672	-16.3348
98.800003	82.627	-16.6257
100.000000	82.582	-16.9108
101.500000	82.529	-17.2612
103.000000	82.480	-17.5823
104.400002	82.436	-17.8575
106.000000	82.386	-18.1757
107.500000	82.333	-18.4882
109.000000	82.279	-18.7867
110.599998	82.223	-19.0165
112.000000	82.175	-19.2222
113.800003	82.116	-19.5300
115.000000	82.076	-19.7316
117.199997	82.002	-20.0616
118.000000	81.976	-20.1808
120.599998	81.897	-20.5861
122.000000	81.850	-20.7637
124.099998	81.785	-21.0456
125.000000	81.757	-21.1811
126.500000	81.705	-21.3908
128.000000	81.653	-21.5782
131.500000	81.543	-22.0497
132.000000	81.527	-22.1188
134.000000	81.464	-22.3875
136.000000	81.399	-22.6665
138.000000	81.326	-22.9929
140.000000	81.259	-23.2880
143.000000	81.168	-23.6153
145.000000	81.107	-23.7810
147.500000	81.031	-23.9890
150.000000	80.958	-24.1661
152.500000	80.887	-24.3111
155.000000	80.817	-24.4351
157.500000	80.746	-24.5285
160.000000	80.675	-24.6215
162.500000	80.606	-24.7084
165.000000	80.538	-24.7840
167.500000	80.471	-24.8576
170.000000	80.405	-24.9217
172.500000	80.339	-24.9605
175.000000	80.275	-24.9875
177.500000	80.211	-25.0117
180.000000	80.145	-25.0415
182.500000	80.085	-25.1012
185.000000	80.024	-25.1529
187.500000	79.965	-25.1918
190.000000	79.908	-25.2287
192.500000	79.855	-25.2749
195.000000	79.802	-25.3296
197.500000	79.747	-25.3627
200.000000	79.694	-25.3710
203.000000	79.632	-25.4061
206.000000	79.571	-25.4533
209.000000	79.511	-25.4676
212.000000	79.452	-25.4799
214.000000	79.414	-25.4988
218.000000	79.339	-25.5692
220.000000	79.298	-25.6265
224.000000	79.218	-25.7184
227.000000	79.162	-25.7172
230.000000	79.112	-25.6611
233.000000	79.060	-25.5726
236.000000	79.007	-25.4683
240.000000	78.937	-25.2716
243.000000	78.876	-25.1036
247.000000	78.799	-24.7592
250.000000	78.760	-24.3485
254.000000	78.755	-23.7432
258.000000	78.785	-23.4824
262.000000	78.795	-23.5494
265.000000	78.778	-23.6340
269.000000	78.737	-23.6633
272.000000	78.704	-23.6347
276.000000	78.660	-23.5491
280.000000	78.621	-23.3930
285.000000	78.575	-23.1642
290.000000	78.531	-22.9248
295.000000	78.491	-22.6756
300.000000	78.455	-22.4516
304.000000	78.426	-22.2655
307.000000	78.407	-22.1115
311.000000	78.383	-21.9130
315.000000	78.362	-21.7212
320.000000	78.339	-21.4868
325.000000	78.316	-21.2474
330.000000	78.292	-21.0152
335.000000	78.267	-20.7823
340.000000	78.246	-20.5493
345.000000	78.227	-20.3105
350.000000	78.209	-20.0854
355.000000	78.194	-19.8605
360.000000	78.179	-19.6322
365.000000	78.166	-19.4222
370.000000	78.156	-19.1927
375.000000	78.146	-18.9476
382.000000	78.134	-18.5857
387.000000	78.125	-18.3526
395.000000	78.120	-18.0326
400.000000	78.118	-17.8364
406.000000	78.116	-17.6047
412.000000	78.114	-17.3683
418.000000	78.112	-17.1460
425.000000	78.110	-16.8786
431.000000	78.109	-16.6504
437.000000	78.110	-16.4310
444.000000	78.113	-16.1817
450.000000	78.116	-15.9783
455.000000	78.119	-15.8160
462.000000	78.122	-15.5807
468.000000	78.125	-15.3811
475.000000	78.132	-15.1556
482.000000	78.139	-14.9331
487.000000	78.145	-14.7767
494.000000	78.153	-14.5678
500.000000	78.161	-14.3925
508.000000	78.175	-14.1644
515.000000	78.187	-13.9748
522.000000	78.198	-13.7975
530.000000	78.211	-13.5996
538.000000	78.224	-13.4080
545.000000	78.235	-13.2421
552.000000	78.247	-13.0798
560.000000	78.261	-12.9029
570.000000	78.278	-12.6865
580.000000	78.295	-12.4806
590.000000	78.310	-12.2790
600.000000	78.326	-12.0883
608.000000	78.339	-11.9442
615.000000	78.349	-11.8174
622.000000	78.359	-11.6921
630.000000	78.371	-11.5501
640.000000	78.384	-11.3804
650.000000	78.397	-11.2081
660.000000	78.411	-11.0746
670.000000	78.422	-11.0243
680.000000	78.428	-11.0524
690.000000	78.434	-11.1345
700.000000	78.441	-11.2234
710.000000	78.445	-11.2901
720.000000	78.451	-11.2922
730.000000	78.462	-11.2178
740.000000	78.473	-11.0750
750.000000	78.481	-10.9051
762.000000	78.487	-10.7168
775.000000	78.491	-10.5292
788.000000	78.489	-10.3530
800.000000	78.479	-10.1695
812.000000	78.462	-9.9270
825.000000	78.441	-9.5740
838.000000	78.425	-9.1317
850.000000	78.419	-8.6627
862.000000	78.424	-8.1652
875.000000	78.439	-7.6325
885.000000	78.455	-7.2387
900.000000	78.485	-6.6752
912.000000	78.511	-6.2418
925.000000	78.541	-5.7788
938.000000	78.574	-5.3278
950.000000	78.608	-4.9271
962.000000	78.644	-4.5327
975.000000	78.685	-4.1133
988.000000	78.728	-3.7054
1000.000000	78.769	-3.3427
1015.000000	78.823	-2.9050
1030.000000	78.880	-2.4891
1044.000000	78.934	-2.1268
1060.000000	78.996	-1.7387
1075.000000	79.055	-1.3997
1090.000000	79.113	-1.0819
1106.000000	79.174	-0.7635
1120.000000	79.226	-0.5043
1138.000000	79.289	-0.2011
1150.000000	79.329	-0.0116
1172.000000	79.400	0.3171
1180.000000	79.424	0.4311
1206.000000	79.491	0.8043
1220.000000	79.520	1.0491
1241.000000	79.564	1.6269
1250.000000	79.585	1.9596
1265.000000	79.618	2.5693
1280.000000	79.644	3.1780
1315.000000	79.698	4.6151
1320.000000	79.705	4.8494
1340.000000	79.741	5.9224
1360.000000	79.784	7.1926
1380.000000	79.827	8.5400
1400.000000	79.868	9.8887
1430.000000	79.932	11.7165
1450.000000	79.960	12.5082
1475.000000	79.977	13.0548
1500.000000	79.993	13.4947
1525.000000	80.004	13.9996
1550.000000	80.012	14.6004
1575.000000	80.022	15.3133
1600.000000	80.041	16.1455
1625.000000	80.075	17.0580
1650.000000	80.129	17.9953
1675.000000	80.198	18.8981
1700.000000	80.277	19.7379
1725.000000	80.357	20.5299
1750.000000	80.438	21.3019
1775.000000	80.518	22.0774
1800.000000	80.600	22.8732
1825.000000	80.687	23.6879
1850.000000	80.780	24.5126
1875.000000	80.879	25.3369
1900.000000	80.984	26.1480
1925.000000	81.093	26.9449
1950.000000	81.205	27.7302
1975.000000	81.320	28.5106
2000.000000	81.437	29.2926
2030.000000	81.582	30.2362
2060.000000	81.733	31.1871
2090.000000	81.890	32.1461
2120.000000	82.054	33.1213
2140.000000	82.168	33.7839
2180.000000	82.411	35.1505
2200.000000	82.541	35.8635
2240.000000	82.830	37.3410
2270.000000	83.087	38.3797
2300.000000	83.384	39.1268
2330.000000	83.730	39.4782
2360.000000	84.127	39.4191
2400.000000	84.695	38.5803
2430.000000	85.110	37.3922
2470.000000	85.607	35.4582
2500.000000	85.931	34.0231
2540.000000	86.291	32.1444
2580.000000	86.581	30.2474
2620.000000	86.820	28.3582
2650.000000	86.971	26.9528
2690.000000	87.138	25.1005
2720.000000	87.240	23.7323
2760.000000	87.347	21.9446
2800.000000	87.420	20.2213
2850.000000	87.468	18.1875
2900.000000	87.477	16.3306
2950.000000	87.458	14.6837
3000.000000	87.422	13.2363
3040.000000	87.388	12.1874
3070.000000	87.358	11.4465
3110.000000	87.312	10.5075
3150.000000	87.256	9.6270
3200.000000	87.173	8.6319
3250.000000	87.077	7.7810
3300.000000	86.972	7.0903
3350.000000	86.863	6.5574
3400.000000	86.755	6.1706
3450.000000	86.648	5.9101
3500.000000	86.543	5.7494
3550.000000	86.442	5.6532
3600.000000	86.345	5.4772
3650.000000	86.247	4.9303
3700.000000	86.150	4.0394
3750.000000	86.063	3.0875
3820.000000	85.957	1.8294
3870.000000	85.888	1.0711
3950.000000	85.804	0.7177
4000.000000	85.770	1.0459
4060.000000	85.743	1.5927
4120.000000	85.733	2.1598
4180.000000	85.739	2.7019
4250.000000	85.765	3.2614
4310.000000	85.799	3.6601
4370.000000	85.841	3.9782
4440.000000	85.897	4.2501
4500.000000	85.947	4.4753
4550.000000	85.985	4.8706
4620.000000	86.039	6.1000
4680.000000	86.075	7.5121
4750.000000	86.094	9.1672
4820.000000	86.088	10.7294
4870.000000	86.069	11.6985
4940.000000	86.015	12.4684
5000.000000	85.935	12.4283
5080.000000	85.791	11.9553
5150.000000	85.631	11.5363
5220.000000	85.440	11.2254
5300.000000	85.188	11.0478
5380.000000	84.906	11.0910
5450.000000	84.640	11.3341
5520.000000	84.362	11.7720
5600.000000	84.033	12.4904
5700.000000	83.619	13.5127
5800.000000	83.202	13.8772
5900.000000	82.792	13.6052
6000.000000	82.406	13.4179
6080.000000	82.111	13.4728
6150.000000	81.861	13.8300
6220.000000	81.620	14.7988
6300.000000	81.362	16.8782
6400.000000	81.099	20.4647
6500.000000	80.947	24.0802
6600.000000	80.808	27.3631
6700.000000	80.685	30.8944
6800.000000	80.625	34.4668
6900.000000	80.603	37.9563
7000.000000	80.623	41.4775
7100.000000	80.700	44.9981
7200.000000	80.845	48.4285
7300.000000	81.065	51.6534
7400.000000	81.364	54.5311
7500.000000	81.744	56.8856
7620.000000	82.296	58.7106
7750.000000	82.965	59.2205
7880.000000	83.591	58.6903
8000.000000	83.941	57.1011
8120.000000	83.875	54.2856
8250.000000	83.237	51.2986
8380.000000	82.094	49.9699
8500.000000	80.775	50.2493
8620.000000	79.380	51.7610
8750.000000	77.940	55.1832
8850.000000	76.930	58.9489
9000.000000	75.597	65.8762
9120.000000	74.679	72.1294
9250.000000	73.814	79.3198
9380.000000	73.066	86.7769
9500.000000	72.466	93.8149
9620.000000	71.947	100.9562
9750.000000	71.473	108.7377
9880.000000	71.083	116.4656
10000.000000	70.783	123.4795
10150.000000	70.468	132.0611
10300.000000	70.201	140.4672
10440.000000	69.989	148.1995
10600.000000	69.788	156.9209
10750.000000	69.641	164.9975
10900.000000	69.526	172.9791
11060.000000	69.431	-178.6169
11200.000000	69.367	-171.3771
11380.000000	69.317	-162.5987
11500.000000	69.300	-157.6861
11720.000000	69.292	-151.0804
11800.000000	69.299	-149.0432
12060.000000	69.352	-142.7013
12200.000000	69.398	-139.2283
12410.000000	69.492	-132.8909
12500.000000	69.548	-129.3481
12650.000000	69.659	-122.5630
12800.000000	69.790	-115.2646
13150.000000	70.223	-97.3645
13200.000000	70.306	-94.6639
13400.000000	70.719	-83.2062
13600.000000	71.273	-70.8754
13800.000000	71.981	-58.3076
14000.000000	72.876	-45.8189
14300.000000	74.700	-27.7183
14500.000000	76.389	-16.6407
14750.000000	79.251	-6.2991
15000.000000	82.700	-5.6459
15250.000000	85.319	-19.4386
15500.000000	85.402	-40.8196
15750.000000	83.044	-54.3779
16000.000000	79.990	-54.2541
16250.000000	77.564	-45.3037
16500.000000	76.027	-33.4055
16750.000000	75.185	-21.8654
17000.000000	74.799	-12.7417
17250.000000	74.549	-7.5622
17500.000000	73.990	-6.3699
17750.000000	72.755	-6.9781
18000.000000	70.757	-6.2257
18250.000000	68.215	-2.5770
18500.000000	65.454	3.2302
18750.000000	62.737	11.2241
19000.000000	60.198	21.4131
19250.000000	57.865	33.3705
19500.000000	55.716	46.9916
19750.000000	53.808	62.8440
20000.000000	52.600	77.6382
