* Measurement data measured by REW V5.31.3
* Source: Microphone (JadeAudio JA11), MICROPHONE (Master Volume), R, volume: 0.250
* Format: 256k Log Swept Sine, 1 sweep at -12.0 dBFS with no timing reference
* Dated: Mar 15, 2025 12:18:15 AM
* REW Settings:
*  C-weighting compensation: Off
*  Target level: 75.0 dB
* Note: 
* Measurement: L MDR-XB55AP
* Smoothing: 1/24 octave
* Frequency Step: 1/48 octave
* Start Frequency: 20.000 Hz
*
* Freq(Hz)	SPL(dB)	Phase(degrees)
20.000000	96.133	-158.9434
20.299999	96.171	-159.3528
20.600000	96.206	-159.7440
20.900000	96.238	-160.1181
21.200001	96.266	-160.4831
21.400000	96.282	-160.7191
21.799999	96.312	-161.1673
22.000000	96.325	-161.3842
22.400000	96.345	-161.8404
22.700001	96.358	-162.1679
23.000000	96.370	-162.4876
23.299999	96.379	-162.8417
23.600000	96.387	-163.1895
24.000000	96.396	-163.6403
24.299999	96.402	-164.0087
24.700001	96.409	-164.4897
25.000000	96.414	-164.8391
25.400000	96.423	-165.3374
25.799999	96.433	-165.8215
26.200001	96.445	-166.3029
26.500000	96.454	-166.6632
26.900000	96.467	-167.1300
27.200001	96.478	-167.4673
27.600000	96.492	-167.9008
28.000000	96.507	-168.3187
28.500000	96.527	-168.8057
29.000000	96.545	-169.2741
29.500000	96.561	-169.7128
30.000000	96.574	-170.1285
30.400000	96.583	-170.4489
30.700001	96.589	-170.6816
31.100000	96.595	-170.9870
31.500000	96.599	-171.2975
32.000000	96.602	-171.6711
32.500000	96.603	-172.0574
33.000000	96.603	-172.4325
33.500000	96.603	-172.8260
34.000000	96.602	-173.2115
34.500000	96.601	-173.6031
35.000000	96.602	-173.9788
35.500000	96.604	-174.3529
36.000000	96.607	-174.7218
36.500000	96.612	-175.0890
37.000000	96.616	-175.4498
37.500000	96.619	-175.7934
38.200001	96.623	-176.2504
38.700001	96.626	-176.5640
39.500000	96.629	-177.0571
40.000000	96.628	-177.3530
40.599998	96.627	-177.6996
41.200001	96.626	-178.0410
41.799999	96.624	-178.3883
42.500000	96.619	-178.7911
43.099998	96.615	-179.1236
43.700001	96.612	-179.4550
44.400002	96.609	-179.8394
45.000000	96.605	179.8419
45.500000	96.604	179.5843
46.200001	96.603	179.2258
46.799999	96.603	178.9137
47.500000	96.600	178.5524
48.200001	96.596	178.2081
48.700001	96.594	177.9702
49.400002	96.592	177.6342
50.000000	96.590	177.3455
50.799999	96.585	176.9721
51.500000	96.582	176.6578
52.200001	96.579	176.3450
53.000000	96.574	176.0151
53.799999	96.576	175.7113
54.500000	96.584	175.3899
55.200001	96.582	175.0085
56.000000	96.563	174.6285
57.000000	96.545	174.2827
58.000000	96.537	173.9094
59.000000	96.526	173.5218
60.000000	96.517	173.1425
60.799999	96.510	172.8245
61.500000	96.502	172.5521
62.200001	96.494	172.2894
63.000000	96.485	171.9943
64.000000	96.474	171.6318
65.000000	96.464	171.2763
66.000000	96.453	170.9220
67.000000	96.441	170.5717
68.000000	96.429	170.2309
69.000000	96.417	169.8964
70.000000	96.405	169.5676
71.000000	96.394	169.2405
72.000000	96.382	168.9122
73.000000	96.370	168.5889
74.000000	96.356	168.2727
75.000000	96.342	167.9623
76.199997	96.327	167.5891
77.500000	96.310	167.1835
78.800003	96.293	166.7769
80.000000	96.276	166.4098
81.199997	96.260	166.0570
82.500000	96.242	165.6856
83.800003	96.224	165.3172
85.000000	96.206	164.9800
86.199997	96.188	164.6378
87.500000	96.167	164.2685
88.500000	96.150	163.9894
90.000000	96.126	163.5720
91.199997	96.106	163.2443
92.500000	96.084	162.8996
93.800003	96.063	162.5601
95.000000	96.042	162.2460
96.199997	96.020	161.9312
97.500000	95.995	161.5986
98.800003	95.970	161.2719
100.000000	95.947	160.9694
101.500000	95.918	160.5985
103.000000	95.888	160.2387
104.400002	95.860	159.9094
106.000000	95.826	159.5334
107.500000	95.793	159.1824
109.000000	95.761	158.8253
110.599998	95.727	158.4415
112.000000	95.696	158.1108
113.800003	95.656	157.6946
115.000000	95.628	157.4294
117.199997	95.579	156.9492
118.000000	95.561	156.7725
120.599998	95.500	156.2003
122.000000	95.468	155.9033
124.099998	95.420	155.4539
125.000000	95.398	155.2642
126.500000	95.361	154.9588
128.000000	95.324	154.6564
131.500000	95.233	153.9474
132.000000	95.220	153.8506
134.000000	95.168	153.4788
136.000000	95.119	153.1326
138.000000	95.072	152.7860
140.000000	95.025	152.4339
143.000000	94.950	151.8815
145.000000	94.896	151.5347
147.500000	94.830	151.1093
150.000000	94.770	150.7225
152.500000	94.716	150.2984
155.000000	94.656	149.8696
157.500000	94.595	149.4451
160.000000	94.531	149.0043
162.500000	94.465	148.5510
165.000000	94.395	148.1121
167.500000	94.322	147.7101
170.000000	94.247	147.3480
172.500000	94.171	147.0160
175.000000	94.098	146.7125
177.500000	94.030	146.4011
180.000000	93.961	146.0830
182.500000	93.890	145.7865
185.000000	93.820	145.4955
187.500000	93.754	145.1953
190.000000	93.691	144.9042
192.500000	93.629	144.6016
195.000000	93.565	144.2869
197.500000	93.498	143.9585
200.000000	93.428	143.6243
203.000000	93.340	143.2445
206.000000	93.248	142.8896
209.000000	93.151	142.5578
212.000000	93.054	142.2646
214.000000	92.992	142.0937
218.000000	92.877	141.8055
220.000000	92.823	141.6650
224.000000	92.711	141.3492
227.000000	92.623	141.1105
230.000000	92.534	140.8806
233.000000	92.445	140.6551
236.000000	92.355	140.4494
240.000000	92.238	140.2194
243.000000	92.156	140.0637
247.000000	92.050	139.8477
250.000000	91.972	139.6659
254.000000	91.869	139.3839
258.000000	91.759	139.1082
262.000000	91.646	138.8673
265.000000	91.562	138.6909
269.000000	91.447	138.4638
272.000000	91.359	138.2982
276.000000	91.240	138.0820
280.000000	91.118	137.9170
285.000000	90.967	137.7663
290.000000	90.819	137.6320
295.000000	90.671	137.5135
300.000000	90.523	137.4236
304.000000	90.406	137.3773
307.000000	90.319	137.3529
311.000000	90.204	137.3315
315.000000	90.089	137.3262
320.000000	89.946	137.3369
325.000000	89.805	137.3656
330.000000	89.664	137.4195
335.000000	89.526	137.5007
340.000000	89.388	137.5932
345.000000	89.252	137.7006
350.000000	89.116	137.8309
355.000000	88.983	137.9863
360.000000	88.852	138.1628
365.000000	88.722	138.3567
370.000000	88.596	138.5625
375.000000	88.471	138.7894
382.000000	88.297	139.1318
387.000000	88.175	139.3971
395.000000	87.985	139.8618
400.000000	87.868	140.1615
406.000000	87.732	140.5430
412.000000	87.599	140.9400
418.000000	87.469	141.3616
425.000000	87.318	141.8795
431.000000	87.192	142.3371
437.000000	87.070	142.8153
444.000000	86.933	143.3980
450.000000	86.818	143.9137
455.000000	86.725	144.3524
462.000000	86.598	144.9776
468.000000	86.493	145.5250
475.000000	86.375	146.1829
482.000000	86.262	146.8621
487.000000	86.183	147.3576
494.000000	86.078	148.0580
500.000000	85.990	148.6625
508.000000	85.878	149.4753
515.000000	85.785	150.1992
522.000000	85.697	150.9341
530.000000	85.601	151.7851
538.000000	85.510	152.6505
545.000000	85.435	153.4170
552.000000	85.364	154.1880
560.000000	85.289	155.0733
570.000000	85.204	156.1880
580.000000	85.128	157.3097
590.000000	85.064	158.4187
600.000000	85.008	159.5022
608.000000	84.966	160.3572
615.000000	84.934	161.0978
622.000000	84.904	161.8334
630.000000	84.872	162.6719
640.000000	84.837	163.7276
650.000000	84.812	164.7828
660.000000	84.794	165.8192
670.000000	84.784	166.8261
680.000000	84.779	167.8055
690.000000	84.778	168.7645
700.000000	84.781	169.7133
710.000000	84.789	170.6462
720.000000	84.802	171.5626
730.000000	84.820	172.4641
740.000000	84.843	173.3444
750.000000	84.870	174.2035
762.000000	84.909	175.2056
775.000000	84.958	176.2564
788.000000	85.014	177.2717
800.000000	85.070	178.1726
812.000000	85.133	179.0303
825.000000	85.206	179.9108
838.000000	85.284	-179.2592
850.000000	85.358	-178.5423
862.000000	85.432	-177.8715
875.000000	85.511	-177.1802
885.000000	85.569	-176.6478
900.000000	85.661	-175.8076
912.000000	85.744	-175.1104
925.000000	85.848	-174.3897
938.000000	85.964	-173.7469
950.000000	86.077	-173.2328
962.000000	86.192	-172.7896
975.000000	86.318	-172.3818
988.000000	86.445	-172.0413
1000.000000	86.561	-171.7814
1015.000000	86.706	-171.5293
1030.000000	86.851	-171.3552
1044.000000	86.984	-171.2614
1060.000000	87.133	-171.2305
1075.000000	87.270	-171.2712
1090.000000	87.403	-171.3802
1106.000000	87.541	-171.5699
1120.000000	87.656	-171.7929
1138.000000	87.798	-172.1507
1150.000000	87.887	-172.4311
1172.000000	88.039	-173.0257
1180.000000	88.091	-173.2653
1206.000000	88.244	-174.1247
1220.000000	88.318	-174.6318
1241.000000	88.415	-175.4430
1250.000000	88.452	-175.8054
1265.000000	88.508	-176.4255
1280.000000	88.555	-177.0644
1315.000000	88.634	-178.6098
1320.000000	88.642	-178.8351
1340.000000	88.665	-179.7418
1360.000000	88.674	179.3472
1380.000000	88.670	178.4449
1400.000000	88.653	177.5523
1430.000000	88.603	176.2384
1450.000000	88.556	175.3931
1475.000000	88.479	174.3756
1500.000000	88.386	173.4127
1525.000000	88.276	172.5162
1550.000000	88.153	171.6950
1575.000000	88.016	170.9530
1600.000000	87.867	170.2911
1625.000000	87.706	169.7176
1650.000000	87.536	169.2376
1675.000000	87.355	168.8583
1700.000000	87.165	168.5934
1725.000000	86.969	168.4509
1750.000000	86.769	168.4347
1775.000000	86.567	168.5484
1800.000000	86.364	168.7892
1825.000000	86.164	169.1575
1850.000000	85.969	169.6511
1875.000000	85.781	170.2632
1900.000000	85.601	170.9880
1925.000000	85.431	171.8176
1950.000000	85.275	172.7384
1975.000000	85.132	173.7399
2000.000000	85.003	174.8094
2030.000000	84.869	176.1621
2060.000000	84.758	177.5650
2090.000000	84.667	178.9940
2120.000000	84.598	-179.5702
2140.000000	84.562	-178.6207
2180.000000	84.510	-176.7474
2200.000000	84.493	-175.8228
2240.000000	84.473	-173.9931
2270.000000	84.468	-172.6199
2300.000000	84.473	-171.2164
2330.000000	84.490	-169.7581
2360.000000	84.525	-168.2172
2400.000000	84.622	-166.0457
2430.000000	84.749	-164.4154
2470.000000	84.996	-162.5096
2500.000000	85.224	-161.4785
2540.000000	85.540	-160.7734
2580.000000	85.817	-160.7059
2620.000000	86.030	-160.9868
2650.000000	86.150	-161.2810
2690.000000	86.269	-161.6800
2720.000000	86.335	-161.9492
2760.000000	86.401	-162.2604
2800.000000	86.445	-162.5155
2850.000000	86.476	-162.7487
2900.000000	86.485	-162.8673
2950.000000	86.477	-162.8266
3000.000000	86.464	-162.5924
3040.000000	86.461	-162.2684
3070.000000	86.469	-161.9738
3110.000000	86.498	-161.5769
3150.000000	86.543	-161.2608
3200.000000	86.605	-161.0551
3250.000000	86.650	-161.0302
3300.000000	86.667	-161.0729
3350.000000	86.657	-161.0776
3400.000000	86.629	-160.9792
3450.000000	86.591	-160.7581
3500.000000	86.549	-160.4256
3550.000000	86.507	-160.0037
3600.000000	86.465	-159.5008
3650.000000	86.425	-158.9167
3700.000000	86.388	-158.2485
3750.000000	86.355	-157.5002
3820.000000	86.319	-156.3203
3870.000000	86.304	-155.3949
3950.000000	86.301	-153.7884
4000.000000	86.314	-152.7102
4060.000000	86.345	-151.3523
4120.000000	86.394	-149.9328
4180.000000	86.465	-148.4563
4250.000000	86.578	-146.6724
4310.000000	86.705	-145.1109
4370.000000	86.863	-143.5463
4440.000000	87.087	-141.7499
4500.000000	87.317	-140.2677
4550.000000	87.537	-139.0978
4620.000000	87.893	-137.6126
4680.000000	88.246	-136.5547
4750.000000	88.711	-135.7551
4820.000000	89.196	-135.6920
4870.000000	89.500	-136.0376
4940.000000	89.873	-136.2152
5000.000000	90.309	-135.9394
5080.000000	91.090	-137.2093
5150.000000	91.699	-140.5666
5220.000000	92.036	-145.2539
5300.000000	91.994	-150.4987
5380.000000	91.619	-153.5949
5450.000000	91.275	-153.8811
5520.000000	91.132	-152.6624
5600.000000	91.281	-151.0289
5700.000000	91.786	-150.4684
5800.000000	92.390	-152.1862
5900.000000	92.893	-155.8196
6000.000000	93.183	-160.6108
6080.000000	93.238	-164.7051
6150.000000	93.164	-168.1422
6220.000000	92.996	-171.2357
6300.000000	92.718	-174.1967
6400.000000	92.298	-176.9286
6500.000000	91.854	-178.6039
6600.000000	91.434	-179.3470
6700.000000	91.071	-179.3275
6800.000000	90.786	-178.7227
6900.000000	90.595	-177.7012
7000.000000	90.509	-176.4249
7100.000000	90.534	-175.0605
7200.000000	90.677	-173.7578
7300.000000	90.947	-172.6986
7400.000000	91.347	-172.0894
7500.000000	91.881	-172.1906
7620.000000	92.691	-173.7557
7750.000000	93.718	-178.1229
7880.000000	94.715	173.6550
8000.000000	95.290	162.3635
8120.000000	95.215	148.8435
8250.000000	94.267	134.6619
8380.000000	92.625	123.7894
8500.000000	90.829	117.5709
8620.000000	89.020	114.5600
8750.000000	87.196	113.9359
8850.000000	85.920	114.7461
9000.000000	84.216	117.3666
9120.000000	83.017	120.2966
9250.000000	81.866	124.0410
9380.000000	80.849	128.2024
9500.000000	80.017	132.3024
9620.000000	79.279	136.5818
9750.000000	78.576	141.3639
9880.000000	77.966	146.2426
10000.000000	77.480	150.8002
10150.000000	76.970	156.5325
10300.000000	76.565	162.2610
10440.000000	76.280	167.5665
10600.000000	76.061	173.5310
10750.000000	75.961	178.9808
10900.000000	75.963	-175.7595
11060.000000	76.085	-170.4326
11200.000000	76.298	-166.0800
11380.000000	76.730	-161.0789
11500.000000	77.123	-158.2622
11720.000000	78.075	-154.6841
11800.000000	78.491	-154.0822
12060.000000	79.996	-155.9452
12200.000000	80.764	-159.9848
12410.000000	81.487	-170.0529
12500.000000	81.536	-175.3552
12650.000000	81.207	175.6369
12800.000000	80.405	167.6488
13150.000000	77.452	157.9442
13200.000000	77.006	157.6415
13400.000000	75.321	158.3854
13600.000000	73.861	161.3735
13800.000000	72.639	165.7831
14000.000000	71.641	171.0692
14300.000000	70.527	-179.9995
14500.000000	70.028	-173.6192
14750.000000	69.683	-165.4696
15000.000000	69.684	-157.3494
15250.000000	70.155	-149.7797
15500.000000	71.263	-144.7005
15750.000000	72.893	-146.1010
16000.000000	74.256	-157.3017
16250.000000	74.157	-175.9723
16500.000000	72.062	166.8059
16750.000000	68.640	158.3602
17000.000000	64.899	159.2144
17250.000000	61.440	166.6885
17500.000000	58.483	178.8923
17750.000000	56.243	-166.5930
18000.000000	54.724	-154.5941
18250.000000	53.358	-147.3041
18500.000000	51.577	-142.2766
18750.000000	49.264	-136.4171
19000.000000	46.493	-127.9419
19250.000000	43.327	-114.0363
19500.000000	40.455	-88.9272
19750.000000	39.187	-64.5654
20000.000000	38.989	-56.5413
