* Measurement data measured by REW V5.31.3
* Source: Microphone (JadeAudio JA11), MICROPHONE (Master Volume), R, volume: 0.250
* Format: 512k Log Swept Sine, 1 sweep at -14.9 dBFS with no timing reference
* Dated: Jul 12, 2025 6:15:06 PM
* REW Settings:
*  C-weighting compensation: Off
*  Target level: 75.0 dB
* Note: 
* Measurement: R MH755 (EX11)
* Smoothing: 1/24 octave
* Frequency Step: 96 ppo
* Start Frequency: 6.958008 Hz
*
* Freq(Hz) SPL(dB) Phase(degrees)
6.958008 95.619 169.3219
7.008428 95.606 169.2748
7.059214 95.588 169.1015
7.110368 95.567 168.8798
7.161893 95.545 168.6429
7.213791 95.523 168.3902
7.266065 95.501 168.1371
7.318718 95.479 167.8858
7.371752 95.459 167.6352
7.425171 95.440 167.3758
7.478977 95.422 167.1184
7.533173 95.404 166.8631
7.587761 95.388 166.6059
7.642745 95.372 166.3447
7.698128 95.356 166.0854
7.753912 95.341 165.8278
7.810100 95.327 165.5653
7.866695 95.314 165.3028
7.923700 95.301 165.0422
7.981119 95.289 164.7822
8.038953 95.277 164.5196
8.097207 95.266 164.2593
8.155882 95.256 164.0010
8.214983 95.246 163.7400
8.274512 95.237 163.4804
8.334473 95.229 163.2234
8.394868 95.221 162.9673
8.455701 95.213 162.7120
8.516974 95.206 162.4594
8.578692 95.199 162.2089
8.640856 95.193 161.9584
8.703472 95.187 161.7110
8.766541 95.182 161.4667
8.830066 95.178 161.2245
8.894053 95.173 160.9854
8.958503 95.170 160.7496
9.023420 95.166 160.5166
9.088807 95.164 160.2867
9.154668 95.162 160.0601
9.221007 95.160 159.8373
9.287826 95.159 159.6179
9.355130 95.158 159.4016
9.422921 95.158 159.1899
9.491203 95.158 158.9816
9.559980 95.159 158.7763
9.629256 95.159 158.5753
9.699033 95.160 158.3775
9.769317 95.162 158.1829
9.840109 95.163 157.9942
9.911415 95.165 157.8086
9.983237 95.167 157.6259
10.055579 95.170 157.4529
10.128446 95.173 157.2852
10.201841 95.175 157.1206
10.275768 95.178 156.9593
10.350230 95.180 156.8012
10.425232 95.182 156.6465
10.500778 95.184 156.4950
10.576871 95.186 156.3470
10.653515 95.187 156.2025
10.730715 95.189 156.0614
10.808474 95.189 155.9239
10.886797 95.190 155.7898
10.965687 95.190 155.6591
11.045149 95.190 155.5328
11.125187 95.190 155.4105
11.205804 95.189 155.2917
11.287006 95.188 155.1762
11.368796 95.187 155.0640
11.451179 95.185 154.9552
11.534159 95.184 154.8496
11.617741 95.182 154.7472
11.701928 95.179 154.6479
11.786725 95.176 154.5517
11.872136 95.173 154.4586
11.958167 95.169 154.3686
12.044820 95.164 154.2700
12.132102 95.158 154.1635
12.220016 95.152 154.0598
12.308568 95.144 153.9590
12.397760 95.136 153.8610
12.487600 95.127 153.7658
12.578090 95.118 153.6734
12.669236 95.109 153.5839
12.761043 95.100 153.4970
12.853514 95.089 153.4130
12.946656 95.078 153.3316
13.040473 95.066 153.2302
13.134970 95.054 153.1012
13.230151 95.041 152.9743
13.326022 95.027 152.8496
13.422588 95.012 152.7272
13.519854 94.997 152.6071
13.617824 94.981 152.4892
13.716504 94.965 152.3737
13.815900 94.949 152.2607
13.916016 94.932 152.1504
14.016857 94.914 152.0318
14.118429 94.896 151.8596
14.220737 94.878 151.6903
14.323786 94.859 151.5241
14.427582 94.839 151.3612
14.532130 94.820 151.2018
14.637436 94.800 151.0461
14.743505 94.779 150.8943
14.850342 94.759 150.7463
14.957954 94.739 150.6022
15.066346 94.720 150.4230
15.175523 94.701 150.2225
15.285491 94.683 150.0249
15.396256 94.665 149.8298
15.507823 94.647 149.6372
15.620199 94.629 149.4466
15.733390 94.612 149.2576
15.847400 94.595 149.0700
15.962237 94.579 148.8836
16.077906 94.564 148.6680
16.194413 94.550 148.4383
16.311765 94.536 148.2095
16.429966 94.523 147.9816
16.549025 94.510 147.7551
16.668946 94.496 147.5302
16.789736 94.483 147.3074
16.911401 94.470 147.0871
17.033948 94.458 146.8642
17.157383 94.446 146.6296
17.281713 94.435 146.3985
17.406943 94.424 146.1710
17.533081 94.414 145.9470
17.660133 94.404 145.7264
17.788106 94.394 145.5091
17.917005 94.384 145.2947
18.046840 94.376 145.0829
18.177614 94.368 144.8737
18.309337 94.361 144.6662
18.442014 94.355 144.4602
18.575652 94.348 144.2556
18.710259 94.341 144.0524
18.845841 94.334 143.8506
18.982406 94.327 143.6506
19.119960 94.320 143.4621
19.258512 94.312 143.2776
19.398067 94.305 143.0962
19.538633 94.297 142.9182
19.680218 94.289 142.7439
19.822829 94.280 142.5734
19.966473 94.271 142.4067
20.111159 94.261 142.2486
20.256892 94.251 142.0951
20.403682 94.241 141.9444
20.551536 94.230 141.7955
20.700461 94.219 141.6483
20.850465 94.208 141.5020
21.001556 94.195 141.3563
21.153742 94.182 141.2055
21.307030 94.168 141.0554
21.461430 94.153 140.9062
21.616948 94.137 140.7585
21.773594 94.120 140.6128
21.931374 94.101 140.4698
22.090298 94.082 140.3172
22.250373 94.061 140.1583
22.411609 94.039 140.0032
22.574012 94.017 139.8519
22.737593 93.994 139.7043
22.902359 93.971 139.5600
23.068319 93.947 139.4052
23.235481 93.923 139.2332
23.403855 93.898 139.0631
23.573449 93.873 138.8943
23.744272 93.847 138.7268
23.916333 93.821 138.5605
24.089641 93.794 138.3793
24.264204 93.767 138.1844
24.440033 93.739 137.9913
24.617135 93.711 137.8005
24.795521 93.682 137.6125
24.975200 93.653 137.4279
25.156180 93.623 137.2266
25.338472 93.594 137.0261
25.522085 93.564 136.8299
25.707029 93.534 136.6382
25.893312 93.503 136.4509
26.080946 93.473 136.2634
26.269939 93.443 136.0739
26.460302 93.413 135.8875
26.652044 93.384 135.7038
26.845176 93.354 135.5218
27.039707 93.323 135.3417
27.235648 93.293 135.1644
27.433009 93.262 134.9886
27.631800 93.230 134.8150
27.832031 93.197 134.6451
28.033714 93.163 134.4815
28.236857 93.128 134.3310
28.441473 93.093 134.1881
28.647572 93.058 134.0530
28.855164 93.023 133.9248
29.064261 92.987 133.8032
29.274872 92.952 133.6874
29.487010 92.918 133.5710
29.700685 92.883 133.4514
29.915908 92.848 133.3267
30.132691 92.812 133.1948
30.351045 92.775 133.0573
30.570981 92.737 132.9171
30.792511 92.697 132.7770
31.015647 92.655 132.6391
31.240399 92.611 132.4967
31.466780 92.567 132.3606
31.694801 92.523 132.2307
31.924474 92.478 132.1059
32.155812 92.434 131.9725
32.388827 92.390 131.8345
32.623529 92.346 131.6963
32.859933 92.302 131.5572
33.098050 92.258 131.4098
33.337892 92.214 131.2516
33.579472 92.169 131.0943
33.822802 92.125 130.9393
34.067896 92.079 130.7840
34.314766 92.034 130.6235
34.563425 91.989 130.4680
34.813886 91.944 130.3179
35.066162 91.899 130.1714
35.320266 91.855 130.0250
35.576211 91.811 129.8831
35.834011 91.768 129.7444
36.093679 91.726 129.6074
36.355229 91.684 129.4703
36.618674 91.642 129.3327
36.884028 91.600 129.1946
37.151305 91.558 129.0589
37.420518 91.515 128.9266
37.691683 91.471 128.7975
37.964812 91.427 128.6728
38.239921 91.382 128.5548
38.517023 91.337 128.4415
38.796133 91.292 128.3315
39.077266 91.247 128.2235
39.360436 91.201 128.1161
39.645658 91.155 128.0109
39.932947 91.109 127.9081
40.222317 91.062 127.8038
40.513785 91.016 127.7001
40.807364 90.969 127.5971
41.103071 90.923 127.4905
41.400921 90.876 127.3766
41.700929 90.828 127.2615
42.003112 90.780 127.1471
42.307483 90.730 127.0273
42.614061 90.680 126.9146
42.922860 90.629 126.8115
43.233897 90.578 126.7136
43.547187 90.529 126.6221
43.862748 90.480 126.5347
44.180596 90.433 126.4442
44.500746 90.387 126.3480
44.823217 90.340 126.2472
45.148025 90.293 126.1427
45.475186 90.245 126.0372
45.804718 90.196 125.9350
46.136638 90.147 125.8373
46.470963 90.098 125.7427
46.807711 90.049 125.6487
47.146899 90.000 125.5528
47.488544 89.951 125.4550
47.832666 89.899 125.3589
48.179281 89.847 125.2681
48.528408 89.795 125.1857
48.880065 89.742 125.1128
49.234270 89.690 125.0441
49.591042 89.640 124.9766
49.950399 89.590 124.9078
50.312360 89.540 124.8325
50.676944 89.491 124.7545
51.044170 89.440 124.6763
51.414057 89.390 124.5984
51.786625 89.339 124.5240
52.161892 89.289 124.4517
52.539879 89.238 124.3803
52.920604 89.188 124.3103
53.304089 89.138 124.2379
53.690352 89.088 124.1643
54.079415 89.038 124.0893
54.471296 88.987 124.0121
54.866018 88.935 123.9367
55.263600 88.882 123.8640
55.664063 88.829 123.7975
56.067427 88.776 123.7388
56.473715 88.723 123.6853
56.882947 88.670 123.6366
57.295144 88.619 123.5868
57.710328 88.568 123.5338
58.128521 88.517 123.4770
58.549744 88.465 123.4173
58.974020 88.413 123.3589
59.401370 88.361 123.3050
59.831817 88.308 123.2572
60.265383 88.255 123.2124
60.702091 88.203 123.1693
61.141963 88.151 123.1268
61.585023 88.098 123.0841
62.031293 88.046 123.0432
62.480798 87.993 123.0042
62.933559 87.940 122.9684
63.389602 87.886 122.9342
63.848949 87.834 122.9016
64.311625 87.781 122.8675
64.777653 87.728 122.8324
65.247059 87.675 122.7958
65.719866 87.622 122.7591
66.196099 87.568 122.7239
66.675783 87.515 122.6898
67.158944 87.461 122.6575
67.645605 87.408 122.6276
68.135793 87.354 122.6035
68.629533 87.301 122.5855
69.126851 87.248 122.5717
69.627773 87.196 122.5594
70.132324 87.144 122.5478
70.640532 87.092 122.5373
71.152422 87.040 122.5272
71.668022 86.989 122.5136
72.187358 86.937 122.4948
72.710457 86.883 122.4736
73.237347 86.829 122.4554
73.768055 86.774 122.4431
74.302609 86.719 122.4350
74.841036 86.665 122.4275
75.383365 86.610 122.4193
75.929624 86.556 122.4134
76.479842 86.501 122.4096
77.034046 86.448 122.4086
77.592267 86.395 122.4081
78.154532 86.342 122.4067
78.720872 86.289 122.4035
79.291316 86.236 122.4003
79.865894 86.183 122.3978
80.444635 86.129 122.3957
81.027570 86.074 122.3930
81.614729 86.019 122.3905
82.206143 85.963 122.3916
82.801842 85.907 122.3976
83.401859 85.852 122.4072
84.006223 85.797 122.4184
84.614967 85.743 122.4271
85.228122 85.690 122.4305
85.845720 85.637 122.4262
86.467793 85.583 122.4214
87.094375 85.527 122.4308
87.725496 85.473 122.4613
88.361191 85.419 122.5045
89.001493 85.368 122.5492
89.646434 85.316 122.5928
90.296050 85.263 122.6406
90.950372 85.209 122.6943
91.609436 85.155 122.7504
92.273276 85.101 122.8070
92.941926 85.046 122.8638
93.615421 84.991 122.9186
94.293797 84.936 122.9680
94.977089 84.880 123.0128
95.665332 84.824 123.0588
96.358562 84.769 123.1126
97.056816 84.714 123.1743
97.760130 84.662 123.2383
98.468540 84.610 123.3003
99.182084 84.559 123.3658
99.900798 84.507 123.4419
100.624720 84.458 123.5250
101.353889 84.409 123.6044
102.088341 84.361 123.6746
102.828115 84.313 123.7397
103.573250 84.264 123.8037
104.323784 84.216 123.8667
105.079757 84.168 123.9256
105.841209 84.121 123.9775
106.608178 84.074 124.0276
107.380705 84.027 124.0832
108.158829 83.981 124.1455
108.942593 83.936 124.2073
109.732036 83.892 124.2622
110.527199 83.846 124.3112
111.328125 83.798 124.3634
112.134854 83.750 124.4220
112.947430 83.701 124.4790
113.765894 83.652 124.5273
114.590288 83.602 124.5733
115.420657 83.551 124.6242
116.257042 83.501 124.6783
117.099489 83.452 124.7312
117.948040 83.404 124.7807
118.802740 83.357 124.8270
119.663634 83.310 124.8686
120.530766 83.262 124.9077
121.404181 83.213 124.9503
122.283926 83.163 125.0012
123.170046 83.112 125.0620
124.062587 83.062 125.1308
124.961595 83.012 125.1986
125.867118 82.962 125.2624
126.779203 82.911 125.3260
127.697898 82.861 125.3899
128.623249 82.811 125.4514
129.555307 82.762 125.5056
130.494118 82.711 125.5541
131.439732 82.659 125.6028
132.392198 82.606 125.6559
133.351567 82.552 125.7192
134.317887 82.497 125.7933
135.291210 82.444 125.8709
136.271586 82.391 125.9436
137.259066 82.339 126.0141
138.253702 82.287 126.0838
139.255545 82.236 126.1539
140.264648 82.186 126.2284
141.281064 82.137 126.3133
142.304844 82.087 126.4099
143.336044 82.038 126.5178
144.374716 81.989 126.6293
145.420915 81.940 126.7396
146.474695 81.889 126.8464
147.536111 81.837 126.9492
148.605218 81.785 127.0473
149.682073 81.733 127.1414
150.766731 81.680 127.2349
151.859249 81.629 127.3328
152.959683 81.578 127.4365
154.068092 81.527 127.5457
155.184533 81.477 127.6569
156.309064 81.426 127.7691
157.441744 81.376 127.8827
158.582632 81.325 127.9950
159.731787 81.276 128.1033
160.889270 81.226 128.2099
162.055139 81.176 128.3207
163.229458 81.127 128.4409
164.412286 81.078 128.5661
165.603685 81.029 128.6933
166.803718 80.979 128.8249
168.012446 80.928 128.9622
169.229933 80.878 129.1050
170.456243 80.827 129.2524
171.691440 80.778 129.4018
172.935586 80.729 129.5494
174.188749 80.679 129.6951
175.450993 80.630 129.8412
176.722383 80.582 129.9897
178.002986 80.534 130.1392
179.292869 80.486 130.2951
180.592099 80.439 130.4574
181.900744 80.394 130.6240
183.218872 80.348 130.7905
184.546551 80.304 130.9549
185.883851 80.261 131.1174
187.230842 80.219 131.2802
188.587594 80.178 131.4412
189.954178 80.136 131.5907
191.330664 80.091 131.7209
192.717125 80.043 131.8469
194.113633 79.992 131.9862
195.520260 79.944 132.1371
196.937080 79.899 132.2823
198.364168 79.857 132.4246
199.801596 79.815 132.5887
201.249441 79.773 132.7895
202.707777 79.733 133.0185
204.176681 79.694 133.2488
205.656230 79.657 133.4608
207.146500 79.621 133.6498
208.647569 79.588 133.8096
210.159515 79.558 133.9354
211.682417 79.525 134.0414
213.216355 79.490 134.1538
214.761409 79.452 134.2862
216.317659 79.412 134.4216
217.885186 79.370 134.5374
219.464072 79.328 134.6329
221.054399 79.285 134.7259
222.656250 79.243 134.8226
224.269709 79.203 134.9305
225.894860 79.161 135.0549
227.531787 79.117 135.1949
229.180576 79.072 135.3462
230.841313 79.026 135.5036
232.514084 78.980 135.6583
234.198977 78.936 135.8048
235.896080 78.893 135.9473
237.605480 78.849 136.0975
239.327267 78.804 136.2620
241.061531 78.761 136.4355
242.808362 78.718 136.6094
244.567852 78.675 136.7773
246.340091 78.633 136.9406
248.125173 78.590 137.1034
249.923190 78.546 137.2721
251.734237 78.503 137.4490
253.558407 78.461 137.6295
255.395796 78.420 137.8063
257.246499 78.379 137.9793
259.110613 78.337 138.1537
260.988235 78.294 138.3323
262.879464 78.252 138.5152
264.784397 78.210 138.7010
266.703134 78.168 138.8903
268.635774 78.127 139.0808
270.582420 78.086 139.2722
272.543172 78.046 139.4645
274.518132 78.006 139.6573
276.507403 77.966 139.8519
278.511090 77.927 140.0498
280.529296 77.887 140.2471
282.562127 77.847 140.4430
284.609689 77.807 140.6396
286.672088 77.767 140.8400
288.749432 77.727 141.0417
290.841830 77.688 141.2431
292.949389 77.649 141.4414
295.072221 77.611 141.6386
297.210436 77.573 141.8368
299.364146 77.536 142.0406
301.533462 77.497 142.2537
303.718497 77.458 142.4689
305.919367 77.420 142.6816
308.136185 77.382 142.8919
310.369066 77.345 143.1028
312.618129 77.307 143.3168
314.883488 77.270 143.5292
317.165264 77.233 143.7406
319.463574 77.195 143.9555
321.778539 77.158 144.1783
324.110279 77.122 144.4080
326.458916 77.087 144.6382
328.824572 77.052 144.8654
331.207370 77.016 145.0898
333.607435 76.980 145.3120
336.024892 76.944 145.5314
338.459867 76.908 145.7488
340.912487 76.873 145.9682
343.382879 76.839 146.1952
345.871173 76.806 146.4317
348.377498 76.772 146.6760
350.901985 76.738 146.9208
353.444765 76.703 147.1607
356.005972 76.668 147.3935
358.585738 76.634 147.6227
361.184198 76.601 147.8524
363.801488 76.568 148.0846
366.437743 76.536 148.3215
369.093102 76.503 148.5603
371.767703 76.470 148.8029
374.461685 76.437 149.0485
377.175189 76.404 149.2925
379.908356 76.371 149.5335
382.661328 76.338 149.7742
385.434250 76.305 150.0199
388.227265 76.273 150.2729
391.040520 76.242 150.5330
393.874161 76.210 150.7917
396.728335 76.179 151.0483
399.603192 76.149 151.3009
402.498882 76.118 151.5520
405.415555 76.088 151.8056
408.353363 76.058 152.0619
411.312460 76.028 152.3171
414.292999 75.998 152.5739
417.295137 75.968 152.8355
420.319030 75.940 153.0971
423.364835 75.912 153.3585
426.432711 75.884 153.6205
429.522818 75.856 153.8830
432.635318 75.828 154.1424
435.770371 75.799 154.4008
438.928143 75.771 154.6616
442.108797 75.743 154.9277
445.312500 75.717 155.2003
448.539418 75.692 155.4711
451.789719 75.665 155.7359
455.063574 75.637 156.0015
458.361152 75.609 156.2757
461.682626 75.583 156.5553
465.028169 75.558 156.8358
468.397955 75.533 157.1144
471.792159 75.509 157.3931
475.210960 75.485 157.6767
478.654534 75.461 157.9634
482.123062 75.435 158.2481
485.616725 75.410 158.5267
489.135704 75.383 158.8001
492.680183 75.357 159.0718
496.250346 75.331 159.3480
499.846381 75.304 159.6307
503.468474 75.277 159.9200
507.116814 75.250 160.2134
510.791591 75.223 160.5079
514.492998 75.198 160.8000
518.221226 75.173 161.0955
521.976471 75.150 161.3997
525.758927 75.128 161.7117
529.568793 75.106 162.0270
533.406267 75.084 162.3438
537.271549 75.062 162.6614
541.164840 75.041 162.9793
545.086344 75.020 163.2977
549.036264 74.999 163.6152
553.014807 74.979 163.9310
557.022180 74.959 164.2463
561.058593 74.939 164.5636
565.124254 74.919 164.8808
569.219378 74.899 165.1983
573.344176 74.879 165.5161
577.498864 74.859 165.8356
581.683659 74.840 166.1583
585.898779 74.822 166.4835
590.144443 74.803 166.8142
594.420873 74.783 167.1493
598.728291 74.764 167.4864
603.066923 74.744 167.8245
607.436995 74.725 168.1637
611.838734 74.707 168.5079
616.272369 74.690 168.8576
620.738133 74.673 169.2122
625.236257 74.656 169.5687
629.766977 74.639 169.9265
634.330528 74.623 170.2856
638.927149 74.607 170.6463
643.557078 74.592 171.0106
648.220558 74.578 171.3777
652.917831 74.564 171.7464
657.649143 74.550 172.1177
662.414740 74.536 172.4922
667.214870 74.524 172.8695
672.049784 74.514 173.2473
676.919734 74.504 173.6319
681.824973 74.495 174.0207
686.765758 74.486 174.4120
691.742346 74.476 174.8044
696.754996 74.467 175.1982
701.803970 74.459 175.5960
706.889531 74.451 175.9925
712.011944 74.443 176.3890
717.171476 74.436 176.7900
722.368396 74.429 177.1977
727.602975 74.424 177.6108
732.875486 74.420 178.0300
738.186204 74.416 178.4481
743.535406 74.414 178.8625
748.923370 74.413 179.2727
754.350377 74.412 179.6811
759.816711 74.411 -179.9121
765.322656 74.409 -179.5035
770.868500 74.407 -179.0848
776.454531 74.405 -178.6536
782.081040 74.405 -178.2095
787.748322 74.406 -177.7538
793.456671 74.408 -177.2881
799.206385 74.413 -176.8156
804.997764 74.419 -176.3353
810.831110 74.428 -175.8508
816.706726 74.441 -175.3668
822.624920 74.456 -174.8895
828.585999 74.473 -174.4264
834.590275 74.492 -173.9777
840.638060 74.510 -173.5388
846.729670 74.529 -173.1043
852.865422 74.548 -172.6703
859.045636 74.567 -172.2325
865.270635 74.587 -171.7930
871.540743 74.608 -171.3537
877.856286 74.630 -170.9167
884.217595 74.654 -170.4794
890.625000 74.679 -170.0369
897.078836 74.706 -169.5907
903.579439 74.734 -169.1467
910.127148 74.763 -168.7090
916.722305 74.792 -168.2749
923.365252 74.824 -167.8427
930.056337 74.857 -167.4130
936.795909 74.893 -166.9874
943.584318 74.930 -166.5682
950.421919 74.968 -166.1561
957.309068 75.008 -165.7505
964.246125 75.049 -165.3504
971.233449 75.091 -164.9549
978.271407 75.135 -164.5652
985.360365 75.180 -164.1818
992.500693 75.227 -163.8058
999.692762 75.274 -163.4391
1006.936948 75.322 -163.0822
1014.233628 75.371 -162.7347
1021.583183 75.421 -162.3961
1028.985996 75.472 -162.0676
1036.442452 75.524 -161.7483
1043.952942 75.577 -161.4375
1051.517855 75.631 -161.1356
1059.137587 75.685 -160.8453
1066.812534 75.740 -160.5669
1074.543098 75.795 -160.3009
1082.329680 75.850 -160.0475
1090.172687 75.906 -159.8061
1098.072528 75.962 -159.5746
1106.029614 76.018 -159.3531
1114.044360 76.075 -159.1412
1122.117185 76.131 -158.9402
1130.248509 76.186 -158.7505
1138.438755 76.242 -158.5713
1146.688352 76.298 -158.4016
1154.997728 76.353 -158.2419
1163.367318 76.407 -158.0908
1171.797557 76.461 -157.9494
1180.288885 76.514 -157.8170
1188.841745 76.566 -157.6932
1197.456582 76.617 -157.5787
1206.133846 76.668 -157.4736
1214.873990 76.718 -157.3756
1223.677467 76.766 -157.2846
1232.544739 76.814 -157.1982
1241.476266 76.860 -157.1172
1250.472515 76.904 -157.0391
1259.533954 76.948 -156.9631
1268.661056 76.990 -156.8878
1277.854297 77.031 -156.8119
1287.114156 77.070 -156.7338
1296.441116 77.109 -156.6527
1305.835663 77.146 -156.5691
1315.298286 77.183 -156.4814
1324.829480 77.220 -156.3889
1334.429740 77.257 -156.2949
1344.099568 77.294 -156.2019
1353.839468 77.331 -156.1091
1363.649947 77.368 -156.0127
1373.531516 77.405 -155.9140
1383.484692 77.442 -155.8143
1393.509992 77.478 -155.7145
1403.607940 77.514 -155.6154
1413.779062 77.550 -155.5162
1424.023888 77.586 -155.4147
1434.342952 77.621 -155.3108
1444.736792 77.657 -155.2073
1455.205951 77.693 -155.1032
1465.750973 77.728 -154.9997
1476.372408 77.763 -154.8939
1487.070812 77.798 -154.7852
1497.846740 77.833 -154.6742
1508.700755 77.868 -154.5617
1519.633422 77.903 -154.4462
1530.645312 77.938 -154.3292
1541.736999 77.974 -154.2106
1552.909061 78.010 -154.0900
1564.162080 78.046 -153.9667
1575.496644 78.082 -153.8426
1586.913342 78.119 -153.7169
1598.412770 78.156 -153.5900
1609.995528 78.192 -153.4586
1621.662219 78.230 -153.3241
1633.413452 78.267 -153.1863
1645.249839 78.304 -153.0447
1657.171998 78.342 -152.8992
1669.180549 78.381 -152.7502
1681.276119 78.420 -152.5970
1693.459339 78.460 -152.4383
1705.730844 78.501 -152.2745
1718.091273 78.543 -152.1062
1730.541270 78.587 -151.9359
1743.081486 78.632 -151.7646
1755.712573 78.679 -151.5927
1768.435190 78.727 -151.4241
1781.250000 78.776 -151.2595
1794.157672 78.827 -151.1006
1807.158878 78.878 -150.9443
1820.254296 78.930 -150.7906
1833.444609 78.983 -150.6395
1846.730504 79.037 -150.4954
1860.112675 79.092 -150.3575
1873.591818 79.148 -150.2246
1887.168637 79.206 -150.0949
1900.843839 79.263 -149.9662
1914.618137 79.321 -149.8365
1928.492249 79.380 -149.7088
1942.466899 79.439 -149.5852
1956.542815 79.499 -149.4647
1970.720730 79.559 -149.3457
1985.001385 79.621 -149.2274
1999.385524 79.684 -149.1098
2013.873895 79.748 -148.9926
2028.467256 79.813 -148.8755
2043.166366 79.879 -148.7608
2057.971991 79.948 -148.6494
2072.884905 80.017 -148.5423
2087.905883 80.087 -148.4390
2103.035710 80.159 -148.3373
2118.275174 80.233 -148.2397
2133.625069 80.309 -148.1470
2149.086195 80.386 -148.0574
2164.659360 80.466 -147.9742
2180.345374 80.548 -147.8964
2196.145055 80.632 -147.8248
2212.059228 80.718 -147.7598
2228.088721 80.808 -147.7037
2244.234370 80.900 -147.6607
2260.497017 80.994 -147.6352
2276.877511 81.092 -147.6261
2293.376704 81.192 -147.6394
2309.995457 81.294 -147.6783
2326.734636 81.398 -147.7454
2343.595114 81.502 -147.8422
2360.577771 81.608 -147.9672
2377.683490 81.712 -148.1211
2394.913165 81.817 -148.3020
2412.267693 81.920 -148.5084
2429.747979 82.021 -148.7360
2447.354935 82.122 -148.9815
2465.089477 82.220 -149.2393
2482.952532 82.316 -149.5052
2500.945029 82.410 -149.7787
2519.067908 82.504 -150.0557
2537.322112 82.598 -150.3313
2555.708594 82.691 -150.6050
2574.228312 82.786 -150.8742
2592.882232 82.884 -151.1395
2611.671325 82.985 -151.4036
2630.596572 83.090 -151.6759
2649.658960 83.200 -151.9669
2668.859481 83.316 -152.2880
2688.199137 83.437 -152.6481
2707.678936 83.563 -153.0560
2727.299893 83.692 -153.5231
2747.063033 83.823 -154.0583
2766.969384 83.954 -154.6682
2787.019985 84.083 -155.3535
2807.215880 84.208 -156.1112
2827.558124 84.327 -156.9326
2848.047776 84.439 -157.8098
2868.685904 84.544 -158.7320
2889.473584 84.640 -159.6916
2910.411901 84.728 -160.6829
2931.501945 84.808 -161.7008
2952.744817 84.881 -162.7397
2974.141623 84.948 -163.7966
2995.693479 85.007 -164.8683
3017.401509 85.058 -165.9545
3039.266844 85.103 -167.0493
3061.290625 85.142 -168.1497
3083.473999 85.173 -169.2532
3105.818122 85.198 -170.3609
3128.324161 85.216 -171.4761
3150.993287 85.227 -172.5926
3173.826683 85.232 -173.7065
3196.825540 85.230 -174.8126
3219.991056 85.221 -175.9106
3243.324438 85.206 -176.9986
3266.826904 85.186 -178.0739
3290.499678 85.161 -179.1353
3314.343995 85.130 179.8164
3338.361098 85.095 178.7798
3362.552239 85.057 177.7535
3386.918679 85.014 176.7347
3411.461687 84.967 175.7242
3436.182545 84.916 174.7202
3461.082540 84.859 173.7237
3486.162971 84.798 172.7355
3511.425145 84.730 171.7560
3536.870379 84.657 170.7852
3562.500000 84.577 169.8271
3588.315344 84.491 168.8876
3614.317756 84.398 167.9717
3640.508592 84.299 167.0849
3666.889218 84.194 166.2337
3693.461009 84.083 165.4208
3720.225350 83.968 164.6492
3747.183636 83.848 163.9248
3774.337274 83.725 163.2498
3801.687677 83.599 162.6251
3829.236273 83.473 162.0492
3856.984498 83.347 161.5165
3884.933798 83.222 161.0223
3913.085629 83.098 160.5609
3941.441461 82.975 160.1304
3970.002770 82.852 159.7266
3998.771047 82.731 159.3445
4027.747790 82.609 158.9821
4056.934511 82.489 158.6378
4086.332731 82.368 158.3123
4115.943983 82.247 158.0030
4145.769809 82.125 157.7121
4175.811766 82.003 157.4406
4206.071420 81.881 157.1915
4236.550347 81.758 156.9657
4267.250137 81.635 156.7641
4298.172391 81.512 156.5857
4329.318720 81.390 156.4292
4360.690748 81.268 156.2926
4392.290111 81.146 156.1776
4424.118456 81.024 156.0823
4456.177442 80.903 156.0063
4488.468740 80.782 155.9471
4520.994035 80.662 155.9038
4553.755021 80.541 155.8792
4586.753407 80.421 155.8731
4619.990913 80.302 155.8860
4653.469272 80.182 155.9195
4687.190229 80.063 155.9748
4721.155541 79.944 156.0532
4755.366980 79.827 156.1545
4789.826330 79.709 156.2830
4824.535386 79.593 156.4377
4859.495958 79.478 156.6163
4894.709869 79.364 156.8153
4930.178954 79.253 157.0370
4965.905064 79.144 157.2774
5001.890059 79.038 157.5359
5038.135816 78.934 157.8100
5074.644225 78.832 158.0960
5111.417189 78.732 158.3940
5148.456625 78.635 158.7029
5185.764464 78.538 159.0264
5223.342651 78.444 159.3642
5261.193145 78.351 159.7162
5299.317919 78.259 160.0838
5337.718961 78.169 160.4652
5376.398273 78.080 160.8638
5415.357871 77.994 161.2787
5454.599787 77.910 161.7113
5494.126066 77.828 162.1617
5533.938768 77.749 162.6277
5574.039969 77.672 163.1103
5614.431761 77.597 163.6124
5655.116248 77.526 164.1331
5696.095551 77.458 164.6711
5737.371808 77.395 165.2273
5778.947169 77.335 165.7986
5820.823802 77.280 166.3840
5863.003891 77.229 166.9822
5905.489634 77.184 167.5897
5948.283246 77.143 168.2034
5991.386959 77.107 168.8182
6034.803018 77.075 169.4340
6078.533689 77.048 170.0521
6122.581250 77.025 170.6750
6166.947997 77.007 171.3021
6211.636245 76.994 171.9309
6256.648321 76.987 172.5581
6301.986574 76.985 173.1808
6347.653367 76.989 173.7972
6393.651080 76.997 174.4061
6439.982111 77.011 175.0056
6486.648876 77.030 175.5951
6533.653808 77.055 176.1774
6580.999357 77.085 176.7499
6628.687991 77.120 177.3122
6676.722197 77.161 177.8655
6725.104478 77.208 178.4116
6773.837357 77.261 178.9492
6822.923375 77.321 179.4801
6872.365090 77.389 -179.9959
6922.165081 77.466 -179.4777
6972.325942 77.555 -178.9750
7022.850290 77.655 -178.4977
7073.740759 77.769 -178.0604
7125.000000 77.898 -177.6756
7176.630687 78.041 -177.3571
7228.635511 78.199 -177.1212
7281.017184 78.371 -176.9856
7333.778436 78.556 -176.9662
7386.922018 78.753 -177.0783
7440.450700 78.962 -177.3357
7494.367273 79.180 -177.7587
7548.674547 79.407 -178.3685
7603.375355 79.640 -179.1866
7658.472547 79.876 179.7634
7713.968996 80.111 178.4611
7769.867595 80.340 176.8941
7826.171259 80.557 175.0472
7882.882922 80.755 172.9093
7940.005541 80.925 170.4757
7997.542094 81.059 167.7638
8055.495581 81.148 164.8017
8113.869023 81.184 161.6312
8172.665462 81.161 158.3071
8231.887965 81.073 154.8930
8291.539619 80.918 151.4643
8351.623533 80.696 148.1012
8412.142840 80.412 144.8750
8473.100694 80.069 141.8432
8534.500275 79.673 139.0560
8596.344782 79.233 136.5531
8658.637440 78.757 134.3567
8721.381496 78.253 132.4827
8784.580222 77.730 130.9329
8848.236911 77.195 129.6994
8912.354883 76.652 128.7675
8976.937481 76.107 128.1233
9041.988070 75.566 127.7465
9107.510043 75.030 127.6167
9173.506815 74.501 127.7106
9239.981827 73.982 128.0078
9306.938544 73.473 128.4931
9374.380457 72.976 129.1518
9442.311083 72.493 129.9706
9510.733961 72.024 130.9364
9579.652660 71.567 132.0331
9649.070772 71.125 133.2504
9718.991916 70.695 134.5773
9789.419738 70.279 136.0073
9860.357909 69.877 137.5345
9931.810127 69.488 139.1560
10003.780117 69.113 140.8629
10076.271632 68.751 142.6446
10149.288450 68.402 144.4942
10222.834378 68.066 146.4134
10296.913250 67.744 148.4037
10371.528928 67.435 150.4643
10446.685302 67.139 152.5839
10522.386290 66.856 154.7497
10598.635838 66.585 156.9604
10675.437923 66.328 159.2197
10752.796547 66.084 161.5261
10830.715743 65.853 163.8796
10909.199574 65.635 166.2812
10988.252131 65.430 168.7413
11067.877536 65.241 171.2788
11148.079939 65.075 173.8927
11228.863521 64.937 176.5253
11310.232495 64.825 179.0637
11392.191102 64.725 -178.5577
11474.743615 64.623 -176.2726
11557.894338 64.517 -173.9772
11641.647604 64.413 -171.6318
11726.007782 64.317 -169.2361
11810.979268 64.232 -166.7926
11896.566493 64.157 -164.3069
11982.773917 64.095 -161.7847
12069.606037 64.046 -159.2355
12157.067377 64.012 -156.6702
12245.162499 63.993 -154.1003
12333.895994 63.989 -151.5248
12423.272489 64.000 -148.9387
12513.296643 64.025 -146.3452
12603.973148 64.064 -143.7534
12695.306734 64.116 -141.1627
12787.302159 64.183 -138.5641
12879.964222 64.264 -135.9395
12973.297752 64.361 -133.2815
13067.307616 64.479 -130.5894
13161.998713 64.619 -127.8544
13257.375982 64.786 -125.0750
13353.444393 64.983 -122.2538
13450.208956 65.214 -119.3998
13547.674714 65.485 -116.5291
13645.846750 65.801 -113.6615
13744.730181 66.168 -110.8145
13844.330161 66.589 -108.0135
13944.651885 67.072 -105.2924
14045.700581 67.624 -102.6931
14147.481517 68.255 -100.2686
14250.000000 68.976 -98.0816
14353.261374 69.802 -96.2278
14457.271023 70.748 -94.8604
14562.034368 71.828 -94.2174
14667.556872 73.044 -94.6192
14773.844036 74.370 -96.4648
14880.901400 75.747 -100.1921
14988.734545 77.074 -106.1453
15097.349095 78.217 -114.4366
15206.750710 79.035 -124.8044
15316.945094 79.411 -136.5063
15427.937992 79.293 -148.4026
15539.735190 78.714 -159.3161
15652.342518 77.781 -168.3928
15765.765844 76.641 -175.2253
15880.011082 75.440 -179.8470
15995.084188 74.290 177.4050
16110.991162 73.265 176.0652
16227.738045 72.399 175.6699
16345.330925 71.698 175.8277
16463.775930 71.156 176.2263
16583.079238 70.762 176.6010
16703.247066 70.504 176.7098
16824.285679 70.367 176.3116
16946.201389 70.329 175.1526
17069.000550 70.357 172.9757
17192.689564 70.398 169.5779
17317.274880 70.385 164.8658
17442.762992 70.239 158.9352
17569.160443 69.885 152.1097
17696.473822 69.269 144.8974
17824.709766 68.369 137.8843
17953.874961 67.200 131.6273
18083.976140 65.808 126.5569
18215.020086 64.257 122.9098
18347.013630 62.613 120.7377
18479.963654 60.933 119.9438
18613.877088 59.264 120.3395
18748.760915 57.633 121.7120
18884.622165 56.055 123.8805
19021.467922 54.536 126.7008
19159.305320 53.076 130.0770
19298.141544 51.675 133.9502
19437.983833 50.332 138.2645
19578.839476 49.056 142.9639
19720.715818 47.885 147.8900
19863.620254 46.919 152.5751
20007.560235 46.354 155.8316
