* Measurement data measured by REW V5.31.3
* Source: Microphone (JadeAudio JA11), MICROPHONE (Master Volume), L, volume: 0.250
* Format: 512k Log Swept Sine, 1 sweep at -5.4 dBFS with no timing reference
* Dated: May 18, 2025 5:01:51 PM
* REW Settings:
*  C-weighting compensation: Off
*  Target level: 75.0 dB
* Note: 
* Measurement: R WI-C100
* Smoothing: 1/24 octave
* Frequency Step: 1/48 octave
* Start Frequency: 20.300 Hz
*
* Freq(Hz)	SPL(dB)	Phase(degrees)
20.299999	77.469	69.6731
20.600000	77.533	68.9964
20.900000	77.601	68.2764
21.200001	77.668	67.5665
21.400000	77.713	67.1003
21.799999	77.804	66.1896
22.000000	77.850	65.7503
22.400000	77.941	64.9178
22.700001	78.010	64.3379
23.000000	78.077	63.7886
23.299999	78.143	63.2534
23.600000	78.208	62.7132
24.000000	78.291	61.9613
24.299999	78.352	61.3709
24.700001	78.429	60.5663
25.000000	78.484	59.9690
25.400000	78.552	59.2046
25.799999	78.615	58.4849
26.200001	78.674	57.7997
26.500000	78.719	57.2971
26.900000	78.782	56.6310
27.200001	78.831	56.1327
27.600000	78.901	55.4755
28.000000	78.972	54.8336
28.500000	79.056	54.0519
29.000000	79.129	53.2746
29.500000	79.195	52.4850
30.000000	79.264	51.6965
30.400000	79.324	51.0880
30.700001	79.371	50.6504
31.100000	79.430	50.0844
31.500000	79.481	49.5203
32.000000	79.534	48.7987
32.500000	79.585	48.0770
33.000000	79.644	47.3941
33.500000	79.710	46.7466
34.000000	79.769	46.0754
34.500000	79.815	45.3362
35.000000	79.856	44.5637
35.500000	79.903	43.8353
36.000000	79.957	43.1779
36.500000	80.008	42.5436
37.000000	80.049	41.8895
37.500000	80.083	41.2451
38.200001	80.138	40.4667
38.700001	80.184	39.9775
39.500000	80.251	39.1197
40.000000	80.287	38.5227
40.599998	80.337	37.8351
41.200001	80.397	37.2234
41.799999	80.457	36.6571
42.500000	80.517	36.0075
43.099998	80.559	35.4400
43.700001	80.597	34.8627
44.400002	80.640	34.2392
45.000000	80.678	33.7922
45.500000	80.711	33.4414
46.200001	80.754	32.8657
46.799999	80.786	32.2733
47.500000	80.822	31.5686
48.200001	80.863	30.9377
48.700001	80.892	30.5274
49.400002	80.931	29.9652
50.000000	80.962	29.4750
50.799999	81.005	28.8415
51.500000	81.038	28.3125
52.200001	81.064	27.7531
53.000000	81.096	27.0941
53.799999	81.128	26.5067
54.500000	81.148	26.0097
55.200001	81.174	25.4557
56.000000	81.211	24.7726
57.000000	81.239	23.9941
58.000000	81.277	23.4058
59.000000	81.228	22.5532
60.000000	81.157	21.5599
60.799999	81.247	21.2130
61.500000	81.350	21.0128
62.200001	81.390	20.6331
63.000000	81.400	20.0883
64.000000	81.431	19.4834
65.000000	81.454	18.8764
66.000000	81.474	18.2711
67.000000	81.491	17.6602
68.000000	81.505	17.0620
69.000000	81.516	16.4759
70.000000	81.530	15.8725
71.000000	81.543	15.3005
72.000000	81.551	14.7671
73.000000	81.557	14.2432
74.000000	81.565	13.7690
75.000000	81.569	13.2934
76.199997	81.572	12.6218
77.500000	81.577	11.8954
78.800003	81.590	11.3084
80.000000	81.600	10.7605
81.199997	81.599	10.1366
82.500000	81.598	9.5202
83.800003	81.599	8.9387
85.000000	81.594	8.4081
86.199997	81.583	7.8686
87.500000	81.572	7.2702
88.500000	81.566	6.8142
90.000000	81.553	6.1537
91.199997	81.546	5.6655
92.500000	81.543	5.1428
93.800003	81.537	4.6291
95.000000	81.523	4.1746
96.199997	81.505	3.7158
97.500000	81.486	3.2307
98.800003	81.471	2.7757
100.000000	81.462	2.3739
101.500000	81.445	1.8824
103.000000	81.421	1.3691
104.400002	81.399	0.9207
106.000000	81.382	0.4788
107.500000	81.374	0.0786
109.000000	81.357	-0.3941
110.599998	81.318	-0.9359
112.000000	81.287	-1.3255
113.800003	81.250	-1.8226
115.000000	81.228	-2.1566
117.199997	81.189	-2.7399
118.000000	81.174	-2.9441
120.599998	81.122	-3.5695
122.000000	81.100	-3.9096
124.099998	81.062	-4.3660
125.000000	81.043	-4.5509
126.500000	81.012	-4.8653
128.000000	80.983	-5.2058
131.500000	80.917	-5.9518
132.000000	80.906	-6.0462
134.000000	80.860	-6.4386
136.000000	80.815	-6.8383
138.000000	80.769	-7.2070
140.000000	80.727	-7.6324
143.000000	80.664	-8.1054
145.000000	80.624	-8.3551
147.500000	80.572	-8.7116
150.000000	80.523	-9.0670
152.500000	80.476	-9.4172
155.000000	80.427	-9.7796
157.500000	80.369	-10.1198
160.000000	80.310	-10.4525
162.500000	80.257	-10.8022
165.000000	80.207	-11.1699
167.500000	80.155	-11.5446
170.000000	80.102	-11.8882
172.500000	80.047	-12.2055
175.000000	79.997	-12.5170
177.500000	79.945	-12.8466
180.000000	79.893	-13.1619
182.500000	79.845	-13.5180
185.000000	79.797	-13.9111
187.500000	79.746	-14.2811
190.000000	79.694	-14.6158
192.500000	79.645	-14.9180
195.000000	79.597	-15.1715
197.500000	79.550	-15.4069
200.000000	79.506	-15.5951
203.000000	79.458	-15.7358
206.000000	79.409	-15.8447
209.000000	79.366	-15.9468
212.000000	79.320	-16.0764
214.000000	79.281	-16.1690
218.000000	79.212	-16.2847
220.000000	79.181	-16.3182
224.000000	79.114	-16.3862
227.000000	79.060	-16.4347
230.000000	79.019	-16.4531
233.000000	78.993	-16.4599
236.000000	78.960	-16.4808
240.000000	78.901	-16.4905
243.000000	78.858	-16.4911
247.000000	78.802	-16.4342
250.000000	78.763	-16.4116
254.000000	78.718	-16.4371
258.000000	78.684	-16.4584
262.000000	78.648	-16.4107
265.000000	78.619	-16.3078
269.000000	78.591	-16.1813
272.000000	78.578	-16.1549
276.000000	78.562	-16.1876
280.000000	78.542	-16.2342
285.000000	78.510	-16.2722
290.000000	78.476	-16.2882
295.000000	78.438	-16.2772
300.000000	78.404	-16.2752
304.000000	78.378	-16.2651
307.000000	78.357	-16.2480
311.000000	78.328	-16.1984
315.000000	78.301	-16.0932
320.000000	78.277	-15.9129
325.000000	78.257	-15.7085
330.000000	78.238	-15.5042
335.000000	78.217	-15.3272
340.000000	78.194	-15.2084
345.000000	78.176	-15.1328
350.000000	78.160	-15.0500
355.000000	78.146	-14.9869
360.000000	78.132	-14.9442
365.000000	78.120	-14.8793
370.000000	78.110	-14.8162
375.000000	78.101	-14.7570
382.000000	78.086	-14.6876
387.000000	78.078	-14.6486
395.000000	78.068	-14.5664
400.000000	78.061	-14.5357
406.000000	78.053	-14.5091
412.000000	78.049	-14.4586
418.000000	78.045	-14.3941
425.000000	78.041	-14.3352
431.000000	78.040	-14.2859
437.000000	78.040	-14.2363
444.000000	78.040	-14.1891
450.000000	78.037	-14.1348
455.000000	78.035	-14.0558
462.000000	78.037	-13.8952
468.000000	78.044	-13.7215
475.000000	78.052	-13.4826
482.000000	78.061	-13.2458
487.000000	78.069	-13.1062
494.000000	78.077	-12.9566
500.000000	78.081	-12.8742
508.000000	78.086	-12.8271
515.000000	78.094	-12.8126
522.000000	78.104	-12.7931
530.000000	78.116	-12.7799
538.000000	78.127	-12.7916
545.000000	78.136	-12.8037
552.000000	78.146	-12.8160
560.000000	78.159	-12.8366
570.000000	78.175	-12.8722
580.000000	78.190	-12.9157
590.000000	78.206	-12.9631
600.000000	78.222	-13.0115
608.000000	78.232	-13.0544
615.000000	78.241	-13.0939
622.000000	78.251	-13.1387
630.000000	78.261	-13.1923
640.000000	78.275	-13.2636
650.000000	78.287	-13.3377
660.000000	78.298	-13.4062
670.000000	78.310	-13.4795
680.000000	78.322	-13.5514
690.000000	78.333	-13.6172
700.000000	78.343	-13.6797
710.000000	78.354	-13.7400
720.000000	78.364	-13.7940
730.000000	78.372	-13.8412
740.000000	78.381	-13.8861
750.000000	78.390	-13.9279
762.000000	78.400	-13.9751
775.000000	78.409	-13.9649
788.000000	78.423	-13.8036
800.000000	78.444	-13.5203
812.000000	78.464	-13.1736
825.000000	78.488	-12.7917
838.000000	78.516	-12.4779
850.000000	78.536	-12.3287
862.000000	78.546	-12.3021
875.000000	78.549	-12.3104
885.000000	78.549	-12.2531
900.000000	78.558	-12.0253
912.000000	78.583	-11.7861
925.000000	78.626	-11.5491
938.000000	78.679	-11.3588
950.000000	78.732	-11.2236
962.000000	78.788	-11.1198
975.000000	78.849	-10.9912
988.000000	78.917	-10.7802
1000.000000	78.988	-10.4980
1015.000000	79.081	-10.0780
1030.000000	79.175	-9.6697
1044.000000	79.264	-9.3135
1060.000000	79.370	-8.8835
1075.000000	79.478	-8.3943
1090.000000	79.593	-7.8306
1106.000000	79.719	-7.2333
1120.000000	79.831	-6.7663
1138.000000	79.979	-6.2204
1150.000000	80.082	-5.8462
1172.000000	80.287	-5.1300
1180.000000	80.365	-4.8982
1206.000000	80.620	-4.4854
1220.000000	80.756	-4.5714
1241.000000	80.939	-5.2827
1250.000000	80.998	-5.8506
1265.000000	81.047	-7.1929
1280.000000	80.996	-9.0025
1315.000000	80.231	-13.4456
1320.000000	80.039	-13.8090
1340.000000	79.132	-13.8274
1360.000000	78.203	-11.2301
1380.000000	77.553	-6.7405
1400.000000	77.284	-1.8586
1430.000000	77.345	3.9646
1450.000000	77.511	6.5111
1475.000000	77.737	8.4686
1500.000000	77.953	9.5912
1525.000000	78.147	10.2695
1550.000000	78.315	10.7465
1575.000000	78.466	11.2974
1600.000000	78.608	12.0072
1625.000000	78.738	12.7545
1650.000000	78.863	13.4736
1675.000000	78.987	14.1613
1700.000000	79.112	14.8163
1725.000000	79.239	15.4329
1750.000000	79.371	15.9918
1775.000000	79.505	16.4774
1800.000000	79.639	16.8765
1825.000000	79.772	17.1716
1850.000000	79.900	17.3392
1875.000000	80.018	17.3490
1900.000000	80.112	17.1713
1925.000000	80.166	16.8139
1950.000000	80.155	16.3758
1975.000000	80.062	16.0888
2000.000000	79.890	16.3065
2030.000000	79.639	17.7116
2060.000000	79.455	20.4703
2090.000000	79.437	24.1294
2120.000000	79.612	28.0432
2140.000000	79.831	30.5430
2180.000000	80.479	34.7984
2200.000000	80.883	36.3576
2240.000000	81.764	38.0325
2270.000000	82.410	38.0623
2300.000000	82.993	37.2968
2330.000000	83.492	36.0370
2360.000000	83.911	34.5441
2400.000000	84.370	32.4736
2430.000000	84.662	30.9532
2470.000000	85.007	28.9795
2500.000000	85.242	27.5071
2540.000000	85.526	25.5132
2580.000000	85.779	23.4762
2620.000000	85.998	21.3847
2650.000000	86.140	19.7349
2690.000000	86.296	17.2402
2720.000000	86.385	15.1056
2760.000000	86.479	12.1177
2800.000000	86.548	9.1709
2850.000000	86.606	5.7753
2900.000000	86.639	3.0122
2950.000000	86.654	0.9616
3000.000000	86.635	-0.7856
3040.000000	86.595	-2.0817
3070.000000	86.551	-2.9847
3110.000000	86.479	-4.0915
3150.000000	86.394	-5.0812
3200.000000	86.274	-6.1490
3250.000000	86.143	-7.0388
3300.000000	86.002	-7.7624
3350.000000	85.854	-8.3236
3400.000000	85.700	-8.7251
3450.000000	85.544	-8.9654
3500.000000	85.387	-9.0482
3550.000000	85.233	-8.9847
3600.000000	85.082	-8.7824
3650.000000	84.937	-8.4499
3700.000000	84.799	-7.9977
3750.000000	84.668	-7.4380
3820.000000	84.502	-6.5064
3870.000000	84.394	-5.7619
3950.000000	84.239	-4.4413
4000.000000	84.156	-3.5116
4060.000000	84.076	-2.3059
4120.000000	84.019	-1.0422
4180.000000	83.987	0.2435
4250.000000	83.978	1.7215
4310.000000	83.991	2.9280
4370.000000	84.019	4.0465
4440.000000	84.065	5.2315
4500.000000	84.113	6.1146
4550.000000	84.159	6.6476
4620.000000	84.217	6.6760
4680.000000	84.254	6.0100
4750.000000	84.288	4.9050
4820.000000	84.313	3.7115
4870.000000	84.328	2.8512
4940.000000	84.341	1.8169
5000.000000	84.351	1.3798
5080.000000	84.347	1.3046
5150.000000	84.318	1.3255
5220.000000	84.260	1.3177
5300.000000	84.156	1.2918
5380.000000	84.011	1.3255
5450.000000	83.853	1.4641
5520.000000	83.667	1.7336
5600.000000	83.426	2.2260
5700.000000	83.092	3.1479
5800.000000	82.734	4.4240
5900.000000	82.364	6.0687
6000.000000	81.989	8.0542
6080.000000	81.682	9.8717
6150.000000	81.402	11.6659
6220.000000	81.104	13.7959
6300.000000	80.781	17.0509
6400.000000	80.602	21.8592
6500.000000	80.538	25.3008
6600.000000	80.420	28.8308
6700.000000	80.371	32.2489
6800.000000	80.290	35.3587
6900.000000	80.201	38.8685
7000.000000	80.166	42.6510
7100.000000	80.197	46.4862
7200.000000	80.294	50.2706
7300.000000	80.462	53.9271
7400.000000	80.703	57.3390
7500.000000	81.024	60.3466
7620.000000	81.510	63.0952
7750.000000	82.129	64.4582
7880.000000	82.742	63.5214
8000.000000	83.142	60.3597
8120.000000	83.200	55.4511
8250.000000	82.736	49.6267
8380.000000	81.744	45.1500
8500.000000	80.514	43.3572
8620.000000	79.166	44.0700
8750.000000	77.733	47.2783
8850.000000	76.711	51.0523
9000.000000	75.345	58.1490
9120.000000	74.394	64.6524
9250.000000	73.497	72.2449
9380.000000	72.725	80.1988
9500.000000	72.114	87.7162
9620.000000	71.591	95.2904
9750.000000	71.110	103.4938
9880.000000	70.703	111.6519
10000.000000	70.380	119.1210
10150.000000	70.032	128.3628
10300.000000	69.737	137.4980
10440.000000	69.502	145.9542
10600.000000	69.278	155.5303
10750.000000	69.111	164.4054
10900.000000	68.980	173.1799
11060.000000	68.871	-177.5573
11200.000000	68.801	-169.5392
11380.000000	68.741	-159.3468
11500.000000	68.720	-152.6158
11720.000000	68.711	-140.4431
11800.000000	68.713	-136.0715
12060.000000	68.712	-121.9593
12200.000000	68.699	-114.2803
12410.000000	68.689	-102.3550
12500.000000	68.705	-97.0629
12650.000000	68.772	-88.0700
12800.000000	68.895	-78.9691
13150.000000	69.392	-57.6046
13200.000000	69.488	-54.5763
13400.000000	69.949	-43.0090
13600.000000	70.534	-33.5371
13800.000000	71.263	-26.0269
14000.000000	72.173	-19.2463
14300.000000	74.013	-9.7888
14500.000000	75.706	-3.5873
14750.000000	78.563	3.4117
15000.000000	81.945	2.4269
15250.000000	84.445	-12.2407
15500.000000	84.459	-33.7283
15750.000000	82.156	-47.4023
16000.000000	79.234	-48.0815
16250.000000	76.949	-40.5622
16500.000000	75.542	-30.5218
16750.000000	74.812	-21.4039
17000.000000	74.470	-15.5142
17250.000000	74.097	-14.0974
17500.000000	73.188	-16.1172
17750.000000	71.458	-18.2245
18000.000000	69.011	-17.0808
18250.000000	66.185	-11.4601
18500.000000	63.308	-2.2762
18750.000000	60.584	9.5448
19000.000000	58.091	23.3797
19250.000000	55.832	38.5681
19500.000000	53.778	54.6316
19750.000000	51.961	71.0076
20000.000000	50.790	84.3037
