* Measurement data measured by REW V5.31.3
* Source: Microphone (JadeAudio JA11), MICROPHONE (Master Volume), R, volume: 0.250
* Format: 512k Log Swept Sine, 1 sweep at -14.9 dBFS with no timing reference
* Dated: Jul 12, 2025 6:19:33 PM
* REW Settings:
*  C-weighting compensation: Off
*  Target level: 75.0 dB
* Note: 
* Measurement: L MH755 (EX11)
* Smoothing: 1/24 octave
* Frequency Step: 96 ppo
* Start Frequency: 6.958008 Hz
*
* Freq(Hz) SPL(dB) Phase(degrees)
6.958008 95.634 169.0685
7.008428 95.622 169.0197
7.059214 95.603 168.8439
7.110368 95.583 168.6191
7.161893 95.561 168.3790
7.213791 95.539 168.1228
7.266065 95.517 167.8660
7.318718 95.496 167.6109
7.371752 95.476 167.3562
7.425171 95.457 167.0925
7.478977 95.439 166.8307
7.533173 95.422 166.5708
7.587761 95.405 166.3089
7.642745 95.389 166.0431
7.698128 95.374 165.7791
7.753912 95.359 165.5168
7.810100 95.345 165.2496
7.866695 95.331 164.9824
7.923700 95.318 164.7172
7.981119 95.306 164.4527
8.038953 95.294 164.1860
8.097207 95.283 163.9217
8.155882 95.272 163.6596
8.214983 95.262 163.3952
8.274512 95.252 163.1324
8.334473 95.243 162.8724
8.394868 95.235 162.6138
8.455701 95.226 162.3564
8.516974 95.219 162.1021
8.578692 95.212 161.8503
8.640856 95.205 161.5990
8.703472 95.199 161.3510
8.766541 95.193 161.1067
8.830066 95.188 160.8647
8.894053 95.183 160.6265
8.958503 95.179 160.3917
9.023420 95.176 160.1602
9.088807 95.173 159.9321
9.154668 95.170 159.7074
9.221007 95.169 159.4868
9.287826 95.167 159.2697
9.355130 95.167 159.0560
9.422921 95.167 158.8468
9.491203 95.167 158.6410
9.559980 95.167 158.4381
9.629256 95.168 158.2394
9.699033 95.169 158.0438
9.769317 95.171 157.8512
9.840109 95.173 157.6643
9.911415 95.175 157.4799
9.983237 95.178 157.2983
10.055579 95.181 157.1260
10.128446 95.184 156.9586
10.201841 95.187 156.7940
10.275768 95.190 156.6323
10.350230 95.193 156.4734
10.425232 95.195 156.3175
10.500778 95.197 156.1646
10.576871 95.199 156.0148
10.653515 95.201 155.8684
10.730715 95.203 155.7252
10.808474 95.204 155.5853
10.886797 95.204 155.4487
10.965687 95.205 155.3157
11.045149 95.204 155.1870
11.125187 95.204 155.0623
11.205804 95.203 154.9413
11.287006 95.202 154.8237
11.368796 95.200 154.7096
11.451179 95.198 154.5990
11.534159 95.197 154.4919
11.617741 95.194 154.3882
11.701928 95.192 154.2877
11.786725 95.188 154.1905
11.872136 95.185 154.0965
11.958167 95.181 154.0057
12.044820 95.175 153.9064
12.132102 95.169 153.7993
12.220016 95.162 153.6950
12.308568 95.154 153.5935
12.397760 95.146 153.4948
12.487600 95.137 153.3990
12.578090 95.128 153.3059
12.669236 95.118 153.2156
12.761043 95.108 153.1281
12.853514 95.097 153.0435
12.946656 95.086 152.9618
13.040473 95.074 152.8602
13.134970 95.061 152.7311
13.230151 95.047 152.6047
13.326022 95.032 152.4808
13.422588 95.017 152.3596
13.519854 95.001 152.2411
13.617824 94.985 152.1253
13.716504 94.969 152.0123
13.815900 94.952 151.9023
13.916016 94.935 151.7952
14.016857 94.917 151.6800
14.118429 94.899 151.5114
14.220737 94.881 151.3456
14.323786 94.862 151.1826
14.427582 94.843 151.0227
14.532130 94.823 150.8657
14.637436 94.804 150.7119
14.743505 94.784 150.5611
14.850342 94.764 150.4135
14.957954 94.745 150.2690
15.066346 94.726 150.0885
15.175523 94.708 149.8859
15.285491 94.690 149.6857
15.396256 94.672 149.4876
15.507823 94.655 149.2915
15.620199 94.637 149.0975
15.733390 94.620 148.9052
15.847400 94.603 148.7146
15.962237 94.586 148.5258
16.077906 94.570 148.3084
16.194413 94.555 148.0779
16.311765 94.541 147.8490
16.429966 94.527 147.6221
16.549025 94.513 147.3974
16.668946 94.499 147.1754
16.789736 94.485 146.9563
16.911401 94.472 146.7406
17.033948 94.459 146.5229
17.157383 94.447 146.2944
17.281713 94.435 146.0699
17.406943 94.424 145.8498
17.533081 94.413 145.6338
17.660133 94.403 145.4219
17.788106 94.393 145.2139
17.917005 94.383 145.0093
18.046840 94.375 144.8079
18.177614 94.368 144.6094
18.309337 94.362 144.4128
18.442014 94.356 144.2175
18.575652 94.350 144.0230
18.710259 94.344 143.8289
18.845841 94.339 143.6348
18.982406 94.333 143.4407
19.119960 94.328 143.2559
19.258512 94.322 143.0726
19.398067 94.316 142.8900
19.538633 94.310 142.7084
19.680218 94.303 142.5284
19.822829 94.294 142.3508
19.966473 94.286 142.1760
20.111159 94.276 142.0097
20.256892 94.265 141.8487
20.403682 94.254 141.6918
20.551536 94.242 141.5389
20.700461 94.229 141.3898
20.850465 94.216 141.2443
21.001556 94.203 141.1017
21.153742 94.188 140.9559
21.307030 94.173 140.8120
21.461430 94.157 140.6696
21.616948 94.141 140.5283
21.773594 94.123 140.3880
21.931374 94.105 140.2488
22.090298 94.086 140.0982
22.250373 94.065 139.9394
22.411609 94.044 139.7830
22.574012 94.021 139.6294
22.737593 93.998 139.4792
22.902359 93.974 139.3327
23.068319 93.949 139.1765
23.235481 93.924 139.0046
23.403855 93.898 138.8356
23.573449 93.872 138.6692
23.744272 93.846 138.5046
23.916333 93.819 138.3413
24.089641 93.793 138.1623
24.264204 93.766 137.9685
24.440033 93.738 137.7750
24.617135 93.710 137.5825
24.795521 93.681 137.3914
24.975200 93.652 137.2030
25.156180 93.622 136.9978
25.338472 93.592 136.7939
25.522085 93.562 136.5953
25.707029 93.531 136.4025
25.893312 93.500 136.2155
26.080946 93.469 136.0296
26.269939 93.439 135.8427
26.460302 93.408 135.6599
26.652044 93.378 135.4806
26.845176 93.348 135.3042
27.039707 93.317 135.1309
27.235648 93.286 134.9621
27.433009 93.255 134.7965
27.631800 93.223 134.6348
27.832031 93.191 134.4776
28.033714 93.159 134.3266
28.236857 93.126 134.1870
28.441473 93.094 134.0516
28.647572 93.061 133.9191
28.855164 93.029 133.7878
29.064261 92.996 133.6573
29.274872 92.962 133.5282
29.487010 92.928 133.3960
29.700685 92.893 133.2606
29.915908 92.857 133.1229
30.132691 92.819 132.9832
30.351045 92.779 132.8440
30.570981 92.738 132.7086
30.792511 92.696 132.5786
31.015647 92.652 132.4541
31.240399 92.608 132.3259
31.466780 92.564 132.2026
31.694801 92.520 132.0827
31.924474 92.476 131.9644
32.155812 92.432 131.8345
32.388827 92.389 131.6978
32.623529 92.345 131.5600
32.859933 92.301 131.4213
33.098050 92.256 131.2749
33.337892 92.212 131.1182
33.579472 92.167 130.9626
33.822802 92.122 130.8089
34.067896 92.077 130.6541
34.314766 92.032 130.4931
34.563425 91.986 130.3362
34.813886 91.941 130.1842
35.066162 91.896 130.0356
35.320266 91.852 129.8870
35.576211 91.808 129.7432
35.834011 91.764 129.6030
36.093679 91.721 129.4650
36.355229 91.679 129.3277
36.618674 91.637 129.1908
36.884028 91.594 129.0544
37.151305 91.552 128.9211
37.420518 91.509 128.7914
37.691683 91.465 128.6647
37.964812 91.421 128.5416
38.239921 91.376 128.4245
38.517023 91.331 128.3117
38.796133 91.286 128.2026
39.077266 91.240 128.0965
39.360436 91.194 127.9926
39.645658 91.148 127.8919
39.932947 91.101 127.7940
40.222317 91.055 127.6939
40.513785 91.008 127.5932
40.807364 90.961 127.4923
41.103071 90.914 127.3878
41.400921 90.866 127.2776
41.700929 90.818 127.1686
42.003112 90.769 127.0622
42.307483 90.720 126.9501
42.614061 90.670 126.8418
42.922860 90.621 126.7367
43.233897 90.572 126.6290
43.547187 90.522 126.5215
43.862748 90.473 126.4165
44.180596 90.423 126.3126
44.500746 90.374 126.2116
44.823217 90.324 126.1160
45.148025 90.275 126.0233
45.475186 90.227 125.9307
45.804718 90.180 125.8368
46.136638 90.132 125.7401
46.470963 90.084 125.6416
46.807711 90.035 125.5442
47.146899 89.986 125.4509
47.488544 89.935 125.3637
47.832666 89.885 125.2830
48.179281 89.836 125.2055
48.528408 89.787 125.1274
48.880065 89.738 125.0464
49.234270 89.689 124.9596
49.591042 89.639 124.8706
49.950399 89.587 124.7852
50.312360 89.535 124.7041
50.676944 89.482 124.6322
51.044170 89.430 124.5685
51.414057 89.378 124.5069
51.786625 89.328 124.4449
52.161892 89.278 124.3783
52.539879 89.228 124.3077
52.920604 89.176 124.2386
53.304089 89.125 124.1719
53.690352 89.073 124.1102
54.079415 89.022 124.0505
54.471296 88.972 123.9868
54.866018 88.922 123.9196
55.263600 88.870 123.8500
55.664063 88.818 123.7839
56.067427 88.766 123.7249
56.473715 88.714 123.6698
56.882947 88.663 123.6160
57.295144 88.612 123.5579
57.710328 88.561 123.4973
58.128521 88.509 123.4388
58.549744 88.457 123.3857
58.974020 88.405 123.3388
59.401370 88.354 123.2952
59.831817 88.303 123.2521
60.265383 88.251 123.2073
60.702091 88.200 123.1631
61.141963 88.148 123.1218
61.585023 88.096 123.0823
62.031293 88.044 123.0448
62.480798 87.992 123.0088
62.933559 87.939 122.9758
63.389602 87.887 122.9454
63.848949 87.835 122.9164
64.311625 87.784 122.8844
64.777653 87.732 122.8495
65.247059 87.679 122.8119
65.719866 87.626 122.7745
66.196099 87.573 122.7400
66.675783 87.520 122.7082
67.158944 87.466 122.6795
67.645605 87.413 122.6530
68.135793 87.360 122.6297
68.629533 87.308 122.6082
69.126851 87.256 122.5864
69.627773 87.204 122.5628
70.132324 87.151 122.5390
70.640532 87.097 122.5183
71.152422 87.044 122.5040
71.668022 86.990 122.4944
72.187358 86.938 122.4860
72.710457 86.886 122.4749
73.237347 86.833 122.4609
73.768055 86.780 122.4468
74.302609 86.727 122.4362
74.841036 86.673 122.4293
75.383365 86.620 122.4237
75.929624 86.567 122.4184
76.479842 86.514 122.4119
77.034046 86.461 122.4073
77.592267 86.408 122.4063
78.154532 86.355 122.4095
78.720872 86.302 122.4144
79.291316 86.250 122.4185
79.865894 86.198 122.4200
80.444635 86.145 122.4206
81.027570 86.091 122.4238
81.614729 86.038 122.4308
82.206143 85.984 122.4406
82.801842 85.931 122.4513
83.401859 85.877 122.4629
84.006223 85.824 122.4767
84.614967 85.771 122.4904
85.228122 85.718 122.5033
85.845720 85.665 122.5150
86.467793 85.611 122.5285
87.094375 85.558 122.5464
87.725496 85.505 122.5665
88.361191 85.452 122.5849
89.001493 85.400 122.6022
89.646434 85.347 122.6218
90.296050 85.294 122.6453
90.950372 85.242 122.6705
91.609436 85.189 122.6956
92.273276 85.137 122.7215
92.941926 85.085 122.7489
93.615421 85.033 122.7774
94.293797 84.982 122.8067
94.977089 84.930 122.8372
95.665332 84.878 122.8682
96.358562 84.827 122.8992
97.056816 84.775 122.9303
97.760130 84.723 122.9619
98.468540 84.671 122.9934
99.182084 84.618 123.0279
99.900798 84.564 123.0700
100.624720 84.510 123.1200
101.353889 84.457 123.1729
102.088341 84.405 123.2236
102.828115 84.353 123.2713
103.573250 84.301 123.3166
104.323784 84.249 123.3617
105.079757 84.198 123.4080
105.841209 84.147 123.4537
106.608178 84.096 123.4986
107.380705 84.045 123.5440
108.158829 83.992 123.5951
108.942593 83.940 123.6550
109.732036 83.888 123.7215
110.527199 83.836 123.7881
111.328125 83.784 123.8516
112.134854 83.732 123.9103
112.947430 83.680 123.9640
113.765894 83.627 124.0159
114.590288 83.574 124.0724
115.420657 83.522 124.1318
116.257042 83.472 124.1876
117.099489 83.421 124.2391
117.948040 83.371 124.2895
118.802740 83.320 124.3430
119.663634 83.268 124.4047
120.530766 83.216 124.4797
121.404181 83.164 124.5653
122.283926 83.114 124.6518
123.170046 83.065 124.7336
124.062587 83.016 124.8122
124.961595 82.968 124.8857
125.867118 82.920 124.9493
126.779203 82.871 125.0003
127.697898 82.819 125.0496
128.623249 82.765 125.1178
129.555307 82.711 125.2082
130.494118 82.658 125.3097
131.439732 82.606 125.4093
132.392198 82.555 125.5018
133.351567 82.503 125.5947
134.317887 82.452 125.6921
135.291210 82.402 125.7896
136.271586 82.353 125.8813
137.259066 82.304 125.9692
138.253702 82.254 126.0581
139.255545 82.205 126.1529
140.264648 82.156 126.2492
141.281064 82.107 126.3399
142.304844 82.058 126.4239
143.336044 82.008 126.5112
144.374716 81.957 126.6070
145.420915 81.908 126.7096
146.474695 81.858 126.8129
147.536111 81.809 126.9164
148.605218 81.760 127.0221
149.682073 81.710 127.1311
150.766731 81.660 127.2411
151.859249 81.611 127.3489
152.959683 81.562 127.4497
154.068092 81.514 127.5439
155.184533 81.464 127.6377
156.309064 81.415 127.7393
157.441744 81.365 127.8502
158.582632 81.316 127.9684
159.731787 81.267 128.0922
160.889270 81.218 128.2160
162.055139 81.171 128.3326
163.229458 81.123 128.4397
164.412286 81.076 128.5420
165.603685 81.027 128.6491
166.803718 80.979 128.7666
168.012446 80.930 128.8992
169.229933 80.882 129.0436
170.456243 80.834 129.1895
171.691440 80.786 129.3280
172.935586 80.738 129.4548
174.188749 80.688 129.5764
175.450993 80.639 129.6968
176.722383 80.591 129.8201
178.002986 80.545 129.9436
179.292869 80.499 130.0707
180.592099 80.453 130.2047
181.900744 80.408 130.3439
183.218872 80.361 130.4836
184.546551 80.314 130.6234
185.883851 80.267 130.7620
187.230842 80.220 130.8942
188.587594 80.174 131.0183
189.954178 80.128 131.1456
191.330664 80.082 131.2830
192.717125 80.037 131.4283
194.113633 79.991 131.5761
195.520260 79.945 131.7245
196.937080 79.898 131.8725
198.364168 79.852 132.0193
199.801596 79.805 132.1649
201.249441 79.760 132.3098
202.707777 79.714 132.4581
204.176681 79.669 132.6101
205.656230 79.623 132.7645
207.146500 79.578 132.9207
208.647569 79.534 133.0780
210.159515 79.490 133.2373
211.682417 79.446 133.4011
213.216355 79.401 133.5690
214.761409 79.355 133.7387
216.317659 79.308 133.9060
217.885186 79.261 134.0712
219.464072 79.214 134.2372
221.054399 79.169 134.4077
222.656250 79.126 134.5794
224.269709 79.082 134.7526
225.894860 79.038 134.9272
227.531787 78.996 135.1053
229.180576 78.957 135.2975
230.841313 78.919 135.5194
232.514084 78.881 135.7628
234.198977 78.840 135.9857
235.896080 78.799 136.1490
237.605480 78.762 136.2623
239.327267 78.734 136.3652
241.061531 78.710 136.5057
242.808362 78.678 136.7328
244.567852 78.626 137.0315
246.340091 78.553 137.3372
248.125173 78.477 137.6188
249.923190 78.422 137.8409
251.734237 78.397 137.9671
253.558407 78.386 138.0403
255.395796 78.367 138.1483
257.246499 78.334 138.3328
259.110613 78.293 138.5645
260.988235 78.256 138.7852
262.879464 78.223 138.9627
264.784397 78.189 139.0979
266.703134 78.146 139.2188
268.635774 78.096 139.3589
270.582420 78.046 139.5272
272.543172 78.002 139.7093
274.518132 77.965 139.8999
276.507403 77.934 140.0918
278.511090 77.901 140.2819
280.529296 77.865 140.4893
282.562127 77.825 140.7226
284.609689 77.785 140.9591
286.672088 77.744 141.1715
288.749432 77.704 141.3509
290.841830 77.663 141.5067
292.949389 77.621 141.6477
295.072221 77.579 141.7775
297.210436 77.536 141.9049
299.364146 77.495 142.0671
301.533462 77.459 142.2868
303.718497 77.428 142.5416
305.919367 77.398 142.8040
308.136185 77.364 143.0626
310.369066 77.323 143.3223
312.618129 77.281 143.5766
314.883488 77.239 143.8077
317.165264 77.199 144.0193
319.463574 77.160 144.2232
321.778539 77.123 144.4284
324.110279 77.088 144.6424
326.458916 77.054 144.8654
328.824572 77.021 145.0865
331.207370 76.988 145.2996
333.607435 76.956 145.5098
336.024892 76.923 145.7249
338.459867 76.890 145.9533
340.912487 76.855 146.1869
343.382879 76.821 146.4119
345.871173 76.786 146.6206
348.377498 76.749 146.8247
350.901985 76.710 147.0472
353.444765 76.670 147.2883
356.005972 76.633 147.5369
358.585738 76.598 147.8009
361.184198 76.568 148.0984
363.801488 76.542 148.4216
366.437743 76.518 148.7372
369.093102 76.494 149.0167
371.767703 76.468 149.2549
374.461685 76.439 149.4501
377.175189 76.409 149.6219
379.908356 76.378 149.8080
382.661328 76.347 150.0287
385.434250 76.318 150.2762
388.227265 76.292 150.5422
391.040520 76.266 150.8314
393.874161 76.236 151.1181
396.728335 76.200 151.3575
399.603192 76.160 151.5361
402.498882 76.117 151.7068
405.415555 76.075 151.9237
408.353363 76.041 152.1862
411.312460 76.022 152.4515
414.292999 76.021 152.7118
417.295137 76.028 152.9774
420.319030 76.027 153.2402
423.364835 76.007 153.4945
426.432711 75.970 153.7712
429.522818 75.923 154.0854
432.635318 75.873 154.3966
435.770371 75.828 154.7010
438.928143 75.790 155.0181
442.108797 75.757 155.3189
445.312500 75.727 155.5694
448.539418 75.701 155.7863
451.789719 75.677 156.0045
455.063574 75.654 156.2385
458.361152 75.628 156.4885
461.682626 75.602 156.7530
465.028169 75.575 157.0284
468.397955 75.549 157.3095
471.792159 75.523 157.5971
475.210960 75.497 157.8853
478.654534 75.473 158.1677
482.123062 75.447 158.4471
485.616725 75.422 158.7284
489.135704 75.398 159.0123
492.680183 75.374 159.2987
496.250346 75.350 159.5882
499.846381 75.325 159.8789
503.468474 75.300 160.1694
507.116814 75.275 160.4600
510.791591 75.252 160.7507
514.492998 75.230 161.0419
518.221226 75.209 161.3392
521.976471 75.188 161.6399
525.758927 75.166 161.9314
529.568793 75.145 162.2131
533.406267 75.126 162.5071
537.271549 75.107 162.8171
541.164840 75.087 163.1286
545.086344 75.068 163.4410
549.036264 75.049 163.7543
553.014807 75.030 164.0658
557.022180 75.010 164.3769
561.058593 74.990 164.6896
565.124254 74.971 164.9906
569.219378 74.952 165.2877
573.344176 74.933 165.5994
577.498864 74.914 165.9249
581.683659 74.896 166.2498
585.898779 74.879 166.5681
590.144443 74.862 166.8810
594.420873 74.844 167.1871
598.728291 74.827 167.4918
603.066923 74.809 167.8052
607.436995 74.791 168.1295
611.838734 74.775 168.4525
616.272369 74.761 168.7660
620.738133 74.747 169.0820
625.236257 74.734 169.4106
629.766977 74.719 169.7508
634.330528 74.704 170.0944
638.927149 74.687 170.4338
643.557078 74.669 170.7702
648.220558 74.652 171.1058
652.917831 74.636 171.4442
657.649143 74.620 171.7924
662.414740 74.605 172.1529
667.214870 74.590 172.5236
672.049784 74.576 172.8945
676.919734 74.562 173.2657
681.824973 74.549 173.6350
686.765758 74.535 174.0061
691.742346 74.522 174.3817
696.754996 74.510 174.7592
701.803970 74.498 175.1367
706.889531 74.486 175.5106
712.011944 74.473 175.8836
717.171476 74.460 176.2588
722.368396 74.445 176.6411
727.602975 74.428 177.0401
732.875486 74.409 177.4749
738.186204 74.392 177.9581
743.535406 74.382 178.4892
748.923370 74.379 179.0395
754.350377 74.385 179.5742
759.816711 74.396 -179.9282
765.322656 74.409 -179.4682
770.868500 74.420 -179.0356
776.454531 74.430 -178.6166
782.081040 74.439 -178.1962
787.748322 74.449 -177.7696
793.456671 74.458 -177.3395
799.206385 74.468 -176.9141
804.997764 74.479 -176.4929
810.831110 74.489 -176.0736
816.706726 74.501 -175.6527
822.624920 74.512 -175.2275
828.585999 74.525 -174.7971
834.590275 74.539 -174.3615
840.638060 74.554 -173.9245
846.729670 74.570 -173.4881
852.865422 74.587 -173.0508
859.045636 74.605 -172.6104
865.270635 74.624 -172.1709
871.540743 74.644 -171.7319
877.856286 74.666 -171.2935
884.217595 74.690 -170.8554
890.625000 74.715 -170.4172
897.078836 74.741 -169.9808
903.579439 74.769 -169.5458
910.127148 74.799 -169.1135
916.722305 74.829 -168.6855
923.365252 74.861 -168.2637
930.056337 74.895 -167.8471
936.795909 74.930 -167.4336
943.584318 74.966 -167.0235
950.421919 75.004 -166.6184
957.309068 75.044 -166.2189
964.246125 75.085 -165.8242
971.233449 75.126 -165.4356
978.271407 75.169 -165.0552
985.360365 75.214 -164.6829
992.500693 75.260 -164.3195
999.692762 75.307 -163.9658
1006.936948 75.355 -163.6199
1014.233628 75.405 -163.2809
1021.583183 75.455 -162.9507
1028.985996 75.506 -162.6318
1036.442452 75.558 -162.3239
1043.952942 75.610 -162.0266
1051.517855 75.663 -161.7404
1059.137587 75.717 -161.4688
1066.812534 75.770 -161.2100
1074.543098 75.824 -160.9637
1082.329680 75.878 -160.7295
1090.172687 75.932 -160.5050
1098.072528 75.986 -160.2893
1106.029614 76.040 -160.0836
1114.044360 76.094 -159.8897
1122.117185 76.148 -159.7094
1130.248509 76.200 -159.5395
1138.438755 76.251 -159.3754
1146.688352 76.302 -159.2155
1154.997728 76.352 -159.0617
1163.367318 76.401 -158.9139
1171.797557 76.450 -158.7731
1180.288885 76.498 -158.6377
1188.841745 76.546 -158.5060
1197.456582 76.593 -158.3783
1206.133846 76.640 -158.2550
1214.873990 76.687 -158.1341
1223.677467 76.733 -158.0173
1232.544739 76.779 -157.9063
1241.476266 76.823 -157.8050
1250.472515 76.868 -157.7097
1259.533954 76.912 -157.6155
1268.661056 76.955 -157.5211
1277.854297 76.996 -157.4293
1287.114156 77.037 -157.3413
1296.441116 77.077 -157.2576
1305.835663 77.117 -157.1779
1315.298286 77.156 -157.0982
1324.829480 77.194 -157.0185
1334.429740 77.232 -156.9391
1344.099568 77.269 -156.8588
1353.839468 77.305 -156.7773
1363.649947 77.341 -156.6934
1373.531516 77.376 -156.6082
1383.484692 77.410 -156.5217
1393.509992 77.444 -156.4327
1403.607940 77.477 -156.3421
1413.779062 77.509 -156.2497
1424.023888 77.541 -156.1552
1434.342952 77.573 -156.0583
1444.736792 77.604 -155.9579
1455.205951 77.636 -155.8484
1465.750973 77.667 -155.7316
1476.372408 77.699 -155.6103
1487.070812 77.730 -155.4879
1497.846740 77.762 -155.3619
1508.700755 77.794 -155.2287
1519.633422 77.826 -155.0855
1530.645312 77.859 -154.9341
1541.736999 77.894 -154.7765
1552.909061 77.931 -154.6158
1564.162080 77.969 -154.4540
1575.496644 78.008 -154.2950
1586.913342 78.049 -154.1387
1598.412770 78.092 -153.9882
1609.995528 78.135 -153.8456
1621.662219 78.179 -153.7139
1633.413452 78.223 -153.5925
1645.249839 78.268 -153.4787
1657.171998 78.312 -153.3690
1669.180549 78.355 -153.2623
1681.276119 78.398 -153.1573
1693.459339 78.441 -153.0514
1705.730844 78.483 -152.9432
1718.091273 78.526 -152.8341
1730.541270 78.568 -152.7265
1743.081486 78.611 -152.6182
1755.712573 78.654 -152.5056
1768.435190 78.697 -152.3899
1781.250000 78.740 -152.2732
1794.157672 78.783 -152.1584
1807.158878 78.826 -152.0438
1820.254296 78.871 -151.9305
1833.444609 78.916 -151.8167
1846.730504 78.961 -151.7043
1860.112675 79.006 -151.5917
1873.591818 79.052 -151.4785
1887.168637 79.098 -151.3645
1900.843839 79.144 -151.2494
1914.618137 79.189 -151.1316
1928.492249 79.235 -151.0103
1942.466899 79.282 -150.8862
1956.542815 79.329 -150.7599
1970.720730 79.377 -150.6314
1985.001385 79.425 -150.5007
1999.385524 79.474 -150.3670
2013.873895 79.523 -150.2292
2028.467256 79.573 -150.0862
2043.166366 79.624 -149.9389
2057.971991 79.675 -149.7867
2072.884905 79.726 -149.6292
2087.905883 79.778 -149.4648
2103.035710 79.830 -149.2914
2118.275174 79.884 -149.1089
2133.625069 79.938 -148.9156
2149.086195 79.993 -148.7079
2164.659360 80.050 -148.4833
2180.345374 80.109 -148.2349
2196.145055 80.170 -147.9602
2212.059228 80.235 -147.6581
2228.088721 80.305 -147.3273
2244.234370 80.380 -146.9666
2260.497017 80.463 -146.5767
2276.877511 80.555 -146.1575
2293.376704 80.660 -145.7173
2309.995457 80.778 -145.2655
2326.734636 80.912 -144.8192
2343.595114 81.063 -144.4016
2360.577771 81.233 -144.0425
2377.683490 81.420 -143.7801
2394.913165 81.622 -143.6480
2412.267693 81.834 -143.6762
2429.747979 82.051 -143.8860
2447.354935 82.263 -144.2892
2465.089477 82.461 -144.8736
2482.952532 82.636 -145.5950
2500.945029 82.784 -146.3795
2519.067908 82.906 -147.1368
2537.322112 83.015 -147.8018
2555.708594 83.121 -148.3737
2574.228312 83.234 -148.9028
2592.882232 83.356 -149.4531
2611.671325 83.483 -150.0646
2630.596572 83.610 -150.7495
2649.658960 83.732 -151.5007
2668.859481 83.847 -152.3041
2688.199137 83.955 -153.1419
2707.678936 84.055 -154.0008
2727.299893 84.147 -154.8747
2747.063033 84.233 -155.7581
2766.969384 84.314 -156.6471
2787.019985 84.388 -157.5388
2807.215880 84.458 -158.4316
2827.558124 84.524 -159.3242
2848.047776 84.585 -160.2189
2868.685904 84.642 -161.1146
2889.473584 84.694 -162.0114
2910.411901 84.743 -162.9095
2931.501945 84.789 -163.8063
2952.744817 84.831 -164.7003
2974.141623 84.871 -165.5917
2995.693479 84.909 -166.4803
3017.401509 84.944 -167.3695
3039.266844 84.978 -168.2567
3061.290625 85.011 -169.1467
3083.473999 85.044 -170.0465
3105.818122 85.076 -170.9622
3128.324161 85.106 -171.9028
3150.993287 85.136 -172.8693
3173.826683 85.163 -173.8683
3196.825540 85.186 -174.9009
3219.991056 85.204 -175.9663
3243.324438 85.215 -177.0613
3266.826904 85.218 -178.1830
3290.499678 85.213 -179.3273
3314.343995 85.200 179.5143
3338.361098 85.177 178.3539
3362.552239 85.145 177.1999
3386.918679 85.105 176.0557
3411.461687 85.056 174.9274
3436.182545 85.000 173.8197
3461.082540 84.936 172.7362
3486.162971 84.865 171.6782
3511.425145 84.788 170.6457
3536.870379 84.705 169.6396
3562.500000 84.616 168.6641
3588.315344 84.523 167.7215
3614.317756 84.424 166.8120
3640.508592 84.322 165.9361
3666.889218 84.215 165.0961
3693.461009 84.105 164.2902
3720.225350 83.992 163.5175
3747.183636 83.877 162.7800
3774.337274 83.759 162.0762
3801.687677 83.639 161.4051
3829.236273 83.518 160.7642
3856.984498 83.394 160.1500
3884.933798 83.270 159.5638
3913.085629 83.143 159.0050
3941.441461 83.015 158.4747
3970.002770 82.886 157.9721
3998.771047 82.755 157.4973
4027.747790 82.622 157.0514
4056.934511 82.488 156.6342
4086.332731 82.352 156.2489
4115.943983 82.216 155.8947
4145.769809 82.079 155.5728
4175.811766 81.942 155.2806
4206.071420 81.805 155.0172
4236.550347 81.669 154.7815
4267.250137 81.531 154.5746
4298.172391 81.395 154.3947
4329.318720 81.258 154.2413
4360.690748 81.123 154.1136
4392.290111 80.988 154.0136
4424.118456 80.854 153.9392
4456.177442 80.720 153.8898
4488.468740 80.587 153.8636
4520.994035 80.454 153.8595
4553.755021 80.322 153.8772
4586.753407 80.191 153.9146
4619.990913 80.060 153.9729
4653.469272 79.931 154.0551
4687.190229 79.803 154.1634
4721.155541 79.676 154.2972
4755.366980 79.551 154.4531
4789.826330 79.427 154.6331
4824.535386 79.305 154.8361
4859.495958 79.185 155.0615
4894.709869 79.067 155.3058
4930.178954 78.951 155.5687
4965.905064 78.837 155.8467
5001.890059 78.726 156.1427
5038.135816 78.616 156.4574
5074.644225 78.509 156.7885
5111.417189 78.403 157.1365
5148.456625 78.298 157.4998
5185.764464 78.196 157.8822
5223.342651 78.096 158.2829
5261.193145 77.998 158.7000
5299.317919 77.903 159.1343
5337.718961 77.811 159.5849
5376.398273 77.721 160.0545
5415.357871 77.635 160.5410
5454.599787 77.551 161.0441
5494.126066 77.471 161.5629
5533.938768 77.394 162.0951
5574.039969 77.321 162.6390
5614.431761 77.251 163.1935
5655.116248 77.186 163.7574
5696.095551 77.124 164.3290
5737.371808 77.067 164.9094
5778.947169 77.013 165.4979
5820.823802 76.964 166.0957
5863.003891 76.920 166.6988
5905.489634 76.879 167.2999
5948.283246 76.844 167.8976
5991.386959 76.812 168.4901
6034.803018 76.785 169.0770
6078.533689 76.761 169.6575
6122.581250 76.743 170.2281
6166.947997 76.728 170.7798
6211.636245 76.715 171.3050
6256.648321 76.701 171.8106
6301.986574 76.685 172.3166
6347.653367 76.667 172.8430
6393.651080 76.651 173.4017
6439.982111 76.638 173.9956
6486.648876 76.631 174.6208
6533.653808 76.631 175.2724
6580.999357 76.640 175.9402
6628.687991 76.658 176.6156
6676.722197 76.687 177.2901
6725.104478 76.725 177.9542
6773.837357 76.772 178.5968
6822.923375 76.827 179.2129
6872.365090 76.892 179.7984
6922.165081 76.964 -179.6447
6972.325942 77.045 -179.1171
7022.850290 77.135 -178.6183
7073.740759 77.236 -178.1550
7125.000000 77.349 -177.7347
7176.630687 77.473 -177.3714
7228.635511 77.608 -177.0793
7281.017184 77.754 -176.8656
7333.778436 77.910 -176.7332
7386.922018 78.077 -176.6962
7440.450700 78.254 -176.7700
7494.367273 78.442 -176.9677
7548.674547 78.639 -177.3023
7603.375355 78.845 -177.7909
7658.472547 79.057 -178.4531
7713.968996 79.275 -179.3112
7769.867595 79.494 179.6151
7826.171259 79.713 178.3038
7882.882922 79.924 176.7391
7940.005541 80.122 174.9067
7997.542094 80.301 172.7978
8055.495581 80.453 170.4049
8113.869023 80.569 167.7379
8172.665462 80.640 164.8281
8231.887965 80.660 161.7226
8291.539619 80.621 158.4797
8351.623533 80.518 155.1650
8412.142840 80.350 151.8497
8473.100694 80.117 148.6024
8534.500275 79.820 145.4914
8596.344782 79.465 142.5829
8658.637440 79.059 139.9286
8721.381496 78.610 137.5711
8784.580222 78.126 135.5382
8848.236911 77.618 133.8438
8912.354883 77.092 132.4863
8976.937481 76.556 131.4597
9041.988070 76.017 130.7493
9107.510043 75.481 130.3369
9173.506815 74.954 130.1918
9239.981827 74.441 130.2745
9306.938544 73.943 130.5427
9374.380457 73.460 130.9587
9442.311083 72.989 131.5000
9510.733961 72.529 132.1629
9579.652660 72.077 132.9512
9649.070772 71.633 133.8694
9718.991916 71.198 134.9136
9789.419738 70.774 136.0802
9860.357909 70.362 137.3581
9931.810127 69.962 138.7390
10003.780117 69.577 140.2145
10076.271632 69.204 141.7768
10149.288450 68.845 143.4192
10222.834378 68.500 145.1349
10296.913250 68.167 146.9173
10371.528928 67.846 148.7619
10446.685302 67.537 150.6622
10522.386290 67.240 152.6138
10598.635838 66.956 154.6102
10675.437923 66.684 156.6476
10752.796547 66.425 158.7245
10830.715743 66.177 160.8382
10909.199574 65.941 162.9862
10988.252131 65.716 165.1648
11067.877536 65.503 167.3736
11148.079939 65.300 169.6053
11228.863521 65.108 171.8505
11310.232495 64.925 174.1080
11392.191102 64.752 176.3741
11474.743615 64.585 178.6370
11557.894338 64.418 -179.0943
11641.647604 64.250 -176.7634
11726.007782 64.084 -174.2854
11810.979268 63.935 -171.6501
11896.566493 63.809 -168.9441
11982.773917 63.706 -166.2256
12069.606037 63.620 -163.5003
12157.067377 63.550 -160.7516
12245.162499 63.494 -157.9736
12333.895994 63.455 -155.1666
12423.272489 63.434 -152.3297
12513.296643 63.432 -149.4534
12603.973148 63.451 -146.5337
12695.306734 63.494 -143.5745
12787.302159 63.563 -140.5992
12879.964222 63.661 -137.6422
12973.297752 63.787 -134.7260
13067.307616 63.940 -131.8634
13161.998713 64.117 -129.0568
13257.375982 64.320 -126.3020
13353.444393 64.551 -123.5917
13450.208956 64.810 -120.9277
13547.674714 65.101 -118.3172
13645.846750 65.424 -115.7731
13744.730181 65.785 -113.3098
13844.330161 66.187 -110.9471
13944.651885 66.633 -108.7049
14045.700581 67.129 -106.6036
14147.481517 67.682 -104.6758
14250.000000 68.300 -102.9691
14353.261374 68.993 -101.5698
14457.271023 69.770 -100.6014
14562.034368 70.635 -100.2348
14667.556872 71.585 -100.6884
14773.844036 72.603 -102.2174
14880.901400 73.651 -105.0922
14988.734545 74.670 -109.5439
15097.349095 75.577 -115.6724
15206.750710 76.281 -123.3427
15316.945094 76.700 -132.1534
15427.937992 76.782 -141.4511
15539.735190 76.522 -150.4589
15652.342518 75.963 -158.5020
15765.765844 75.186 -165.1221
15880.011082 74.287 -170.1213
15995.084188 73.359 -173.5403
16110.991162 72.474 -175.5992
16227.738045 71.678 -176.6050
16345.330925 70.998 -176.8635
16463.775930 70.447 -176.6481
16583.079238 70.028 -176.1992
16703.247066 69.743 -175.7397
16824.285679 69.592 -175.5027
16946.201389 69.572 -175.7411
17069.000550 69.673 -176.7546
17192.689564 69.867 -178.8818
17317.274880 70.102 177.5615
17442.762992 70.300 172.3819
17569.160443 70.359 165.5879
17696.473822 70.174 157.4867
17824.709766 69.665 148.6936
17953.874961 68.795 140.0026
18083.976140 67.579 132.1895
18215.020086 66.078 125.8476
18347.013630 64.379 121.3039
18479.963654 62.571 118.5965
18613.877088 60.730 117.5559
18748.760915 58.913 117.9147
18884.622165 57.152 119.3882
19021.467922 55.468 121.7368
19159.305320 53.865 124.7908
19298.141544 52.336 128.4286
19437.983833 50.877 132.5720
19578.839476 49.493 137.1259
19720.715818 48.227 141.9088
19863.620254 47.192 146.4881
20007.560235 46.592 149.6915
