20	4.513498407838776
20.290906698750476	4.452549082269828
20.586044732869844	4.399287698918197
20.885475648548283	4.353323583390086
21.189261887185914	4.31402624138099
21.49746679841394	4.2805843286541965
21.810154653305165	4.252073866350857
22.12739065777668	4.227526376674513
22.449240966187475	4.2059892527476155
22.77577269513385	4.186573413473203
23.107053937445478	4.168486237824224
23.44315377638505	4.151050236668329
23.784142300054445	4.133709559353342
24.130090616010463	4.116027216959491
24.481070866093134	4.097676004258142
24.837156241469714	4.078425762403905
25.1984209978975	4.058129073149249
25.56494047120865	4.036706882411181
25.936791093020236	4.014135018348803
26.3140504066728	3.9904321429728116
26.69679708340074	3.965649365301055
27.08511093873791	3.9398615359133213
27.47907294916184	3.913160116581145
27.878765268980047	3.88564745248857
28.284271247461966	3.857432249173809
28.695675446220072	3.8286260565570718
29.11306365684382	3.7993405772482074
29.536522918790062	3.7696856382305137
29.966141537533712	3.7397676891461256
30.402009102982383	3.7096887138892995
30.844216508158908	3.679545463514044
31.29285596815558	3.649428936939451
31.74802103936409	3.6194240514654465
32.20980663898519	3.589609457867816
32.67830906482211	3.5600574651313224
33.153626015361866	3.5308340480456355
33.63585661014871	3.501998917276529
34.125101410453844	3.4736056364368277
34.62146244024586	3.4457017744139833
35.12504320746613	3.418329084004773
35.635948725613716	3.3915236999991265
36.15428553564419	3.3653163514217583
36.68016172818701	3.3397325838200764
37.21368696608603	3.3147929883678646
37.754972507267915	3.290513435203488
38.30413122794313	3.2669053089075684
38.86127764614443	3.2439757444013706
39.4265279456077	3.2217278618645713
40.000000000000206	3.2001609995547513
40.58181339750116	3.179270943678155
41.1720894657399	3.1590501547259437
41.77095129709678	3.13948798995024
42.37852377437204	3.12057092189632
42.9949335968281	3.1022827531034416
43.62030930661056	3.0846048272394393
44.25478131555359	3.0675162370371503
44.89848193237519	3.0509940294532365
45.55154539026795	3.0350134084614204
46.21410787489121	3.0195479358246278
46.88630755277036	3.0045697300582983
47.56828460010916	2.9900496636167686
48.260181232021196	2.9759575581198545
48.962141732186545	2.962262377202075
49.674312482939705	2.948932416334568
50.39684199579528	2.9359354887812597
51.129880942417586	2.9232391067271397
51.873582186040764	2.910810656555981
52.628100813345895	2.898617567237406
53.393594166801776	2.886627470772387
54.17022187747612	2.874808353608631
54.95814589832399	2.863128697869203
55.75753053796041	2.8515576111308523
56.56854249492426	2.8400649433601375
57.39135089244048	2.8286213894549164
58.226127313687975	2.817198575650499
59.073045837580466	2.8057691278775865
59.932283075067765	2.794306720141271
60.804018205965114	2.7827861012128565
61.68843301631817	2.7711830984244967
62.58571193631152	2.75947459809938
63.49604207872855	2.747638503026984
64.41961327797075	2.735653668330851
65.35661812964459	2.723499818058322
66.3072520307241	2.711157445808621
67.27171322029778	2.6986077035639795
68.25020282090806	2.6858322834976844
69.2429248804921	2.6728132978479113
70.25008641493265	2.659533161966368
71.27189745122783	2.6459744854782574
72.30857107128878	2.632119976203777
73.36032345637442	2.6179523611197633
74.42737393217246	2.6034543281977633
75.50994501453623	2.5886084924631145
76.60826245588666	2.573397389093345
77.72255529228926	2.557803495825504
78.85305589121582	2.54180928637373
80.00000000000082	2.5253973159467398
81.16362679500274	2.508550339300906
82.34417893148023	2.491251461095829
83.541902594194	2.473484317656821
84.75704754874454	2.455233288602223
85.98986719365665	2.4364837361822858
87.24061861322157	2.417222269618358
88.50956263110764	2.397437031234239
89.79696386475084	2.3771180007212402
91.10309078053635	2.3562573134622924
92.42821574978288	2.3348495884391727
93.77261510554118	2.3128922608668607
95.13656920021877	2.290385914331926
96.52036246404286	2.267334606837682
97.92428346437356	2.2437461847657203
99.34862496587989	2.2196325783779476
100.79368399159105	2.1950100721372965
102.25976188483567	2.1698995428621903
103.74716437208203	2.1443266585801286
105.25620162669229	2.118322030924182
106.78718833360406	2.091921314038756
108.34044375495276	2.065165243240959
109.9162917966485	2.038099607131697
111.51506107592134	2.0107751474647584
113.13708498984903	1.983247381824654
114.78270178488147	1.955576345012299
116.45225462737648	1.927826245987423
118.14609167516147	1.9000650382828121
119.86456615013608	1.87236390303688
121.60803641193078	1.8447966452110967
123.3768660326369	1.8174390051614462
125.17142387262359	1.7903678895014732
126.99208415745765	1.7636605271148862
128.83922655594208	1.7373935582242819
130.71323625928977	1.7116420665728356
132.61450406144883	1.6864785670209255
134.5434264405962	1.6619719632175989
136.50040564181674	1.6381864924372422
138.48584976098482	1.6151806771069905
140.50017282986593	1.593006304903128
142.5437949024563	1.571707461453598
144.61714214257822	1.5513196414741657
146.7206469127495	1.5318689653857356
148.8547478643456	1.51337152888087
151.01989002907314	1.4958329123343224
153.216524911774	1.4792478749745706
155.4451105845792	1.463600254839569
157.70611178243232	1.4488630896521766
160.00000000000236	1.4349989665729415
162.3272535900062	1.4219606004309993
164.6883578629612	1.4096916302005842
167.08380518838874	1.3981276125421762
169.51409509748981	1.387197181008783
171.97973438731407	1.3768233314573373
174.4812372264439	1.3669247887144138
177.01912526221608	1.3574174063335505
179.5939277295025	1.348215550471125
182.20618156107355	1.3392334216629551
184.85643149956664	1.330386274441671
187.54523021108326	1.3215915022710651
190.27313840043846	1.312769563299876
193.04072492808663	1.3038447311616623
195.84856692874806	1.2947456643728883
198.69724993176072	1.2854057967748038
201.58736798318304	1.2757635586217262
204.5195237696723	1.2657624426588052
207.49432874416505	1.2553509321842262
210.5124032533856	1.244482309612247
213.57437666720915	1.2331143643834241
216.68088750990657	1.2212090181679058
219.83258359329807	1.2087318836617589
223.03012215184378	1.1956517717073978
226.2741699796992	1.1819401605116115
229.5654035697641	1.167570640924475
232.90450925475412	1.1525183531136203
236.2921833503241	1.1367594315626057
239.72913230027333	1.1202704769152103
243.21607282386276	1.10302807517773
246.75373206527502	1.0850083872283598
250.34284774524843	1.0661868337337082
253.9841683149166	1.0465379021745582
257.67845311188546	1.0260351038144593
261.42647251858085	1.0046511089860373
265.22900812289896	0.9823580886047358
269.08685288119375	0.9591282880074328
273.0008112836349	0.9349348557365693
276.97169952197106	0.9097529445063015
281.00034565973334	0.8835610941915966
285.0875898049141	0.8563428970299725
289.23428428515797	0.8280889329926233
293.44129382550057	0.7987989482753455
297.7094957286928	0.7684842320033907
302.0397800581479	0.7371701255297047
306.4330498235497	0.704898575442918
310.89022116916016	0.6717306163988352
315.41222356486645	0.6377486445532683
320.00000000000654	0.6030583185543072
324.6545071800142	0.5677899052787703
329.3767157259242	0.532098875053703
334.16761037677935	0.4961655499878317
339.02819019498156	0.4601936234329984
343.95946877463007	0.4244074023509481
348.9624744528898	0.3890476800271635
354.03825052443415	0.3543662244088477
359.187855459007	0.32061896455920746
364.4123631221491	0.28805806787073973
369.71286299913527	0.2569232137633456
375.0904604221685	0.22743247285229184
380.54627680087896	0.19977327957639146
386.08144985617537	0.17409402764209092
391.6971338574982	0.15049681261129577
397.3944998635236	0.12903179318443603
403.1747359663683	0.10969354694315314
409.0390475393468	0.09241966739086593
414.9886574883323	0.07709170315173708
421.0248065067734	0.06353839829661834
427.1487533344206	0.05154106912556622
433.3617750198154	0.04084085100056478
439.6651671865984	0.03114746844550087
446.06024430368984	0.022149123398766513
452.54833995940066	0.013523052875414998
459.13080713953053	0.004946268741640503
465.8090185095106	-0.0038940429014888145
472.58436670065066	-0.013291006380301229
479.45826460054917	-0.023509955385941916
486.432145647728	-0.0347822057462539
493.50746413055253	-0.04730102264596081
500.6856954904994	-0.061219905864633994
507.9683366298358	-0.07665308861049869
515.3569062237735	-0.09367792646461792
522.8529450371643	-0.11233868616351583
530.4580162458005	-0.13265115766103874
538.1737057623901	-0.1546075077043899
546.0016225672724	-0.1781808503034168
553.9433990439449	-0.20332910516890956
562.0006913194694	-0.22999782944279312
570.1751796098309	-0.2581218251528951
578.4685685703187	-0.28762543521513445
586.8825876510039	-0.3184215410425438
595.4189914573883	-0.350409365863894
604.0795601162986	-0.3834712736699082
612.8660996471021	-0.41746883894143644
621.780442338323	-0.4522385500222197
630.8244471297356	-0.4875875989318771
640.0000000000159	-0.5232902986035163
649.3090143600314	-0.5590857458768708
658.7534314518515	-0.5946774017596728
668.3352207535618	-0.6297352707809314
678.0563803899662	-0.6639013048580612
687.9189375492632	-0.6967985068408302
697.9249489057827	-0.7280439401002798
708.0765010488715	-0.7572654523065108
718.3757109180171	-0.7841214102124128
728.8247262443015	-0.8083221715523876
739.425725998274	-0.8296514875494825
750.1809208443404	-0.8479856655154518
761.0925536017613	-0.8633082516844224
772.1628997123541	-0.8757182814562039
783.3942677149998	-0.8854307342406844
794.7889997270506	-0.8927685485473547
806.34947193274	-0.898146160343767
818.0780950786972	-0.9020448119735225
829.9773149766683	-0.904979739867692
842.0496130135506	-0.9074588460754747
854.2975066688449	-0.9099318266713907
866.7235500396347	-0.9127283841984603
879.3303343732008	-0.9159846980044567
892.1204886073838	-0.9195595641714602
905.0966799188055	-0.9229464192639851
918.2616142790653	-0.92519533169739
931.6180370190256	-0.9248691442404496
945.1687334013056	-0.9200667173292545
958.9165292011028	-0.9085465082553503
972.8642912954606	-0.8879666185125957
987.0149282611097	-0.8562188853134318
1001.3713909810035	-0.8117847631873677
1015.9366732596762	-0.7540068038161978
1030.7138124475518	-0.6831810709499657
1045.7058900743334	-0.6004381222742199
1060.916032491606	-0.507461765371175
1076.3474115247852	-0.40614858440815965
1092.0032451345498	-0.29831175017056355
1107.8867980878947	-0.18549149785441654
1124.0013826389438	-0.06888344939187963
1140.350359219667	0.05064017417692235
1156.9371371406426	0.17245524127575884
1173.765175302013	0.2960924741255956
1190.837982914782	0.42115259199974814
1208.1591202326028	0.5472455244546645
1225.73219929421	0.6739606029655687
1243.5608846766518	0.8008675514940257
1261.648894259477	0.9275416890365618
1280.0000000000375	1.0536008317294612
1298.6180287200684	1.1787376505799236
1317.5068629037087	1.302732724462076
1336.6704415071292	1.425441632877758
1356.112760779938	1.5467611281227949
1375.8378750985323	1.6665886103118384
1395.8498978115715	1.7847914947969223
1416.153002097749	1.9011988429382343
1436.7514218360407	2.015619945076489
1457.6494524886093	2.1278865560574416
1478.8514519965543	2.2379091613764004
1500.3618416886875	2.3457339780744686
1522.1851072035295	2.4515867442746884
1544.3257994247153	2.555891531358795
1566.788535430007	2.6592569618114896
1589.5779994541087	2.76242697008316
1612.6989438654878	2.8661973460958046
1636.156190157402	2.97130249883872
1659.9546299533442	3.078280805965691
1684.099226027109	3.187335282110257
1708.5950133376978	3.298222863532081
1733.4471000792773	3.4102277776630996
1758.6606687464096	3.5222836251106986
1784.2409772147755	3.633270734871606
1810.193359837619	3.7424141878967396
1836.5232285581387	3.849601242688564
1863.2360740380593	3.955440566603311
1890.3374668026197	4.061037261378043
1917.833058402214	4.16763032187605
1945.7285825909298	4.276280549475372
1974.0298565222283	4.387706749126357
2002.7427819620161	4.502259120777267
2031.8733465193618	4.619968908182192
2061.4276248951132	4.740619347654229
2091.411780148677	4.863809481509785
2121.832064983222	4.989005052465235
2152.694823049581	5.115582550947743
2184.0064902691106	5.242875505906784
2215.7735961758003	5.370230309393082
2248.002765277899	5.4970756532248926
2280.7007184393456	5.623007090556292
2313.874274281297	5.747886604201494
2347.530350604038	5.871954265676436
2381.6759658295764	5.995940018968988
2416.318240465218	6.121141765955913
2451.4643985884327	6.2494008707243225
2487.1217693533167	6.382878814644206
2523.2977885189675	6.523569637752568
2560.0000000000887	6.672616433171663
2597.236057440151	6.829684585014422
2635.0137258074315	6.992703112865273
2673.340883014273	7.1580968721909315
2712.225521559891	7.3213390159766565
2751.6757501970797	7.477528578352736
2791.699795623158	7.621813200229402
2832.3060041955137	7.749663907094083
2873.502843672097	7.85710299480348
2915.2989049772345	7.94096103475861
2957.7029039931244	7.999153764422022
3000.723683377391	8.030893239783927
3044.370214407075	8.036730166309486
3088.6515988494466	8.018378501317821
3133.57707086003	7.978362298001404
3179.1559989082334	7.919588482097925
3225.3978877309914	7.844955842298885
3272.3123803148205	7.757073056817282
3319.9092599067053	7.6581092423187656
3368.198452054235	7.54976250566274
3417.190026675413	7.433312466956627
3466.8942001585724	7.309718713289022
3517.3213374928373	7.17973256588679
3568.4819544295697	7.043998862799835
3620.386719675257	6.903134173716577
3673.0464571162966	6.757776370947419
3726.472148076138	6.608606926841805
3780.6749336052594	6.4563510910350645
3835.6661168044484	6.30176240358314
3891.45716518188	6.1455978462773695
3948.059713044477	5.988589128190441
4005.4855639240527	5.831414323542076
4063.746693038744	5.674672390428207
4122.855249790247	5.518861517366671
4182.823560297375	5.364361408921273
4243.664129966465	5.211419917435117
4305.389646099183	5.060145589296538
4368.012980538242	4.91050915656591
4431.5471923516225	4.762358461875674
4496.00553055582	4.615452073190458
4561.401436878714	4.469515288400846
4627.748548562617	4.324317705798115
4695.060701208099	4.179765562853823
4763.351931659176	4.035996367940001
4832.63648093046	3.8934585395128942
4902.928797176889	3.7529564534679163
4974.243538706657	3.615644182453612
5046.595577037959	3.482959141764579
5120.000000000202	3.356496328881423
5194.472114880326	3.2378315090465173
5270.027451614888	3.1283058211560184
5346.6817660285715	3.028786784742661
5424.451043119808	2.9394292725344435
5503.351500394186	2.8594806173114566
5583.399591246343	2.7871956483081597
5664.612008391055	2.7199340310796187
5747.005687344222	2.6544979565578513
5830.597809954497	2.5877153899279453
5915.405807986278	2.517158789490255
6001.447366754812	2.441768072138774
6088.740428814181	2.3621383854378024
6177.303197698925	2.2804051282592703
6267.154141720092	2.199902038666113
6358.3119978165005	2.124873583798475
6450.795775462017	2.060419899603537
6544.624760629676	2.012623908471623
6639.818519813445	1.988577832757073
6736.396904108505	1.995930313304095
6834.380053350861	2.041728727758498
6933.788400317181	2.130721849090585
7034.642674985712	2.263698543607711
7136.963908859177	2.4365284341380704
7240.773439350552	2.6401897910912666
7346.092914232631	2.8615308348856097
7452.944296152315	3.0843098772999804
7561.349867210557	3.290274950481057
7671.332233608935	3.4603526052011166
7782.914330363799	3.57617069319279
7896.119426088994	3.622058332247027
8010.971127848146	3.587275062294768
8127.49338607753	3.4677862810445914
8245.710499580537	3.2668170695709247
8365.647120594791	2.9938198443727337
8487.328259932974	2.662200931096458
8610.77929219841	2.286669843527441
8736.025961076528	1.8810747048407541
8863.094384703289	1.4571796111884647
8992.011061111683	1.0243374358777215
9122.802873757471	0.5896686283126091
9255.497097125279	0.15828511147441926
9390.121402416245	-0.2668077351953846
9526.7038633184	-0.6852935724174442
9665.272961860968	-1.1005105004311975
9805.857594353829	-1.5203269134064723
9948.487077413367	-1.9570585276899999
10093.19115407597	-2.4255057259463007
10240.000000000457	-2.938789691453077
10388.944229760706	-3.5026418095824443
10540.05490322983	-4.109857178851316
10693.363532057198	-4.737352463808809
10848.902086239672	-5.347847974684178
11006.703000788428	-5.896260686177193
11166.799182492743	-6.338451024716554
11329.224016782166	-6.6386893124215876
11494.0113746885	-6.773073427341414
11661.195619909053	-6.728716560779855
11830.811615972614	-6.5009580179786415
12002.894733509682	-6.091393094934636
12177.48085762842	-5.508648545540796
12354.606395397908	-4.772056524944036
12534.308283440243	-3.915975110670631
12716.62399563306	-2.990756312032881
12901.591550924093	-2.0585074077664465
13089.249521259411	-1.1845975134559361
13279.637039626952	-0.42743315347812133
13472.793808217073	0.17070830287468178
13668.760106701786	0.5895798796068643
13867.576800634426	0.8320684551351243
14069.285349971487	0.9201577372239762
14273.927817718419	0.8874654111309166
14481.54687870117	0.7721480200322753
14692.18582846533	0.6125812170145165
14905.888592304698	0.44368919843509613
15122.699734421185	0.29133527649009033
15342.664467217943	0.16614464322077477
15565.828660727671	0.05873900238604747
15792.238852178061	-0.061638157949373926
16021.942255696367	-0.2425693860221692
16254.986772155136	-0.5376178365554399
16491.42099916115	-0.9925638076061507
16731.294241189662	-1.633617056528754
16974.65651986603	-2.4615661262011375
17221.558584396902	-3.4519721954938043
17472.051922153143	-4.559213187679766
17726.188769406665	-5.724150841493956
17984.022122223458	-6.885529768475651
18245.605747515034	-7.992967366637644
18510.99419425065	-9.01551084637279
18780.242804832582	-9.938700485537957
19053.40772663689	-10.751059378110051
19330.545923722028	-11.43844560721349
19611.71518870775	-12.00033868568513
19896.974154826825	-12.466434321519314
20186.382308152035	-12.886849464471204