20	83.98531969371206
20.290906698750476	83.97804309594117
20.586044732869844	83.97075420341484
20.885475648548283	83.96343230763462
21.189261887185914	83.95604975249321
21.49746679841394	83.94857522415757
21.810154653305165	83.94097603051851
22.12739065777668	83.93321982799961
22.449240966187475	83.92527619424679
22.77577269513385	83.91711792654608
23.107053937445478	83.90872196751201
23.44315377638505	83.90007006113946
23.784142300054445	83.8911488346812
24.130090616010463	83.88194897509202
24.481070866093134	83.87246349586562
24.837156241469714	83.86268524336866
25.1984209978975	83.85260392310165
25.56494047120865	83.84220320806114
25.936791093020236	83.83145851454009
26.3140504066728	83.82033580717471
26.69679708340074	83.80879163600689
27.08511093873791	83.7967743748003
27.47907294916184	83.78422630358112
27.878765268980047	83.77108560128379
28.284271247461966	83.75728739968363
28.695675446220072	83.74276381195993
29.11306365684382	83.72744408716011
29.536522918790062	83.71125635933625
29.966141537533712	83.6941317308627
30.402009102982383	83.67601001804748
30.844216508158908	83.65684437085733
31.29285596815558	83.63660212279741
31.74802103936409	83.61526137610048
32.20980663898519	83.59280611465527
32.67830906482211	83.56922228230947
33.153626015361866	83.54449569760948
33.63585661014871	83.5186115753018
34.125101410453844	83.4915549133451
34.62146244024586	83.4633109376721
35.12504320746613	83.43386511854378
35.635948725613716	83.40320244555582
36.15428553564419	83.37130584873813
36.68016172818701	83.33815439155765
37.21368696608603	83.30372120227153
37.754972507267915	83.26797098252251
38.30413122794313	83.23085768711884
38.86127764614443	83.19232424136499
39.4265279456077	83.15230523386073
40.000000000000206	83.11073266424464
40.58181339750116	83.06754191260549
41.1720894657399	83.02267543990433
41.77095129709678	82.97608421245421
42.37852377437204	82.9277282963566
42.9949335968281	82.87757684979186
43.62030930661056	82.82560681215844
44.25478131555359	82.77179905738701
44.89848193237519	82.71613248759513
45.55154539026795	82.65858038195958
46.21410787489121	82.59911251352457
46.88630755277036	82.53770148757064
47.56828460010916	82.4743278670566
48.260181232021196	82.4089825353269
48.962141732186545	82.34166885535491
49.674312482939705	82.27240519214442
50.39684199579528	82.20122698228505
51.129880942417586	82.12818828041567
51.873582186040764	82.05336258397645
52.628100813345895	81.97684278778038
53.393594166801776	81.89874018805297
54.17022187747612	81.81918243284895
54.95814589832399	81.73831084209692
55.75753053796041	81.65627803941203
56.56854249492426	81.57324723716513
57.39135089244048	81.48939474335894
58.226127313687975	81.4049154779567
59.073045837580466	81.32002772092063
59.932283075067765	81.23497171667559
60.804018205965114	81.14999711924749
61.68843301631817	81.06534277684145
62.58571193631152	80.98122688054971
63.49604207872855	80.89785125153831
64.41961327797075	80.81540521445393
65.35661812964459	80.73406434624563
66.3072520307241	80.6539862550728
67.27171322029778	80.57530473036103
68.25020282090806	80.49812394475718
69.2429248804921	80.42251396747935
70.25008641493265	80.34850741712116
71.27189745122783	80.2760984244805
72.30857107128878	80.20524508508412
73.36032345637442	80.13587386182022
74.42737393217246	80.06788274358347
75.50994501453623	80.00114228766117
76.60826245588666	79.93549624201646
77.72255529228926	79.87076399290264
78.85305589121582	79.80674499528668
80.00000000000082	79.74322396218506
81.16362679500274	79.67997551115526
82.34417893148023	79.61676773421863
83.541902594194	79.55336510752936
84.75704754874454	79.48953341190379
85.98986719365665	79.42504660767796
87.24061861322157	79.35969361083556
88.50956263110764	79.2932824512409
89.79696386475084	79.22564127340777
91.10309078053635	79.15661859650932
92.42821574978288	79.08608240768277
93.77261510554118	79.0139174459645
95.13656920021877	78.94002115715361
96.52036246404286	78.86430084337368
97.92428346437356	78.78667659190488
99.34862496587989	78.70708462287959
100.79368399159105	78.62547934412576
102.25976188483567	78.54183258854466
103.74716437208203	78.4561313316635
105.25620162669229	78.36837732010734
106.78718833360406	78.27858828771487
108.34044375495276	78.18679840195426
109.9162917966485	78.0930566745196
111.51506107592134	77.99742514661851
113.13708498984903	77.89997660767908
114.78270178488147	77.8007898324607
116.45225462737648	77.69994666351299
118.14609167516147	77.59753203836462
119.86456615013608	77.49363398367028
121.60803641193078	77.38834539380703
123.3768660326369	77.28176634564515
125.17142387262359	77.1740067106151
126.99208415745765	77.06518875772582
128.83922655594208	76.95544822473295
130.71323625928977	76.84493518823047
132.61450406144883	76.733815922254
134.5434264405962	76.62227541300535
136.50040564181674	76.51051872963671
138.48584976098482	76.39876810965424
140.50017282986593	76.28725305026498
142.5437949024563	76.17619790928389
144.61714214257822	76.06581725008392
146.7206469127495	75.95631837847029
148.8547478643456	75.84790064371879
151.01989002907314	75.74074775892879
153.216524911774	75.63501514217776
155.4451105845792	75.53081751062746
157.70611178243232	75.42822388599058
160.00000000000236	75.32726585207064
162.3272535900062	75.22795811973376
164.6883578629612	75.13031886206633
167.08380518838874	75.03437843418341
169.51409509748981	74.94018058161832
171.97973438731407	74.84778050819645
174.4812372264439	74.75724188892237
177.01912526221608	74.6686321228486
179.5939277295025	74.58201931166863
182.20618156107355	74.49747462863401
184.85643149956664	74.41507349496567
187.54523021108326	74.33489292709302
190.27313840043846	74.25700879087323
193.04072492808663	74.18149709969933
195.84856692874806	74.10843763362392
198.69724993176072	74.03791491658454
201.58736798318304	73.97001647610956
204.5195237696723	73.90482899252693
207.49432874416505	73.84243427577964
210.5124032533856	73.78290505938818
213.57437666720915	73.7262985568804
216.68088750990657	73.67265260859658
219.83258359329807	73.62198802819502
223.03012215184378	73.57431306334048
226.2741699796992	73.52962731148793
229.5654035697641	73.48792523783169
232.90450925475412	73.44920023110998
236.2921833503241	73.41344808701318
239.72913230027333	73.38066921971682
243.21607282386276	73.3508677595667
246.75373206527502	73.32404923476258
250.34284774524843	73.30021769690332
253.9841683149166	73.27937147909313
257.67845311188546	73.26149792445591
261.42647251858085	73.24656687406836
265.22900812289896	73.2345250622506
269.08685288119375	73.22529390410398
273.0008112836349	73.21877044765202
276.97169952197106	73.21483147759956
281.00034565973334	73.21334159040921
285.0875898049141	73.2141619486566
289.23428428515797	73.21715588769251
293.44129382550057	73.22219188793098
297.7094957286928	73.2291451970081
302.0397800581479	73.2378994353547
306.4330498235497	73.24834689860872
310.89022116916016	73.2603868568463
315.41222356486645	73.2739225045494
320.00000000000654	73.28885893298852
324.6545071800142	73.30510285687892
329.3767157259242	73.32256298852484
334.16761037677935	73.34115024023143
339.02819019498156	73.36077669451348
343.95946877463007	73.38135485625365
348.9624744528898	73.40279756853683
354.03825052443415	73.42501971841294
359.187855459007	73.44794123982719
364.4123631221491	73.47148872537127
369.71286299913527	73.49559372198483
375.0904604221685	73.52018953435403
380.54627680087896	73.54521299789477
386.08144985617537	73.57060859572857
391.6971338574982	73.5963287395702
397.3944998635236	73.62232844331385
403.1747359663683	73.6485592994595
409.0390475393468	73.67496690937733
414.9886574883323	73.70149359948556
421.0248065067734	73.72808186696804
427.1487533344206	73.75467649184154
433.3617750198154	73.78122529631437
439.6651671865984	73.80767883612364
446.06024430368984	73.83399017922915
452.54833995940066	73.86011512387398
459.13080713953053	73.88601243108428
465.8090185095106	73.91164314448167
472.58436670065066	73.93696823462145
479.45826460054917	73.96194694889488
486.432145647728	73.98653915554404
493.50746413055253	74.01070909887986
500.6856954904994	74.0344288661968
507.9683366298358	74.05767934271258
515.3569062237735	74.08045226226167
522.8529450371643	74.10275207683468
530.4580162458005	74.12459366000806
538.1737057623901	74.14599976109326
546.0016225672724	74.16699720105548
553.9433990439449	74.18761107026249
562.0006913194694	74.20786423765897
570.1751796098309	74.22777934903831
578.4685685703187	74.24738059345965
586.8825876510039	74.26669519159738
595.4189914573883	74.28575474933653
604.0795601162986	74.30459174464141
612.8660996471021	74.32323428251465
621.780442338323	74.34170327071375
630.8244471297356	74.36001343821661
640.0000000000159	74.37817559778004
649.3090143600314	74.39619874658108
658.7534314518515	74.41409077476622
668.3352207535618	74.43185905419959
678.0563803899662	74.44951257062387
687.9189375492632	74.46706205050707
697.9249489057827	74.48452234581306
708.0765010488715	74.50191426805513
718.3757109180171	74.51926614900812
728.8247262443015	74.536619998086
739.425725998274	74.55403934536271
750.1809208443404	74.57161056316926
761.0925536017613	74.58944325057466
772.1628997123541	74.60766772992842
783.3942677149998	74.62642934694804
794.7889997270506	74.64588246837707
806.34947193274	74.66618986096427
818.0780950786972	74.68752045975161
829.9773149766683	74.71004078708583
842.0496130135506	74.73390846643295
854.2975066688449	74.7592747578402
866.7235500396347	74.78628837365545
879.3303343732008	74.8150894839049
892.1204886073838	74.84579919159056
905.0966799188055	74.87851216398805
918.2616142790653	74.91329467883337
931.6180370190256	74.9501833386366
945.1687334013056	74.98918584706313
958.9165292011028	75.03028482379995
972.8642912954606	75.07344561887835
987.0149282611097	75.11862489140796
1001.3713909810035	75.16577592445195
1015.9366732596762	75.2148503312097
1030.7138124475518	75.2658085508532
1045.7058900743334	75.31863206524991
1060.916032491606	75.37333545185062
1076.3474115247852	75.42998186218051
1092.0032451345498	75.4886937727897
1107.8867980878947	75.549656418739
1124.0013826389438	75.61312373736449
1140.350359219667	75.67941994533574
1156.9371371406426	75.74893420575776
1173.765175302013	75.82211121003591
1190.837982914782	75.89943753210287
1208.1591202326028	75.98142239331582
1225.73219929421	76.06857420616127
1243.5608846766518	76.16137881361342
1261.648894259477	76.26027369822854
1280.0000000000375	76.36562291062236
1298.6180287200684	76.47769468579942
1317.5068629037087	76.59664412944095
1336.6704415071292	76.72249570547035
1356.112760779938	76.85514101684944
1375.8378750985323	76.99433606248152
1395.8498978115715	77.13970540163798
1416.153002097749	77.29075603331789
1436.7514218360407	77.44690061110978
1457.6494524886093	77.60748154184603
1478.8514519965543	77.7717963493498
1500.3618416886875	77.93911995001115
1522.1851072035295	78.10873039784633
1544.3257994247153	78.2799351423598
1566.788535430007	78.45209703235037
1589.5779994541087	78.6246594007163
1612.6989438654878	78.7971710210599
1636.156190157402	78.96930766728606
1659.9546299533442	79.14089151555878
1684.099226027109	79.31190460762588
1708.5950133376978	79.48248994777339
1733.4471000792773	79.65293880245584
1758.6606687464096	79.82366184526686
1784.2409772147755	79.99513726940033
1810.193359837619	80.16782915792952
1836.5232285581387	80.34208176111241
1863.2360740380593	80.51799803537527
1890.3374668026197	80.69533652698924
1917.833058402214	80.87347532203773
1945.7285825909298	81.05148850612346
1974.0298565222283	81.22832964751298
2002.7427819620161	81.40304235808208
2031.8733465193618	81.57491362686396
2061.4276248951132	81.74351932223989
2091.411780148677	81.90869169604801
2121.832064983222	82.07045767869057
2152.694823049581	82.22897207021887
2184.0064902691106	82.38445600901534
2215.7735961758003	82.53713644401269
2248.002765277899	82.68720426968814
2280.7007184393456	82.83477553625136
2313.874274281297	82.97984954685141
2347.530350604038	83.12225229797983
2381.6759658295764	83.26156872649386
2416.318240465218	83.39706533047216
2451.4643985884327	83.52763201309062
2487.1217693533167	83.65179537216751
2523.2977885189675	83.76782771476839
2560.0000000000887	83.87395858761714
2597.236057440151	83.9686137660315
2635.0137258074315	84.05061536104382
2673.340883014273	84.11930121298118
2712.225521559891	84.17455049744854
2751.6757501970797	84.21670583510343
2791.699795623158	84.24647947971113
2832.3060041955137	84.26482907659029
2873.502843672097	84.27284248179919
2915.2989049772345	84.27164043564498
2957.7029039931244	84.26235671508655
3000.723683377391	84.24620680492364
3044.370214407075	84.22462170766077
3088.6515988494466	84.1993825004187
3133.57707086003	84.17264866600354
3179.1559989082334	84.1468197079287
3225.3978877309914	84.12422737491076
3272.3123803148205	84.10673189758815
3319.9092599067053	84.0953721661177
3368.198452054235	84.09021287008981
3417.190026675413	84.09044395990053
3466.8942001585724	84.09464870720686
3517.3213374928373	84.10110622779113
3568.4819544295697	84.10806190367057
3620.386719675257	84.1139590074038
3673.0464571162966	84.1175609150346
3726.472148076138	84.11795723202746
3780.6749336052594	84.11453620248969
3835.6661168044484	84.1069818039221
3891.45716518188	84.09526471304866
3948.059713044477	84.07962298407263
4005.4855639240527	84.06049974383568
4063.746693038744	84.03846819694289
4122.855249790247	84.01407040197257
4182.823560297375	83.98761244713268
4243.664129966465	83.95896550459476
4305.389646099183	83.92748427718804
4368.012980538242	83.89213233521933
4431.5471923516225	83.85174837009195
4496.00553055582	83.80535398209915
4561.401436878714	83.75235639171551
4627.748548562617	83.6926214410965
4695.060701208099	83.62649844209027
4763.351931659176	83.55479689416154
4832.63648093046	83.47861090253878
4902.928797176889	83.39904443052133
4974.243538706657	83.31693314177501
5046.595577037959	83.23266986132636
5120.000000000202	83.14619713108657
5194.472114880326	83.05712449730098
5270.027451614888	82.9648674888365
5346.6817660285715	82.86880019184886
5424.451043119808	82.7684703302042
5503.351500394186	82.66391965860588
5583.399591246343	82.55603659837486
5664.612008391055	82.44673391044365
5747.005687344222	82.33876518722751
5830.597809954497	82.23529662364228
5915.405807986278	82.1393315604896
6001.447366754812	82.05306224417043
6088.740428814181	81.97733670935995
6177.303197698925	81.91154851105351
6267.154141720092	81.85402385720135
6358.3119978165005	81.80255535504078
6450.795775462017	81.75499430570568
6544.624760629676	81.7101633428062
6639.818519813445	81.66901276964991
6736.396904108505	81.63579332322526
6834.380053350861	81.61888826515512
6933.788400317181	81.63087520955747
7034.642674985712	81.68750174685486
7136.963908859177	81.80547582163894
7240.773439350552	81.99924077724472
7346.092914232631	82.2771431547249
7452.944296152315	82.63692142957795
7561.349867210557	83.06019274423477
7671.332233608935	83.50659337601162
7782.914330363799	83.90978954649668
7896.119426088994	84.17759205788954
8010.971127848146	84.20004037718438
8127.49338607753	83.86888040472036
8245.710499580537	83.1057585398617
8365.647120594791	81.8915038179087
8487.328259932974	80.28592940908628
8610.77929219841	78.4288688039229
8736.025961076528	76.52380924495758
8863.094384703289	74.8006924412291
8992.011061111683	73.45846984283885
9122.802873757471	72.60397874565335
9255.497097125279	72.22113453907238
9390.121402416245	72.19551766103451
9526.7038633184	72.37578290677587
9665.272961860968	72.63015721461728
9805.857594353829	72.87442816460974
9948.487077413367	73.07295249248162
10093.19115407597	73.22481365357925
10240.000000000457	73.34712806937553
10388.944229760706	73.4628562300347
10540.05490322983	73.59305186247947
10693.363532057198	73.75267661098441
10848.902086239672	73.94928127954539
11006.703000788428	74.18204527386482
11166.799182492743	74.44188017073543
11329.224016782166	74.7132733306831
11494.0113746885	74.97821184013655
11661.195619909053	75.22443044715874
11830.811615972614	75.45647896873733
12002.894733509682	75.706284639386
12177.48085762842	76.03912070826726
12354.606395397908	76.54553398035527
12534.308283440243	77.31320510764478
12716.62399563306	78.37945607239695
12901.591550924093	79.6574149085596
13089.249521259411	80.8850560324162
13279.637039626952	81.66600254793845
13472.793808217073	81.62774370209044
13668.760106701786	80.62158970677163
13867.576800634426	78.83169850154341
14069.285349971487	76.67789264772719
14273.927817718419	74.59581193807483
14481.54687870117	72.8798060779901
14692.18582846533	71.62970153542612
14905.888592304698	70.80826136223529
15122.699734421185	70.34085622795651
15342.664467217943	70.1726092995507
15565.828660727671	70.28432155603504
15792.238852178061	70.68497315185795
16021.942255696367	71.38562622777725
16254.986772155136	72.35156929588722
16491.42099916115	73.44105365700482
16731.294241189662	74.37470320693562
16974.65651986603	74.80198102915536
17221.558584396902	74.46131088384605
17472.051922153143	73.33145377793602
17726.188769406665	71.6524042024694
17984.022122223458	69.80172344559898
18245.605747515034	68.12438806710028
18510.99419425065	66.81738274928308
18780.242804832582	65.89872771707056
19053.40772663689	65.24691308779761
19330.545923722028	64.69082928274968
19611.71518870775	64.13048176273091
19896.974154826825	63.60532274663885
20186.382308152035	63.175221022982015