* Measurement data measured by REW V5.31.3
* Source: Microphone (JadeAudio JA11), MICROPHONE (Master Volume), R, volume: 0.250
* Format: 512k Log Swept Sine, 1 sweep at -12.0 dBFS with no timing reference
* Dated: May 1, 2025 8:55:55 PM
* REW Settings:
*  C-weighting compensation: Off
*  Target level: 75.0 dB
* Note: 
* Measurement: L Tanchjim One (3.5, Narrow)
* Smoothing: 1/24 octave
* Frequency Step: 1/48 octave
* Start Frequency: 20.300 Hz
*
* Freq(Hz)	SPL(dB)	Phase(degrees)
20.299999	87.054	-148.6121
20.600000	87.100	-149.0075
20.900000	87.148	-149.4619
21.200001	87.195	-149.9193
21.400000	87.225	-150.2218
21.799999	87.282	-150.8133
22.000000	87.308	-151.1031
22.400000	87.353	-151.7101
22.700001	87.382	-152.1455
23.000000	87.410	-152.5675
23.299999	87.436	-153.0202
23.600000	87.461	-153.4647
24.000000	87.494	-154.0450
24.299999	87.516	-154.5168
24.700001	87.544	-155.1382
25.000000	87.564	-155.5943
25.400000	87.592	-156.2357
25.799999	87.621	-156.8573
26.200001	87.652	-157.4698
26.500000	87.677	-157.9255
26.900000	87.709	-158.5179
27.200001	87.732	-158.9498
27.600000	87.762	-159.5098
28.000000	87.792	-160.0507
28.500000	87.830	-160.6835
29.000000	87.866	-161.2883
29.500000	87.897	-161.8647
30.000000	87.922	-162.4252
30.400000	87.939	-162.8646
30.700001	87.951	-163.1860
31.100000	87.968	-163.6095
31.500000	87.984	-164.0399
32.000000	88.001	-164.5674
32.500000	88.012	-165.1086
33.000000	88.018	-165.6210
33.500000	88.023	-166.1362
34.000000	88.030	-166.6454
34.500000	88.037	-167.1758
35.000000	88.044	-167.7027
35.500000	88.052	-168.2204
36.000000	88.062	-168.7152
36.500000	88.074	-169.1957
37.000000	88.084	-169.6729
37.500000	88.093	-170.1476
38.200001	88.100	-170.8066
38.700001	88.103	-171.2513
39.500000	88.102	-171.8973
40.000000	88.100	-172.2750
40.599998	88.100	-172.7442
41.200001	88.103	-173.2247
41.799999	88.104	-173.6969
42.500000	88.099	-174.2320
43.099998	88.092	-174.6887
43.700001	88.089	-175.1365
44.400002	88.089	-175.6171
45.000000	88.086	-176.0237
45.500000	88.078	-176.3882
46.200001	88.061	-176.9210
46.799999	88.050	-177.3527
47.500000	88.043	-177.8126
48.200001	88.035	-178.2569
48.700001	88.028	-178.5749
49.400002	88.016	-179.0184
50.000000	88.005	-179.3904
50.799999	87.988	-179.8739
51.500000	87.971	179.7173
52.200001	87.958	179.3080
53.000000	87.943	178.8379
53.799999	87.922	178.3903
54.500000	87.905	178.0225
55.200001	87.890	177.6539
56.000000	87.872	177.2235
57.000000	87.849	176.7060
58.000000	87.822	176.2066
59.000000	87.848	175.7306
60.000000	87.875	175.2851
60.799999	87.816	174.8999
61.500000	87.748	174.5551
62.200001	87.713	174.2351
63.000000	87.694	173.8893
64.000000	87.662	173.4585
65.000000	87.630	173.0580
66.000000	87.600	172.6620
67.000000	87.569	172.2556
68.000000	87.535	171.8524
69.000000	87.503	171.4444
70.000000	87.474	171.0559
71.000000	87.444	170.7050
72.000000	87.414	170.3742
73.000000	87.383	170.0353
74.000000	87.350	169.6907
75.000000	87.318	169.3605
76.199997	87.281	168.9706
77.500000	87.239	168.5521
78.800003	87.193	168.1212
80.000000	87.151	167.7651
81.199997	87.115	167.4436
82.500000	87.070	167.0815
83.800003	87.021	166.7290
85.000000	86.981	166.4109
86.199997	86.941	166.1101
87.500000	86.896	165.7991
88.500000	86.862	165.5546
90.000000	86.812	165.1945
91.199997	86.767	164.9147
92.500000	86.718	164.6024
93.800003	86.674	164.2940
95.000000	86.633	164.0284
96.199997	86.591	163.7894
97.500000	86.549	163.5523
98.800003	86.506	163.3073
100.000000	86.464	163.0697
101.500000	86.413	162.7935
103.000000	86.362	162.5229
104.400002	86.316	162.2782
106.000000	86.263	162.0176
107.500000	86.212	161.7868
109.000000	86.162	161.5598
110.599998	86.107	161.3187
112.000000	86.060	161.1132
113.800003	85.998	160.8680
115.000000	85.955	160.7103
117.199997	85.881	160.4053
118.000000	85.856	160.3032
120.599998	85.769	159.9835
122.000000	85.718	159.8109
124.099998	85.648	159.5746
125.000000	85.620	159.4780
126.500000	85.571	159.3236
128.000000	85.522	159.1737
131.500000	85.410	158.8526
132.000000	85.394	158.8118
134.000000	85.334	158.6668
136.000000	85.274	158.5049
138.000000	85.206	158.3022
140.000000	85.139	158.0872
143.000000	85.050	157.9440
145.000000	84.987	157.8630
147.500000	84.907	157.7419
150.000000	84.831	157.6210
152.500000	84.755	157.4921
155.000000	84.681	157.3671
157.500000	84.608	157.2608
160.000000	84.534	157.1705
162.500000	84.461	157.0974
165.000000	84.388	157.0156
167.500000	84.316	156.9427
170.000000	84.243	156.8917
172.500000	84.168	156.8610
175.000000	84.095	156.8766
177.500000	84.026	156.9348
180.000000	83.963	156.9304
182.500000	83.904	156.8888
185.000000	83.840	156.8708
187.500000	83.772	156.8837
190.000000	83.700	156.9094
192.500000	83.632	156.9823
195.000000	83.575	157.0780
197.500000	83.520	157.1425
200.000000	83.463	157.1929
203.000000	83.390	157.2795
206.000000	83.315	157.4506
209.000000	83.248	157.7214
212.000000	83.197	157.8042
214.000000	83.169	157.8035
218.000000	83.103	157.7800
220.000000	83.063	157.7726
224.000000	82.976	157.8113
227.000000	82.908	157.8751
230.000000	82.847	157.9948
233.000000	82.791	158.1279
236.000000	82.736	158.2460
240.000000	82.665	158.3982
243.000000	82.614	158.4950
247.000000	82.542	158.6107
250.000000	82.485	158.7036
254.000000	82.413	158.8483
258.000000	82.338	158.9898
262.000000	82.257	159.1348
265.000000	82.199	159.2741
269.000000	82.126	159.5269
272.000000	82.074	159.7359
276.000000	82.010	159.9774
280.000000	81.950	160.1733
285.000000	81.869	160.4440
290.000000	81.787	160.7761
295.000000	81.713	161.2004
300.000000	81.655	161.6255
304.000000	81.616	161.9458
307.000000	81.590	162.1548
311.000000	81.559	162.3788
315.000000	81.527	162.5582
320.000000	81.481	162.7486
325.000000	81.426	162.9237
330.000000	81.366	163.1230
335.000000	81.305	163.3488
340.000000	81.245	163.5794
345.000000	81.184	163.8470
350.000000	81.126	164.1431
355.000000	81.072	164.4369
360.000000	81.017	164.7143
365.000000	80.962	164.9991
370.000000	80.911	165.3146
375.000000	80.863	165.6301
382.000000	80.795	166.0705
387.000000	80.747	166.3886
395.000000	80.670	166.8969
400.000000	80.626	167.2107
406.000000	80.575	167.5715
412.000000	80.525	167.9321
418.000000	80.472	168.3224
425.000000	80.415	168.8018
431.000000	80.370	169.2010
437.000000	80.325	169.5945
444.000000	80.274	170.0443
450.000000	80.233	170.4314
455.000000	80.200	170.7650
462.000000	80.152	171.2339
468.000000	80.113	171.6342
475.000000	80.070	172.0981
482.000000	80.029	172.5629
487.000000	80.000	172.9017
494.000000	79.961	173.3762
500.000000	79.927	173.7804
508.000000	79.885	174.3179
515.000000	79.850	174.7850
522.000000	79.818	175.2589
530.000000	79.782	175.8087
538.000000	79.747	176.3448
545.000000	79.717	176.8155
552.000000	79.688	177.2913
560.000000	79.656	177.8373
570.000000	79.617	178.5272
580.000000	79.583	179.2184
590.000000	79.550	179.9051
600.000000	79.521	-179.4171
608.000000	79.499	-178.8685
615.000000	79.481	-178.3843
622.000000	79.464	-177.8985
630.000000	79.446	-177.3437
640.000000	79.425	-176.6493
650.000000	79.407	-175.9500
660.000000	79.391	-175.2546
670.000000	79.376	-174.5577
680.000000	79.363	-173.8598
690.000000	79.352	-173.1587
700.000000	79.345	-172.4485
710.000000	79.340	-171.7407
720.000000	79.336	-171.0356
730.000000	79.333	-170.3288
740.000000	79.334	-169.6233
750.000000	79.338	-168.9171
762.000000	79.347	-168.0689
775.000000	79.359	-167.1523
788.000000	79.376	-166.2428
800.000000	79.394	-165.4010
812.000000	79.416	-164.5490
825.000000	79.445	-163.6128
838.000000	79.481	-162.6841
850.000000	79.520	-161.8417
862.000000	79.562	-161.0133
875.000000	79.612	-160.1310
885.000000	79.654	-159.4659
900.000000	79.721	-158.4856
912.000000	79.780	-157.7124
925.000000	79.848	-156.8945
938.000000	79.922	-156.1040
950.000000	79.994	-155.3969
962.000000	80.069	-154.7119
975.000000	80.155	-153.9980
988.000000	80.244	-153.3141
1000.000000	80.328	-152.7124
1015.000000	80.436	-152.0023
1030.000000	80.546	-151.3391
1044.000000	80.651	-150.7583
1060.000000	80.772	-150.1439
1075.000000	80.886	-149.6142
1090.000000	81.001	-149.1296
1106.000000	81.123	-148.6632
1120.000000	81.230	-148.2960
1138.000000	81.365	-147.8707
1150.000000	81.453	-147.6160
1172.000000	81.613	-147.2115
1180.000000	81.671	-147.0808
1206.000000	81.851	-146.7147
1220.000000	81.946	-146.5540
1241.000000	82.082	-146.3596
1250.000000	82.138	-146.2928
1265.000000	82.229	-146.2041
1280.000000	82.316	-146.1426
1315.000000	82.500	-146.1151
1320.000000	82.523	-146.1218
1340.000000	82.606	-146.1603
1360.000000	82.672	-146.1840
1380.000000	82.721	-146.1398
1400.000000	82.759	-145.9774
1430.000000	82.821	-145.5023
1450.000000	82.874	-145.0747
1475.000000	82.959	-144.4946
1500.000000	83.064	-143.9262
1525.000000	83.185	-143.4172
1550.000000	83.314	-142.9973
1575.000000	83.444	-142.6617
1600.000000	83.571	-142.3864
1625.000000	83.693	-142.1511
1650.000000	83.812	-141.9349
1675.000000	83.928	-141.7286
1700.000000	84.043	-141.5314
1725.000000	84.159	-141.3441
1750.000000	84.275	-141.1668
1775.000000	84.391	-141.0038
1800.000000	84.508	-140.8542
1825.000000	84.625	-140.7195
1850.000000	84.744	-140.6017
1875.000000	84.863	-140.5005
1900.000000	84.983	-140.4171
1925.000000	85.103	-140.3562
1950.000000	85.223	-140.3170
1975.000000	85.343	-140.2982
2000.000000	85.463	-140.3002
2030.000000	85.606	-140.3326
2060.000000	85.750	-140.4013
2090.000000	85.892	-140.5056
2120.000000	86.034	-140.6449
2140.000000	86.128	-140.7585
2180.000000	86.314	-141.0349
2200.000000	86.406	-141.1975
2240.000000	86.588	-141.5761
2270.000000	86.720	-141.9021
2300.000000	86.848	-142.2659
2330.000000	86.972	-142.6685
2360.000000	87.090	-143.1057
2400.000000	87.238	-143.7328
2430.000000	87.341	-144.2303
2470.000000	87.468	-144.9153
2500.000000	87.556	-145.4337
2540.000000	87.663	-146.1122
2580.000000	87.763	-146.7573
2620.000000	87.862	-147.3688
2650.000000	87.939	-147.8280
2690.000000	88.043	-148.4896
2720.000000	88.119	-149.0427
2760.000000	88.209	-149.8528
2800.000000	88.280	-150.6948
2850.000000	88.347	-151.6923
2900.000000	88.404	-152.6086
2950.000000	88.456	-153.5027
3000.000000	88.498	-154.3728
3040.000000	88.528	-155.0205
3070.000000	88.553	-155.4911
3110.000000	88.591	-156.1469
3150.000000	88.627	-156.8884
3200.000000	88.655	-157.9217
3250.000000	88.654	-158.9786
3300.000000	88.626	-159.9771
3350.000000	88.580	-160.8836
3400.000000	88.520	-161.6971
3450.000000	88.447	-162.4220
3500.000000	88.359	-163.0538
3550.000000	88.255	-163.5640
3600.000000	88.136	-163.8938
3650.000000	88.011	-163.9759
3700.000000	87.895	-163.7746
3750.000000	87.806	-163.3357
3820.000000	87.746	-162.5357
3870.000000	87.745	-161.9760
3950.000000	87.795	-161.2690
4000.000000	87.843	-160.9741
4060.000000	87.905	-160.7449
4120.000000	87.964	-160.5921
4180.000000	88.023	-160.4568
4250.000000	88.098	-160.2999
4310.000000	88.170	-160.1707
4370.000000	88.252	-160.0560
4440.000000	88.363	-159.9691
4500.000000	88.473	-159.9730
4550.000000	88.572	-160.0550
4620.000000	88.716	-160.2976
4680.000000	88.843	-160.6209
4750.000000	88.990	-161.1307
4820.000000	89.137	-161.7848
4870.000000	89.239	-162.3422
4940.000000	89.375	-163.2465
5000.000000	89.482	-164.1334
5080.000000	89.605	-165.4557
5150.000000	89.691	-166.7140
5220.000000	89.754	-168.0173
5300.000000	89.803	-169.4823
5380.000000	89.844	-170.8812
5450.000000	89.889	-172.1221
5520.000000	89.943	-173.5181
5600.000000	89.992	-175.4331
5700.000000	89.980	-178.2422
5800.000000	89.857	178.8572
5900.000000	89.635	176.2048
6000.000000	89.345	173.9603
6080.000000	89.082	172.4911
6150.000000	88.839	171.4458
6220.000000	88.589	170.6186
6300.000000	88.303	169.9279
6400.000000	87.954	169.4166
6500.000000	87.623	169.2533
6600.000000	87.321	169.3821
6700.000000	87.051	169.7447
6800.000000	86.818	170.2891
6900.000000	86.625	170.9700
7000.000000	86.476	171.7375
7100.000000	86.376	172.5295
7200.000000	86.326	173.2703
7300.000000	86.327	173.8862
7400.000000	86.378	174.3070
7500.000000	86.482	174.4332
7620.000000	86.676	173.9763
7750.000000	86.949	172.3357
7880.000000	87.213	168.9666
8000.000000	87.313	164.0672
8120.000000	87.115	157.8164
8250.000000	86.431	150.7513
8380.000000	85.259	145.0481
8500.000000	83.859	142.1594
8620.000000	82.309	142.0577
8750.000000	80.624	145.1547
8850.000000	79.417	149.6957
9000.000000	77.909	159.6453
9120.000000	77.085	169.7422
9250.000000	76.682	-178.2130
9380.000000	76.811	-166.3254
9500.000000	77.341	-156.5450
9620.000000	78.164	-148.5225
9750.000000	79.271	-142.1215
9880.000000	80.492	-138.1879
10000.000000	81.633	-136.7302
10150.000000	82.956	-137.6993
10300.000000	84.024	-141.3120
10440.000000	84.684	-146.2751
10600.000000	84.987	-152.5248
10750.000000	84.883	-157.7135
10900.000000	84.520	-161.4543
11060.000000	83.998	-163.5822
11200.000000	83.525	-164.0002
11380.000000	82.988	-162.9803
11500.000000	82.702	-161.5784
11720.000000	82.360	-157.9754
11800.000000	82.299	-156.4325
12060.000000	82.355	-150.9130
12200.000000	82.566	-147.8024
12410.000000	83.159	-143.3855
12500.000000	83.522	-141.7515
12650.000000	84.273	-139.6414
12800.000000	85.206	-138.5666
13150.000000	88.028	-142.9137
13200.000000	88.467	-144.7273
13400.000000	90.034	-155.8080
13600.000000	90.796	-172.1211
13800.000000	90.329	170.4391
14000.000000	88.815	156.7823
14300.000000	85.845	147.0875
14500.000000	84.051	146.2281
14750.000000	82.271	148.6136
15000.000000	80.989	153.0046
15250.000000	80.150	158.3516
15500.000000	79.736	164.0490
15750.000000	79.778	169.5289
16000.000000	80.383	173.7922
16250.000000	81.663	174.5837
16500.000000	83.411	167.9229
16750.000000	84.659	150.9957
17000.000000	84.145	127.8860
17250.000000	81.614	108.4465
17500.000000	77.982	98.3905
17750.000000	74.266	96.6135
18000.000000	70.964	99.6956
18250.000000	68.123	105.1382
18500.000000	65.636	111.7134
18750.000000	63.405	118.8911
19000.000000	61.364	126.4470
19250.000000	59.474	134.3410
19500.000000	57.743	142.7122
19750.000000	56.292	151.2954
20000.000000	55.442	157.9247
