20	78.44574926714132
20.290906698750476	78.42428786804507
20.586044732869844	78.40283021880248
20.885475648548283	78.3813809211551
21.189261887185914	78.35994690526041
21.49746679841394	78.33853846999465
21.810154653305165	78.31716967905604
22.12739065777668	78.29585847701287
22.449240966187475	78.27462679064456
22.77577269513385	78.25350032547296
23.107053937445478	78.23250818297421
23.44315377638505	78.21168240191952
23.784142300054445	78.19105737138821
24.130090616010463	78.17066895000322
24.481070866093134	78.15055317093143
24.837156241469714	78.13074457317886
25.1984209978975	78.11127410328054
25.56494047120865	78.09216706568068
25.936791093020236	78.07344164879483
26.3140504066728	78.0551081884496
26.69679708340074	78.03716903595581
27.08511093873791	78.01961890199556
27.47907294916184	78.00244539009235
27.878765268980047	77.98562969930029
28.284271247461966	77.96914794181096
28.695675446220072	77.95297332149704
29.11306365684382	77.93707844900442
29.536522918790062	77.92143676396674
29.966141537533712	77.90602245993561
30.402009102982383	77.89080922322242
30.844216508158908	77.87576958978316
31.29285596815558	77.86087615176828
31.74802103936409	77.846104146088
32.20980663898519	77.8314334039033
32.67830906482211	77.81684846927469
33.153626015361866	77.80233769938562
33.63585661014871	77.78789254310507
34.125101410453844	77.77350716858116
34.62146244024586	77.75917742153608
35.12504320746613	77.74489880011785
35.635948725613716	77.73066470955594
36.15428553564419	77.7164661949153
36.68016172818701	77.7022924085517
37.21368696608603	77.68813016037089
37.754972507267915	77.67396278143815
38.30413122794313	77.65977004719353
38.86127764614443	77.64552998154575
39.4265279456077	77.63122096406252
40.000000000000206	77.61682195063679
40.58181339750116	77.60231177135532
41.1720894657399	77.58766957209454
41.77095129709678	77.5728765720649
42.37852377437204	77.55791727880344
42.9949335968281	77.54277928315203
43.62030930661056	77.52745236998582
44.25478131555359	77.51192713238814
44.89848193237519	77.49619311190462
45.55154539026795	77.48023802630213
46.21410787489121	77.4640489723244
46.88630755277036	77.44761442395166
47.56828460010916	77.43092459742344
48.260181232021196	77.41397007847215
48.962141732186545	77.39674068780144
49.674312482939705	77.37922531288693
50.39684199579528	77.36141147609113
51.129880942417586	77.34328488721917
51.873582186040764	77.32482975476411
52.628100813345895	77.30602938670856
53.393594166801776	77.28686598132451
54.17022187747612	77.26732046100979
54.95814589832399	77.24737391296426
55.75753053796041	77.22700970216174
56.56854249492426	77.20621390838558
57.39135089244048	77.18497342575982
58.226127313687975	77.16327361752728
59.073045837580466	77.14109798948702
59.932283075067765	77.11842991494242
60.804018205965114	77.09525388109817
61.68843301631817	77.07155495675126
62.58571193631152	77.04731865244216
63.49604207872855	77.02253042254485
64.41961327797075	76.99717468051828
65.35661812964459	76.97123391191144
66.3072520307241	76.94468832084966
67.27171322029778	76.91751654386734
68.25020282090806	76.88969702598557
69.2429248804921	76.86120906597333
70.25008641493265	76.83203315524874
71.27189745122783	76.80214986307702
72.30857107128878	76.77153873513565
73.36032345637442	76.74017832871735
74.42737393217246	76.70804703753069
75.50994501453623	76.67512455729066
76.60826245588666	76.64139254629475
77.72255529228926	76.60683415357443
78.85305589121582	76.57143382402768
80.00000000000082	76.53517791154468
81.16362679500274	76.49805517700923
82.34417893148023	76.46005719702669
83.541902594194	76.4211782069167
84.75704754874454	76.38141486341603
85.98986719365665	76.34076731828884
87.24061861322157	76.29924032830789
88.50956263110764	76.25684314572818
89.79696386475084	76.21358837464902
91.10309078053635	76.16949005407135
92.42821574978288	76.1245602579851
93.77261510554118	76.07880752692121
95.13656920021877	76.03223907050338
96.52036246404286	75.98486412720588
97.92428346437356	75.93669493047953
99.34862496587989	75.88774528653856
100.79368399159105	75.83802894506802
102.25976188483567	75.78755984920407
103.74716437208203	75.73635407084778
105.25620162669229	75.68443119295243
106.78718833360406	75.6318140023297
108.34044375495276	75.57852719773466
109.9162917966485	75.52459647077511
111.51506107592134	75.47004952480611
113.13708498984903	75.41491889352164
114.78270178488147	75.35924385464362
116.45225462737648	75.30307118183624
118.14609167516147	75.24645572068938
119.86456615013608	75.18945953320006
121.60803641193078	75.13214858920888
123.3768660326369	75.07458835336955
125.17142387262359	75.01684340051403
126.99208415745765	74.95898026985404
128.83922655594208	74.90106931909655
130.71323625928977	74.84318409408958
132.61450406144883	74.78540043229293
134.5434264405962	74.72779673024404
136.50040564181674	74.6704539929195
138.48584976098482	74.61345432062596
140.50017282986593	74.55687882117188
142.5437949024563	74.5008106100938
144.61714214257822	74.44534075149731
146.7206469127495	74.39056927871894
148.8547478643456	74.33660428186744
151.01989002907314	74.28356246800864
153.216524911774	74.23156955525369
155.4451105845792	74.18075977257568
157.70611178243232	74.13127517933196
160.00000000000236	74.0832651019283
162.3272535900062	74.03688435361565
164.6883578629612	73.99228856679478
167.08380518838874	73.94962794151627
169.51409509748981	73.90904167122395
171.97973438731407	73.8706533072839
174.4812372264439	73.83456604658691
177.01912526221608	73.80085869368284
179.5939277295025	73.76958568069583
182.20618156107355	73.74078105869347
184.85643149956664	73.71446394018271
187.54523021108326	73.69064323427254
190.27313840043846	73.66931876327469
193.04072492808663	73.65047910699909
195.84856692874806	73.63409749047602
198.69724993176072	73.62012699613094
201.58736798318304	73.60849886663178
204.5195237696723	73.59912521928212
207.49432874416505	73.59190389619765
210.5124032533856	73.58672355418264
213.57437666720915	73.58347060630797
216.68088750990657	73.58203746258114
219.83258359329807	73.58232767331056
223.03012215184378	73.58425563813212
226.2741699796992	73.58774505744431
229.5654035697641	73.59272909882105
232.90450925475412	73.59915118503108
236.2921833503241	73.60696484400177
239.72913230027333	73.61613248344929
243.21607282386276	73.62662358875721
246.75373206527502	73.63841176473272
250.34284774524843	73.65147095007104
253.9841683149166	73.66577363666374
257.67845311188546	73.68129064717431
261.42647251858085	73.69799093959806
265.22900812289896	73.71584141833192
269.08685288119375	73.73480737617787
273.0008112836349	73.75485216061443
276.97169952197106	73.77593698485552
281.00034565973334	73.79802211545014
285.0875898049141	73.82106730270294
289.23428428515797	73.84503117495134
293.44129382550057	73.86987007145179
297.7094957286928	73.89553809835623
302.0397800581479	73.92198597241963
306.4330498235497	73.94915914282221
310.89022116916016	73.97699655170531
315.41222356486645	74.00543082515456
320.00000000000654	74.03439000680909
324.6545071800142	74.0638005578584
329.3767157259242	74.09359159906396
334.16761037677935	74.12369743171254
339.02819019498156	74.1540564236962
343.95946877463007	74.1846079234425
348.9624744528898	74.21529098601395
354.03825052443415	74.246045322237
359.187855459007	74.27681226224082
364.4123631221491	74.30753464539036
369.71286299913527	74.33815605175717
375.0904604221685	74.36862151805771
380.54627680087896	74.39887922497006
386.08144985617537	74.42888218008798
391.6971338574982	74.45858834788888
397.3944998635236	74.48796016112802
403.1747359663683	74.51696453830205
409.0390475393468	74.54557362644594
414.9886574883323	74.57376520881073
421.0248065067734	74.60152139611397
427.1487533344206	74.62882771582396
433.3617750198154	74.65567397336883
439.6651671865984	74.6820564087916
446.06024430368984	74.70798020591944
452.54833995940066	74.73345986506672
459.13080713953053	74.7585175790921
465.8090185095106	74.78318219398766
472.58436670065066	74.80748857393337
479.45826460054917	74.83147395729497
486.432145647728	74.85517107356006
493.50746413055253	74.87860135753598
500.6856954904994	74.90176998456042
507.9683366298358	74.92466401048067
515.3569062237735	74.94725363366089
522.8529450371643	74.96949655356116
530.4580162458005	74.99134234791957
538.1737057623901	75.01274003384924
546.0016225672724	75.03364474060066
553.9433990439449	75.05402042203015
562.0006913194694	75.07383970951528
570.1751796098309	75.09308460469511
578.4685685703187	75.11174705109238
586.8825876510039	75.12982814013759
595.4189914573883	75.14733716309703
604.0795601162986	75.1642899076086
612.8660996471021	75.18070753822794
621.780442338323	75.19661645034755
630.8244471297356	75.21204838036147
640.0000000000159	75.22703998186515
649.3090143600314	75.24163148207512
658.7534314518515	75.2558675376454
668.3352207535618	75.2698004224913
678.0563803899662	75.28349200656515
687.9189375492632	75.29701456895445
697.9249489057827	75.3104539307019
708.0765010488715	75.3239120255966
718.3757109180171	75.33750707510006
728.8247262443015	75.35137241388402
739.425725998274	75.3656544392253
750.1809208443404	75.38050992064883
761.0925536017613	75.39610442634846
772.1628997123541	75.41261220362756
783.3942677149998	75.4302155969145
794.7889997270506	75.44910236228371
806.34947193274	75.46946107198801
818.0780950786972	75.49147658808177
829.9773149766683	75.51532609321985
842.0496130135506	75.54117480795021
854.2975066688449	75.5691707233595
866.7235500396347	75.59943867252079
879.3303343732008	75.63207525001887
892.1204886073838	75.66714492901164
905.0966799188055	75.70467751242174
918.2616142790653	75.74466913402483
931.6180370190256	75.7870816492795
945.1687334013056	75.831842552664
958.9165292011028	75.87884817237297
972.8642912954606	75.9279677624885
987.0149282611097	75.97904827460339
1001.3713909810035	76.03192384897346
1015.9366732596762	76.08642822583646
1030.7138124475518	76.14240716151474
1045.7058900743334	76.19973210069948
1060.916032491606	76.25831575055562
1076.3474115247852	76.31812784709702
1092.0032451345498	76.37921137564035
1107.8867980878947	76.44169380412927
1124.0013826389438	76.50579347161282
1140.350359219667	76.5718241510777
1156.9371371406426	76.64019149364935
1173.765175302013	76.71138268388441
1190.837982914782	76.78594800414352
1208.1591202326028	76.86447924396215
1225.73219929421	76.94757921414117
1243.5608846766518	77.03583325430294
1261.648894259477	77.12977573964237
1280.0000000000375	77.22985880873061
1298.6180287200684	77.33642303044141
1317.5068629037087	77.44967053668285
1336.6704415071292	77.56964571465201
1356.112760779938	77.69623747591042
1375.8378750985323	77.82918539315153
1395.8498978115715	77.96809376985969
1416.153002097749	78.11245209621953
1436.7514218360407	78.26166035804542
1457.6494524886093	78.41505671045427
1478.8514519965543	78.57195017550164
1500.3618416886875	78.73165131482575
1522.1851072035295	78.89350033265966
1544.3257994247153	79.05689024458484
1566.788535430007	79.22128216853547
1589.5779994541087	79.38621819298942
1612.6989438654878	79.55132816973371
1636.156190157402	79.71633012958384
1659.9546299533442	79.88102605889307
1684.099226027109	80.04529821321991
1708.5950133376978	80.20910561685886
1733.4471000792773	80.37247429890147
1758.6606687464096	80.53548454773984
1784.2409772147755	80.6982590617834
1810.193359837619	80.86095010157996
1836.5232285581387	81.0237307585494
1863.2360740380593	81.18678624648592
1890.3374668026197	81.35030095781947
1917.833058402214	81.51444490847997
1945.7285825909298	81.67936346968833
1974.0298565222283	81.84516237535682
2002.7427819620161	82.01189227641915
2031.8733465193618	82.17954160481054
2061.4276248951132	82.34802392945848
2091.411780148677	82.51717397597386
2121.832064983222	82.68673954774293
2152.694823049581	82.85638342102871
2184.0064902691106	83.02568859799733
2215.7735961758003	83.19415018257472
2248.002765277899	83.36117411879796
2280.7007184393456	83.52607032538847
2313.874274281297	83.68805479084747
2347.530350604038	83.84625259539128
2381.6759658295764	83.99970685000987
2416.318240465218	84.14738695646291
2451.4643985884327	84.28820713460672
2487.1217693533167	84.42106480505764
2523.2977885189675	84.54487237414378
2560.0000000000887	84.65859985048317
2597.236057440151	84.76129591184186
2635.0137258074315	84.85209939318997
2673.340883014273	84.93025702868398
2712.225521559891	84.99516314456683
2751.6757501970797	85.04638973985966
2791.699795623158	85.0837277581829
2832.3060041955137	85.10719857801196
2873.502843672097	85.11705748830718
2915.2989049772345	85.11377242474602
2957.7029039931244	85.0980215956205
3000.723683377391	85.0707157993145
3044.370214407075	85.03303174496169
3088.6515988494466	84.9864358365851
3133.57707086003	84.93268866551267
3179.1559989082334	84.87381379443757
3225.3978877309914	84.81199088341096
3272.3123803148205	84.74934046403811
3319.9092599067053	84.68762911989374
3368.198452054235	84.62794317549239
3417.190026675413	84.57040636152843
3466.8942001585724	84.51407833221238
3517.3213374928373	84.45716586838662
3568.4819544295697	84.39752592457977
3620.386719675257	84.33328905906833
3673.0464571162966	84.2633409976884
3726.472148076138	84.1875151532305
3780.6749336052594	84.10652405909102
3835.6661168044484	84.0217255119197
3891.45716518188	83.9347992797142
3948.059713044477	83.84741573678964
4005.4855639240527	83.76094443318345
4063.746693038744	83.67621407886995
4122.855249790247	83.59340150551314
4182.823560297375	83.51209031323867
4243.664129966465	83.43148375500824
4305.389646099183	83.35067188822521
4368.012980538242	83.26884035148389
4431.5471923516225	83.18535548704239
4496.00553055582	83.0997107510332
4561.401436878714	83.01143375103642
4627.748548562617	82.92001137931155
4695.060701208099	82.8248366022576
4763.351931659176	82.7252159848865
4832.63648093046	82.62045011290124
4902.928797176889	82.50990296744224
4974.243538706657	82.39302890542979
5046.595577037959	82.26936885214755
5120.000000000202	82.13856505229859
5194.472114880326	82.0004270910826
5270.027451614888	81.85505589765032
5346.6817660285715	81.70289248877363
5424.451043119808	81.54460757700474
5503.351500394186	81.38099392333108
5583.399591246343	81.21301713365294
5664.612008391055	81.04210468814823
5747.005687344222	80.8705434127444
5830.597809954497	80.70165846194556
5915.405807986278	80.53958187246148
6001.447366754812	80.3885576645188
6088.740428814181	80.25190588512132
6177.303197698925	80.13104085378548
6267.154141720092	80.02506882282997
6358.3119978165005	79.93109255270852
6450.795775462017	79.84511735279354
6544.624760629676	79.7634787996212
6639.818519813445	79.68448591485213
6736.396904108505	79.61009891118015
6834.380053350861	79.54729215683284
6933.788400317181	79.50865980437938
7034.642674985712	79.51187445111852
7136.963908859177	79.57779179072321
7240.773439350552	79.72735463195619
7346.092914232631	79.97760066509633
7452.944296152315	80.33685820775216
7561.349867210557	80.79905885683023
7671.332233608935	81.337686978026
7782.914330363799	81.9012503520187
7896.119426088994	82.41229784009714
8010.971127848146	82.77391666220073
8127.49338607753	82.8873582310292
8245.710499580537	82.67787020755672
8365.647120594791	82.11931029248143
8487.328259932974	81.24505524012439
8610.77929219841	80.13684308935551
8736.025961076528	78.90136340722226
8863.094384703289	77.6436995628662
8992.011061111683	76.4474112091983
9122.802873757471	75.36653962308826
9255.497097125279	74.42681985965133
9390.121402416245	73.63220392805785
9526.7038633184	72.97308965099461
9665.272961860968	72.43338220269
9805.857594353829	71.99588279377944
9948.487077413367	71.64551438824724
10093.19115407597	71.3704914310912
10240.000000000457	71.16239459716132
10388.944229760706	71.0162083146007
10540.05490322983	70.92890089797451
10693.363532057198	70.8969037521531
10848.902086239672	70.9139767564046
11006.703000788428	70.96892572362681
11166.799182492743	71.04457283716285
11329.224016782166	71.11898715643191
11494.0113746885	71.16938700588271
11661.195619909053	71.17942796761449
11830.811615972614	71.14855878562487
12002.894733509682	71.10068049459923
12177.48085762842	71.0932604501068
12354.606395397908	71.22019798125797
12534.308283440243	71.60387360388935
12716.62399563306	72.37135676377382
12901.591550924093	73.5941476084619
13089.249521259411	75.21790829553255
13279.637039626952	77.03447612674881
13472.793808217073	78.65836883123231
13668.760106701786	79.61918722859151
13867.576800634426	79.59318572898394
14069.285349971487	78.60112090139397
14273.927817718419	76.99649072465313
14481.54687870117	75.25087244591295
14692.18582846533	73.7234274967451
14905.888592304698	72.57279762432472
15122.699734421185	71.81435123611239
15342.664467217943	71.40702321497373
15565.828660727671	71.31042585887329
15792.238852178061	71.50421769472517
16021.942255696367	71.97713672318633
16254.986772155136	72.6925881291265
16491.42099916115	73.54215260025308
16731.294241189662	74.31716410616545
16974.65651986603	74.74367295497761
17221.558584396902	74.58864026018495
17472.051922153143	73.78414120199851
17726.188769406665	72.47612205763704
17984.022122223458	70.95216256751522
18245.605747515034	69.49836805096159
18510.99419425065	68.27531259104562
18780.242804832582	67.27198788245705
19053.40772663689	66.35585299592081
19330.545923722028	65.39563230086071
19611.71518870775	64.39326125421523
19896.974154826825	63.501068367311824
20186.382308152035	62.80415583869006