20	80.19075778420222
20.290906698750476	80.1708403396806
20.586044732869844	80.15090911313956
20.885475648548283	80.13093690610287
21.189261887185914	80.11088869030505
21.49746679841394	80.0907292681662
21.810154653305165	80.0704280044671
22.12739065777668	80.04996213440666
22.449240966187475	80.0293197574297
22.77577269513385	80.00850139982775
23.107053937445478	79.98752068360719
23.44315377638505	79.96640454086172
23.784142300054445	79.94519277784333
24.130090616010463	79.92393632871268
24.481070866093134	79.90269370656677
24.837156241469714	79.88152579200855
25.1984209978975	79.86048870517888
25.56494047120865	79.83962663961265
25.936791093020236	79.81896673252241
26.3140504066728	79.79851659228767
26.69679708340074	79.77826393792776
27.08511093873791	79.7581778350646
27.47907294916184	79.73821039772645
27.878765268980047	79.7182989025017
28.284271247461966	79.6983701381935
28.695675446220072	79.67834802592218
29.11306365684382	79.65816166973416
29.536522918790062	79.63774977820555
29.966141537533712	79.61705909176824
30.402009102982383	79.59603810370999
30.844216508158908	79.57463332696318
31.29285596815558	79.55279306624486
31.74802103936409	79.53047685860032
32.20980663898519	79.50766252931952
32.67830906482211	79.48434611784973
33.153626015361866	79.46053792967687
33.63585661014871	79.4362594917059
34.125101410453844	79.41154207145571
34.62146244024586	79.38642265402476
35.12504320746613	79.36093607917283
35.635948725613716	79.33510834593908
36.15428553564419	79.30895583450025
36.68016172818701	79.28248743586599
37.21368696608603	79.25570295492443
37.754972507267915	79.22858869007668
38.30413122794313	79.20111716496108
38.86127764614443	79.17325430053613
39.4265279456077	79.1449677321969
40.000000000000206	79.11622753611464
40.58181339750116	79.08700324268045
41.1720894657399	79.05726542516356
41.77095129709678	79.02699257515809
42.37852377437204	78.99617585258018
42.9949335968281	78.96481821561734
43.62030930661056	78.93293087819228
44.25478131555359	78.90052783967596
44.89848193237519	78.86761856402117
45.55154539026795	78.83420503869895
46.21410787489121	78.80028675243462
46.88630755277036	78.76586886957824
47.56828460010916	78.73096388449943
48.260181232021196	78.6955863319284
48.962141732186545	78.65974844549275
49.674312482939705	78.62345966277384
50.39684199579528	78.5867250446721
51.129880942417586	78.54954359255855
51.873582186040764	78.51190955583542
52.628100813345895	78.47381485495686
53.393594166801776	78.43524822825967
54.17022187747612	78.39619452463934
54.95814589832399	78.35664041084159
55.75753053796041	78.31658277216542
56.56854249492426	78.27603042857169
57.39135089244048	78.23499652527867
58.226127313687975	78.19348916297285
59.073045837580466	78.15151011088415
59.932283075067765	78.10906172764173
60.804018205965114	78.0661519685523
61.68843301631817	78.02279227716639
62.58571193631152	77.97899703914615
63.49604207872855	77.9347815851227
64.41961327797075	77.89015821265973
65.35661812964459	77.84513254961222
66.3072520307241	77.79970198852155
67.27171322029778	77.75385832100238
68.25020282090806	77.70759295362792
69.2429248804921	77.66090074088672
70.25008641493265	77.6137809416044
71.27189745122783	77.56623231459469
72.30857107128878	77.51824822298538
73.36032345637442	77.46981624224394
74.42737393217246	77.42092089169313
75.50994501453623	77.3715489093492
76.60826245588666	77.32169130618767
77.72255529228926	77.27134090872848
78.85305589121582	77.22049104314509
80.00000000000082	77.16913749956612
81.16362679500274	77.11728009908488
82.34417893148023	77.06492398062727
83.541902594194	77.01207871234492
84.75704754874454	76.95875717527109
85.98986719365665	76.90497978601755
87.24061861322157	76.85077895845323
88.50956263110764	76.79619877030363
89.79696386475084	76.7412905517726
91.10309078053635	76.68610540058994
92.42821574978288	76.63068073669507
93.77261510554118	76.57503410725192
95.13656920021877	76.51917196958792
96.52036246404286	76.46310299015178
97.92428346437356	76.40684166412937
99.34862496587989	76.3504022846261
100.79368399159105	76.29379198876293
102.25976188483567	76.23701122939062
103.74716437208203	76.18006090914137
105.25620162669229	76.12294724501805
106.78718833360406	76.06567984066908
108.34044375495276	76.0082658038144
109.9162917966485	75.95070535509818
111.51506107592134	75.89299521046327
113.13708498984903	75.83513921627674
114.78270178488147	75.77715545769226
116.45225462737648	75.71907884483194
118.14609167516147	75.66096313433034
119.86456615013608	75.60287735435152
121.60803641193078	75.54489251057784
123.3768660326369	75.4870639101317
125.17142387262359	75.42942957581694
126.99208415745765	75.37202155513113
128.83922655594208	75.31487315731705
130.71323625928977	75.25801618320662
132.61450406144883	75.20147702686165
134.5434264405962	75.14527738169986
136.50040564181674	75.08943404660558
138.48584976098482	75.03395249167012
140.50017282986593	74.97881818793405
142.5437949024563	74.92400843348317
144.61714214257822	74.86951620596376
146.7206469127495	74.81535474005187
148.8547478643456	74.76155490878962
151.01989002907314	74.70816913882167
153.216524911774	74.65527538703513
155.4451105845792	74.60297831660328
157.70611178243232	74.55141053791357
160.00000000000236	74.50073506574756
162.3272535900062	74.45114356308086
164.6883578629612	74.40284353178082
167.08380518838874	74.35603944378758
169.51409509748981	74.3109165897246
171.97973438731407	74.26762840784173
174.4812372264439	74.22628296039983
177.01912526221608	74.18693133242927
179.5939277295025	74.14957132147059
182.20618156107355	74.11416599688143
184.85643149956664	74.08066705510399
187.54523021108326	74.04903439527115
190.27313840043846	74.01924033275331
193.04072492808663	73.99125986333749
195.84856692874806	73.96505222254198
198.69724993176072	73.94053881890633
201.58736798318304	73.91759257563152
204.5195237696723	73.89604399815423
207.49432874416505	73.87569499384948
210.5124032533856	73.8563330825567
213.57437666720915	73.83775274207873
216.68088750990657	73.81978201865303
219.83258359329807	73.80229715621962
223.03012215184378	73.78521617895701
226.2741699796992	73.76848832685637
229.5654035697641	73.75209134501644
232.90450925475412	73.73603230139432
236.2921833503241	73.72034568749675
239.72913230027333	73.7050881890166
243.21607282386276	73.6903320017534
246.75373206527502	73.6761542105314
250.34284774524843	73.6626233512483
253.9841683149166	73.649794284629
257.67845311188546	73.63770942107784
261.42647251858085	73.62640003746745
265.22900812289896	73.61588750911115
269.08685288119375	73.60618689446059
273.0008112836349	73.59730721455867
276.97169952197106	73.5892520976162
281.00034565973334	73.58202571934346
285.0875898049141	73.57563551683614
289.23428428515797	73.5700905655617
293.44129382550057	73.56539750575196
297.7094957286928	73.56156112661662
302.0397800581479	73.55857982767564
306.4330498235497	73.5564378714805
310.89022116916016	73.55509982828535
315.41222356486645	73.55451036744213
320.00000000000654	73.55459988207248
324.6545071800142	73.55529493470175
329.3767157259242	73.55653355896344
334.16761037677935	73.55827370293875
339.02819019498156	73.56048725390563
343.95946877463007	73.56314631867387
348.9624744528898	73.56621686397337
354.03825052443415	73.56966131335658
359.187855459007	73.57344123010782
364.4123631221491	73.57751570708866
369.71286299913527	73.58183710069906
375.0904604221685	73.58635266883205
380.54627680087896	73.5910100752335
386.08144985617537	73.59576289717904
391.6971338574982	73.6005699897044
397.3944998635236	73.60539248247656
403.1747359663683	73.61019293856234
409.0390475393468	73.6149375868942
414.9886574883323	73.6195974308089
421.0248065067734	73.62414275616045
427.1487533344206	73.62853955097707
433.3617750198154	73.6327534131858
439.6651671865984	73.63675916396326
446.06024430368984	73.64055254560795
452.54833995940066	73.64415418011215
459.13080713953053	73.64760640454854
465.8090185095106	73.65097325792553
472.58436670065066	73.65434273595942
479.45826460054917	73.65781736778735
486.432145647728	73.66149175610128
493.50746413055253	73.6654298756354
500.6856954904994	73.66964846337278
507.9683366298358	73.67411118250116
515.3569062237735	73.67873338435514
522.8529450371643	73.68339738187811
530.4580162458005	73.68796619291633
538.1737057623901	73.69230888328653
546.0016225672724	73.69632181098994
553.9433990439449	73.69993406844937
562.0006913194694	73.7031019881837
570.1751796098309	73.70580780902783
578.4685685703187	73.70805881346953
586.8825876510039	73.70988197815748
595.4189914573883	73.71131887798761
604.0795601162986	73.71241823622258
612.8660996471021	73.71323121666985
621.780442338323	73.71381074297229
630.8244471297356	73.7142117300224
640.0000000000159	73.7144888610385
649.3090143600314	73.71469021242854
658.7534314518515	73.714859129368
668.3352207535618	73.71504493849227
678.0563803899662	73.71530852188091
687.9189375492632	73.71572319626895
697.9249489057827	73.71638516021456
708.0765010488715	73.71742233984766
718.3757109180171	73.71899462712292
728.8247262443015	73.72128993211201
739.425725998274	73.72451807181629
750.1809208443404	73.72890349090433
761.0925536017613	73.73468385909686
772.1628997123541	73.74211593267216
783.3942677149998	73.75148107492316
794.7889997270506	73.7630838919155
806.34947193274	73.77724466530847
818.0780950786972	73.79429326719426
829.9773149766683	73.81456615865295
842.0496130135506	73.83840253085958
854.2975066688449	73.8661363217514
866.7235500396347	73.89808468285106
879.3303343732008	73.93453810225135
892.1204886073838	73.97575269952453
905.0966799188055	74.02194436496114
918.2616142790653	74.07329278470536
931.6180370190256	74.12993395549091
945.1687334013056	74.19194900345971
958.9165292011028	74.25935965002267
972.8642912954606	74.33212032458574
987.0149282611097	74.41010583598589
1001.3713909810035	74.4931109417474
1015.9366732596762	74.58085536549663
1030.7138124475518	74.67298399636357
1045.7058900743334	74.76906933326484
1060.916032491606	74.8686215136779
1076.3474115247852	74.97110254243385
1092.0032451345498	75.0759497966249
1107.8867980878947	75.18259139405679
1124.0013826389438	75.29045827358038
1140.350359219667	75.39900888781554
1156.9371371406426	75.50774430478093
1173.765175302013	75.61622062527813
1190.837982914782	75.72405328558693
1208.1591202326028	75.8309306798447
1225.73219929421	75.93660967666423
1243.5608846766518	76.04093004555011
1261.648894259477	76.14381163117251
1280.0000000000375	76.24525384036436
1298.6180287200684	76.34532667221822
1317.5068629037087	76.44414638005331
1336.6704415071292	76.5418488035706
1356.112760779938	76.63861193249019
1375.8378750985323	76.73465597115243
1395.8498978115715	76.83023965547363
1416.153002097749	76.92565200691564
1436.7514218360407	77.02120092385502
1457.6494524886093	77.11719748511692
1478.8514519965543	77.21395585151895
1500.3618416886875	77.31178944667305
1522.1851072035295	77.41100889868116
1544.3257994247153	77.51191810997878
1566.788535430007	77.61480031683146
1589.5779994541087	77.71991738173358
1612.6989438654878	77.82750726539042
1636.156190157402	77.93777649916811
1659.9546299533442	78.05089155097781
1684.099226027109	78.16698626458705
1708.5950133376978	78.2861805850118
1733.4471000792773	78.40858173295376
1758.6606687464096	78.53427813628336
1784.2409772147755	78.66333915264022
1810.193359837619	78.79581113484386
1836.5232285581387	78.93172917222661
1863.2360740380593	79.07112777238085
1890.3374668026197	79.21403345428357
1917.833058402214	79.36045363570908
1945.7285825909298	79.51037708474458
1974.0298565222283	79.66375334330188
2002.7427819620161	79.82046724938948
2031.8733465193618	79.98034255875788
2061.4276248951132	80.14311870402125
2091.411780148677	80.30845696862123
2121.832064983222	80.47592522416588
2152.694823049581	80.64501821550061
2184.0064902691106	80.81518821249983
2215.7735961758003	80.98582004278767
2248.002765277899	81.15623091076259
2280.7007184393456	81.3256433598479
2313.874274281297	81.49318686380218
2347.530350604038	81.6578929899404
2381.6759658295764	81.81870137692849
2416.318240465218	81.97444810277473
2451.4643985884327	82.12387947714335
2487.1217693533167	82.26573147407376
2523.2977885189675	82.39877375207357
2560.0000000000887	82.52189358036885
2597.236057440151	82.63409478124402
2635.0137258074315	82.73446080764755
2673.340883014273	82.8221441314276
2712.225521559891	82.89644465051845
2751.6757501970797	82.95685393016737
2791.699795623158	83.0031528107875
2832.3060041955137	83.03540166549034
2873.502843672097	83.0539084979419
2915.2989049772345	83.05910154197485
2957.7029039931244	83.05147419687285
3000.723683377391	83.03162812445558
3044.370214407075	83.0003785403785
3088.6515988494466	82.95887456579075
3133.57707086003	82.90874074466956
3179.1559989082334	82.85221808734494
3225.3978877309914	82.79216995966505
3272.3123803148205	82.7318049774718
3319.9092599067053	82.67415438996909
3368.198452054235	82.62135876089027
3417.190026675413	82.57389279603443
3466.8942001585724	82.53011861511331
3517.3213374928373	82.48662402499949
3568.4819544295697	82.43933522961535
3620.386719675257	82.38493368497943
3673.0464571162966	82.32181423716186
3726.472148076138	82.25024250103672
3780.6749336052594	82.17194753745571
3835.6661168044484	82.08951668786435
3891.45716518188	82.0057720277672
3948.059713044477	81.92327316949913
4005.4855639240527	81.84394914132011
4063.746693038744	81.7687413560748
4122.855249790247	81.6974541614598
4182.823560297375	81.62894060797566
4243.664129966465	81.5616218023966
4305.389646099183	81.4940803909215
4368.012980538242	81.42544566777921
4431.5471923516225	81.35543848271442
4496.00553055582	81.28406017906984
4561.401436878714	81.2112797709448
4627.748548562617	81.13686018354116
4695.060701208099	81.060250064383
4763.351931659176	80.98064171250657
4832.63648093046	80.89723744332221
4902.928797176889	80.80942323128193
4974.243538706657	80.71676190712577
5046.595577037959	80.61886488383789
5120.000000000202	80.51533151921876
5194.472114880326	80.40588695433496
5270.027451614888	80.29077379496913
5346.6817660285715	80.17089814475011
5424.451043119808	80.04736112393007
5503.351500394186	79.92089585582526
5583.399591246343	79.7917080928814
5664.612008391055	79.66007023180063
5747.005687344222	79.52742226589615
5830.597809954497	79.39710474686731
5915.405807986278	79.2743140341656
6001.447366754812	79.16511331511164
6088.740428814181	79.07459701067417
6177.303197698925	79.00502815902624
6267.154141720092	78.95520513294069
6358.3119978165005	78.92099438712955
6450.795775462017	78.89647523591086
6544.624760629676	78.87566956841044
6639.818519813445	78.85427051149166
6736.396904108505	78.83152764290742
6834.380053350861	78.8119456121501
6933.788400317181	78.80612277353572
7034.642674985712	78.83009396834707
7136.963908859177	78.90289728810217
7240.773439350552	79.04310908284947
7346.092914232631	79.26542102438906
7452.944296152315	79.57719639501916
7561.349867210557	79.97351943727375
7671.332233608935	80.42973321599283
7782.914330363799	80.8932315193684
7896.119426088994	81.27468369495263
8010.971127848146	81.44707123883865
8127.49338607753	81.26620803805392
8245.710499580537	80.61261854301736
8365.647120594791	79.44073337610712
8487.328259932974	77.81092396618907
8610.77929219841	75.88124451679178
8736.025961076528	73.88108212669803
8863.094384703289	72.0645266210706
8992.011061111683	70.64541151120798
9122.802873757471	69.73319448881043
9255.497097125279	69.30305075168597
9390.121402416245	69.22867660320433
9526.7038633184	69.3545757225251
9665.272961860968	69.5549047972952
9805.857594353829	69.75552586749615
9948.487077413367	69.92666902695434
10093.19115407597	70.06463043225394
10240.000000000457	70.17665516529766
10388.944229760706	70.27500163239934
10540.05490322983	70.37271942303612
10693.363532057198	70.47957208299034
10848.902086239672	70.60098426612787
11006.703000788428	70.73542653770444
11166.799182492743	70.87309254922259
11329.224016782166	70.997136830451
11494.0113746885	71.08718466475766
11661.195619909053	71.12767166247902
11830.811615972614	71.11797638732591
12002.894733509682	71.07737804183007
12177.48085762842	71.05594534127445
12354.606395397908	71.1384112325621
12534.308283440243	71.44379738306043
12716.62399563306	72.12509679084778
12901.591550924093	73.29327738427361
13089.249521259411	74.92329060347326
13279.637039626952	76.86568561801536
13472.793808217073	78.71354046908687
13668.760106701786	79.84651215356095
13867.576800634426	79.80051847508146
14069.285349971487	78.61336860298213
14273.927817718419	76.79594871526429
14481.54687870117	74.9575708669791
14692.18582846533	73.46640281515002
14905.888592304698	72.39710941341819
15122.699734421185	71.69898948407632
15342.664467217943	71.31394034064864
15565.828660727671	71.209425370768
15792.238852178061	71.37650332071541
16021.942255696367	71.81806360260529
16254.986772155136	72.52114175942394
16491.42099916115	73.40251582983707
16731.294241189662	74.25275670234939
16974.65651986603	74.75930539932669
17221.558584396902	74.63520817688358
17472.051922153143	73.79117415825053
17726.188769406665	72.4041785075104
17984.022122223458	70.81398320062257
18245.605747515034	69.34126855322731
18510.99419425065	68.1538512437709
18780.242804832582	67.22337697762373
19053.40772663689	66.37474823990318
19330.545923722028	65.41213193393344
19611.71518870775	64.3159259481033
19896.974154826825	63.3773348607198
20186.382308152035	62.840484059356065