* Measurement data measured by REW V5.31.3
* Source: Microphone (JadeAudio JA11), MICROPHONE (Master Volume), L, volume: 0.250
* Format: 512k Log Swept Sine, 1 sweep at -14.9 dBFS with no timing reference
* Dated: Jul 25, 2025 9:38:53 PM
* REW Settings:
*  C-weighting compensation: Off
*  Target level: 75.0 dB
* Note: 
* Measurement: R Fission (S)
* Smoothing: 1/24 octave
* Frequency Step: 1/48 octave
* Start Frequency: 20.300 Hz
*
* Freq(Hz)	SPL(dB)	Phase(degrees)
20.299999	83.893	-165.3830
20.600000	83.909	-165.5584
20.900000	83.921	-165.7482
21.200001	83.930	-165.9252
21.400000	83.935	-166.0433
21.799999	83.945	-166.2963
22.000000	83.949	-166.4384
22.400000	83.955	-166.7891
22.700001	83.959	-167.0502
23.000000	83.962	-167.2945
23.299999	83.965	-167.5538
23.600000	83.965	-167.7864
24.000000	83.965	-168.0689
24.299999	83.962	-168.3226
24.700001	83.958	-168.6800
25.000000	83.955	-168.9600
25.400000	83.955	-169.3797
25.799999	83.957	-169.7661
26.200001	83.961	-170.1093
26.500000	83.965	-170.3447
26.900000	83.969	-170.6449
27.200001	83.973	-170.8798
27.600000	83.980	-171.2209
28.000000	83.991	-171.5733
28.500000	84.003	-171.9368
29.000000	84.007	-172.1682
29.500000	84.002	-172.3111
30.000000	84.000	-172.5082
30.400000	84.005	-172.7602
30.700001	84.012	-172.9854
31.100000	84.021	-173.2845
31.500000	84.024	-173.5391
32.000000	84.020	-173.7624
32.500000	84.015	-173.9862
33.000000	84.014	-174.2495
33.500000	84.011	-174.5651
34.000000	84.002	-174.8441
34.500000	83.992	-175.0797
35.000000	83.988	-175.2950
35.500000	83.989	-175.5474
36.000000	83.986	-175.8340
36.500000	83.978	-176.1267
37.000000	83.971	-176.3992
37.500000	83.971	-176.6426
38.200001	83.978	-176.9623
38.700001	83.975	-177.1829
39.500000	83.963	-177.5131
40.000000	83.960	-177.6883
40.599998	83.961	-177.8823
41.200001	83.959	-178.0771
41.799999	83.951	-178.2827
42.500000	83.940	-178.5152
43.099998	83.929	-178.7148
43.700001	83.915	-178.9337
44.400002	83.904	-179.1550
45.000000	83.902	-179.2819
45.500000	83.902	-179.3922
46.200001	83.894	-179.6547
46.799999	83.881	-179.9535
47.500000	83.867	179.7520
48.200001	83.858	179.5505
48.700001	83.850	179.4178
49.400002	83.838	179.2158
50.000000	83.828	179.0417
50.799999	83.820	178.8011
51.500000	83.811	178.5760
52.200001	83.797	178.3685
53.000000	83.785	178.2048
53.799999	83.782	178.0826
54.500000	83.776	177.9319
55.200001	83.764	177.7386
56.000000	83.743	177.4930
57.000000	83.718	177.1312
58.000000	83.710	176.8793
59.000000	83.700	176.4587
60.000000	83.680	175.8130
60.799999	83.668	175.7695
61.500000	83.656	175.9678
62.200001	83.642	176.0030
63.000000	83.627	175.8328
64.000000	83.608	175.6638
65.000000	83.592	175.5573
66.000000	83.581	175.3882
67.000000	83.567	175.1500
68.000000	83.554	174.9154
69.000000	83.534	174.7074
70.000000	83.513	174.5463
71.000000	83.497	174.3876
72.000000	83.481	174.1989
73.000000	83.469	174.0158
74.000000	83.456	173.8663
75.000000	83.438	173.7162
76.199997	83.415	173.4941
77.500000	83.396	173.2516
78.800003	83.375	173.0477
80.000000	83.356	172.9110
81.199997	83.335	172.7565
82.500000	83.311	172.6017
83.800003	83.293	172.4420
85.000000	83.275	172.2632
86.199997	83.253	172.0838
87.500000	83.227	171.8912
88.500000	83.207	171.7538
90.000000	83.170	171.5362
91.199997	83.146	171.3673
92.500000	83.130	171.2317
93.800003	83.116	171.1175
95.000000	83.097	171.0116
96.199997	83.073	170.8655
97.500000	83.045	170.7029
98.800003	83.021	170.5726
100.000000	83.003	170.4423
101.500000	82.983	170.2904
103.000000	82.957	170.1374
104.400002	82.930	169.9613
106.000000	82.898	169.7939
107.500000	82.870	169.7010
109.000000	82.848	169.5559
110.599998	82.828	169.3912
112.000000	82.803	169.2633
113.800003	82.772	169.0907
115.000000	82.752	168.9827
117.199997	82.710	168.8331
118.000000	82.691	168.7783
120.599998	82.628	168.6293
122.000000	82.609	168.5160
124.099998	82.579	168.3572
125.000000	82.564	168.3059
126.500000	82.536	168.2244
128.000000	82.505	168.1096
131.500000	82.444	167.8481
132.000000	82.435	167.8240
134.000000	82.399	167.8049
136.000000	82.354	167.7874
138.000000	82.320	167.6442
140.000000	82.302	167.5176
143.000000	82.248	167.4499
145.000000	82.209	167.3711
147.500000	82.168	167.2368
150.000000	82.123	167.0972
152.500000	82.077	166.9815
155.000000	82.033	166.9021
157.500000	81.988	166.7691
160.000000	81.937	166.6448
162.500000	81.884	166.6041
165.000000	81.834	166.5811
167.500000	81.787	166.5693
170.000000	81.740	166.5704
172.500000	81.694	166.6049
175.000000	81.658	166.6820
177.500000	81.628	166.7206
180.000000	81.599	166.6736
182.500000	81.570	166.6681
185.000000	81.535	166.6484
187.500000	81.497	166.6373
190.000000	81.458	166.6613
192.500000	81.417	166.7101
195.000000	81.380	166.7883
197.500000	81.349	166.8022
200.000000	81.323	166.7850
203.000000	81.291	166.8162
206.000000	81.258	166.8340
209.000000	81.232	166.7934
212.000000	81.204	166.7792
214.000000	81.181	166.7659
218.000000	81.127	166.7174
220.000000	81.100	166.7261
224.000000	81.050	166.7715
227.000000	81.013	166.7948
230.000000	80.974	166.7736
233.000000	80.934	166.7514
236.000000	80.894	166.7754
240.000000	80.839	166.7942
243.000000	80.796	166.8342
247.000000	80.743	166.8876
250.000000	80.705	166.9247
254.000000	80.654	166.9984
258.000000	80.603	167.0759
262.000000	80.554	167.1515
265.000000	80.516	167.2051
269.000000	80.466	167.3027
272.000000	80.431	167.3893
276.000000	80.383	167.4820
280.000000	80.335	167.5881
285.000000	80.274	167.7346
290.000000	80.217	167.8959
295.000000	80.158	168.0850
300.000000	80.100	168.2753
304.000000	80.056	168.4126
307.000000	80.024	168.5184
311.000000	79.983	168.6711
315.000000	79.943	168.8279
320.000000	79.896	169.0263
325.000000	79.848	169.2192
330.000000	79.797	169.4209
335.000000	79.745	169.6631
340.000000	79.697	169.8806
345.000000	79.652	170.0629
350.000000	79.607	170.2691
355.000000	79.562	170.5042
360.000000	79.517	170.7281
365.000000	79.475	170.9647
370.000000	79.434	171.2166
375.000000	79.394	171.4581
382.000000	79.337	171.7912
387.000000	79.297	172.0374
395.000000	79.235	172.4382
400.000000	79.199	172.7112
406.000000	79.154	173.0325
412.000000	79.109	173.3397
418.000000	79.067	173.6681
425.000000	79.020	174.0369
431.000000	78.982	174.3573
437.000000	78.944	174.6782
444.000000	78.898	175.0504
450.000000	78.860	175.3851
455.000000	78.830	175.6747
462.000000	78.789	176.0664
468.000000	78.752	176.4068
475.000000	78.709	176.8042
482.000000	78.669	177.2297
487.000000	78.642	177.5446
494.000000	78.607	177.9931
500.000000	78.579	178.3780
508.000000	78.546	178.8669
515.000000	78.517	179.2954
522.000000	78.492	179.7237
530.000000	78.464	-179.7923
538.000000	78.435	-179.3143
545.000000	78.409	-178.8903
552.000000	78.385	-178.4603
560.000000	78.359	-177.9694
570.000000	78.327	-177.3600
580.000000	78.297	-176.7400
590.000000	78.268	-176.1061
600.000000	78.242	-175.4791
608.000000	78.223	-174.9691
615.000000	78.207	-174.5174
622.000000	78.192	-174.0648
630.000000	78.175	-173.5499
640.000000	78.157	-172.9128
650.000000	78.142	-172.2647
660.000000	78.128	-171.6114
670.000000	78.115	-170.9556
680.000000	78.106	-170.2953
690.000000	78.098	-169.6325
700.000000	78.091	-168.9720
710.000000	78.086	-168.3086
720.000000	78.083	-167.6388
730.000000	78.082	-166.9599
740.000000	78.084	-166.2759
750.000000	78.089	-165.5857
762.000000	78.098	-164.7528
775.000000	78.111	-163.8416
788.000000	78.128	-162.9305
800.000000	78.149	-162.0819
812.000000	78.174	-161.2295
825.000000	78.206	-160.3102
838.000000	78.243	-159.3906
850.000000	78.282	-158.5431
862.000000	78.326	-157.7025
875.000000	78.379	-156.8033
885.000000	78.424	-156.1159
900.000000	78.498	-155.0995
912.000000	78.561	-154.2987
925.000000	78.635	-153.4529
938.000000	78.715	-152.6322
950.000000	78.792	-151.8959
962.000000	78.873	-151.1791
975.000000	78.966	-150.4303
988.000000	79.063	-149.7131
1000.000000	79.155	-149.0806
1015.000000	79.274	-148.3306
1030.000000	79.397	-147.6326
1044.000000	79.514	-147.0244
1060.000000	79.651	-146.3793
1075.000000	79.780	-145.8270
1090.000000	79.909	-145.3252
1106.000000	80.048	-144.8366
1120.000000	80.168	-144.4513
1138.000000	80.321	-144.0152
1150.000000	80.421	-143.7524
1172.000000	80.602	-143.3271
1180.000000	80.666	-143.1920
1206.000000	80.870	-142.8131
1220.000000	80.976	-142.6410
1241.000000	81.130	-142.4206
1250.000000	81.194	-142.3365
1265.000000	81.299	-142.2070
1280.000000	81.400	-142.0892
1315.000000	81.628	-141.8683
1320.000000	81.659	-141.8397
1340.000000	81.782	-141.7281
1360.000000	81.901	-141.6266
1380.000000	82.016	-141.5378
1400.000000	82.128	-141.4480
1430.000000	82.291	-141.3145
1450.000000	82.397	-141.2270
1475.000000	82.527	-141.1225
1500.000000	82.655	-141.0135
1525.000000	82.781	-140.9055
1550.000000	82.907	-140.7981
1575.000000	83.032	-140.6929
1600.000000	83.157	-140.5886
1625.000000	83.282	-140.4873
1650.000000	83.409	-140.3914
1675.000000	83.536	-140.3063
1700.000000	83.663	-140.2311
1725.000000	83.792	-140.1671
1750.000000	83.921	-140.1137
1775.000000	84.052	-140.0743
1800.000000	84.184	-140.0505
1825.000000	84.317	-140.0447
1850.000000	84.450	-140.0577
1875.000000	84.585	-140.0912
1900.000000	84.721	-140.1452
1925.000000	84.857	-140.2177
1950.000000	84.994	-140.3121
1975.000000	85.133	-140.4322
2000.000000	85.271	-140.5803
2030.000000	85.439	-140.7914
2060.000000	85.606	-141.0452
2090.000000	85.774	-141.3438
2120.000000	85.942	-141.6891
2140.000000	86.052	-141.9469
2180.000000	86.272	-142.5284
2200.000000	86.380	-142.8497
2240.000000	86.594	-143.5592
2270.000000	86.750	-144.1470
2300.000000	86.904	-144.7847
2330.000000	87.052	-145.4719
2360.000000	87.196	-146.2060
2400.000000	87.380	-147.2563
2430.000000	87.511	-148.0966
2470.000000	87.674	-149.2798
2500.000000	87.788	-150.2114
2540.000000	87.926	-151.5028
2580.000000	88.048	-152.8369
2620.000000	88.155	-154.2013
2650.000000	88.226	-155.2422
2690.000000	88.305	-156.6472
2720.000000	88.354	-157.7058
2760.000000	88.404	-159.1128
2800.000000	88.439	-160.5052
2850.000000	88.461	-162.2086
2900.000000	88.462	-163.8567
2950.000000	88.444	-165.4344
3000.000000	88.408	-166.9297
3040.000000	88.369	-168.0624
3070.000000	88.335	-168.8746
3110.000000	88.281	-169.9072
3150.000000	88.220	-170.8776
3200.000000	88.135	-171.9760
3250.000000	88.046	-172.9485
3300.000000	87.958	-173.8027
3350.000000	87.875	-174.5487
3400.000000	87.805	-175.2271
3450.000000	87.746	-175.9009
3500.000000	87.693	-176.6293
3550.000000	87.635	-177.4184
3600.000000	87.565	-178.2280
3650.000000	87.483	-179.0096
3700.000000	87.392	-179.7303
3750.000000	87.295	179.6166
3820.000000	87.153	178.8177
3870.000000	87.051	178.3258
3950.000000	86.892	177.6644
4000.000000	86.797	177.3193
4060.000000	86.690	176.9477
4120.000000	86.590	176.5933
4180.000000	86.494	176.2374
4250.000000	86.383	175.8212
4310.000000	86.287	175.4768
4370.000000	86.189	175.1505
4440.000000	86.075	174.7976
4500.000000	85.978	174.5168
4550.000000	85.897	174.2961
4620.000000	85.784	174.0021
4680.000000	85.688	173.7580
4750.000000	85.574	173.4817
4820.000000	85.457	173.2224
4870.000000	85.372	173.0535
4940.000000	85.250	172.8442
5000.000000	85.144	172.6890
5080.000000	85.000	172.5161
5150.000000	84.872	172.3968
5220.000000	84.739	172.3130
5300.000000	84.582	172.2842
5380.000000	84.425	172.3488
5450.000000	84.289	172.4763
5520.000000	84.156	172.6554
5600.000000	84.006	172.9146
5700.000000	83.818	173.3423
5800.000000	83.633	173.9373
5900.000000	83.460	174.7379
6000.000000	83.313	175.7215
6080.000000	83.219	176.5969
6150.000000	83.157	177.3923
6220.000000	83.111	178.1895
6300.000000	83.079	179.0775
6400.000000	83.060	-179.8760
6500.000000	83.058	-178.9038
6600.000000	83.066	-177.9812
6700.000000	83.080	-177.0565
6800.000000	83.103	-176.0597
6900.000000	83.144	-174.9245
7000.000000	83.220	-173.6180
7100.000000	83.353	-172.1699
7200.000000	83.562	-170.6845
7300.000000	83.861	-169.3102
7400.000000	84.256	-168.2218
7500.000000	84.749	-167.6206
7620.000000	85.459	-167.8824
7750.000000	86.338	-169.8706
7880.000000	87.237	-174.1992
8000.000000	87.946	179.4272
8120.000000	88.371	171.0018
8250.000000	88.350	160.5984
8380.000000	87.781	150.5018
8500.000000	86.859	142.7674
8620.000000	85.707	137.1683
8750.000000	84.365	133.5003
8850.000000	83.345	132.1287
9000.000000	81.910	131.8716
9120.000000	80.869	132.8068
9250.000000	79.854	134.6124
9380.000000	78.951	136.9971
9500.000000	78.210	139.5520
9620.000000	77.548	142.3409
9750.000000	76.911	145.5331
9880.000000	76.348	148.8397
10000.000000	75.888	151.9550
10150.000000	75.384	155.8979
10300.000000	74.953	159.8649
10440.000000	74.614	163.5623
10600.000000	74.301	167.7278
10750.000000	74.075	171.4966
10900.000000	73.908	175.0545
11060.000000	73.781	178.5374
11200.000000	73.699	-178.7107
11380.000000	73.604	-175.5641
11500.000000	73.531	-173.6509
11720.000000	73.355	-170.2522
11800.000000	73.276	-168.9467
12060.000000	73.003	-163.9058
12200.000000	72.891	-160.4531
12410.000000	72.880	-154.1746
12500.000000	72.969	-151.1258
12650.000000	73.296	-145.7670
12800.000000	73.899	-140.4223
13150.000000	76.613	-132.2429
13200.000000	77.138	-132.1863
13400.000000	79.333	-136.5697
13600.000000	81.029	-149.0879
13800.000000	81.397	-166.4445
14000.000000	80.296	178.2641
14300.000000	77.365	167.9535
14500.000000	75.548	168.3072
14750.000000	73.851	172.8208
15000.000000	72.737	179.2220
15250.000000	72.083	-173.8030
15500.000000	71.813	-166.9077
15750.000000	71.884	-160.6124
16000.000000	72.278	-155.5122
16250.000000	72.969	-152.4273
16500.000000	73.868	-152.4699
16750.000000	74.749	-156.6872
17000.000000	75.249	-165.0905
17250.000000	75.033	-175.7954
17500.000000	74.047	174.2889
17750.000000	72.560	167.4370
18000.000000	70.957	163.9931
18250.000000	69.529	162.8624
18500.000000	68.391	162.4823
18750.000000	67.511	161.5061
19000.000000	66.753	159.1845
19250.000000	65.947	155.5268
19500.000000	64.967	151.2086
19750.000000	63.845	147.2085
20000.000000	63.020	144.7048
