20	85.44553337529312
20.290906698750476	85.41878587696306
20.586044732869844	85.43556986374894
20.885475648548283	85.45598865812303
21.189261887185914	85.47784898781873
21.49746679841394	85.50115968675046
21.810154653305165	85.52595986495365
22.12739065777668	85.54844088454873
22.449240966187475	85.56856461037376
22.77577269513385	85.58280798280691
23.107053937445478	85.59176820061755
23.44315377638505	85.59706519396828
23.784142300054445	85.60042523785008
24.130090616010463	85.60305183828929
24.481070866093134	85.60454416168149
24.837156241469714	85.6056636539475
25.1984209978975	85.60714675006683
25.56494047120865	85.60895903696698
25.936791093020236	85.61198001075475
26.3140504066728	85.61608646241844
26.69679708340074	85.62117538402055
27.08511093873791	85.62673827416836
27.47907294916184	85.63292031018673
27.878765268980047	85.63982594972836
28.284271247461966	85.64871587341534
28.695675446220072	85.65727055533661
29.11306365684382	85.66312527338947
29.536522918790062	85.66491056669965
29.966141537533712	85.6633531896365
30.402009102982383	85.6601380007147
30.844216508158908	85.65619148066871
31.29285596815558	85.65136989458776
31.74802103936409	85.64307609480454
32.20980663898519	85.63103360823949
32.67830906482211	85.61537763204385
33.153626015361866	85.59875691986338
33.63585661014871	85.5835636866779
34.125101410453844	85.57011955171318
34.62146244024586	85.55874600562157
35.12504320746613	85.54751611107453
35.635948725613716	85.53487231519195
36.15428553564419	85.52137172415144
36.68016172818701	85.50926261753719
37.21368696608603	85.50011978175688
37.754972507267915	85.4927516048666
38.30413122794313	85.48452180792839
38.86127764614443	85.47008811504871
39.4265279456077	85.45337536933326
40.000000000000206	85.43712393070177
40.58181339750116	85.42427824604444
41.1720894657399	85.41126469053067
41.77095129709678	85.39520401923956
42.37852377437204	85.37653699902573
42.9949335968281	85.35783525800619
43.62030930661056	85.33970355332835
44.25478131555359	85.32057925656362
44.89848193237519	85.3009629701254
45.55154539026795	85.28482169585183
46.21410787489121	85.27132812427125
46.88630755277036	85.2563683735611
47.56828460010916	85.23841420566875
48.260181232021196	85.21943273390954
48.962141732186545	85.20116299403254
49.674312482939705	85.18245824668047
50.39684199579528	85.16431602741608
51.129880942417586	85.14670466663165
51.873582186040764	85.1292273042403
52.628100813345895	85.11071515900956
53.393594166801776	85.09092134880035
54.17022187747612	85.0693451654513
54.95814589832399	85.04934126774357
55.75753053796041	85.031169031463
56.56854249492426	85.00622353271864
57.39135089244048	84.97971515916551
58.226127313687975	84.95451068168234
59.073045837580466	84.92859388560223
59.932283075067765	84.89968379239862
60.804018205965114	84.88833734927216
61.68843301631817	84.87905601146176
62.58571193631152	84.85740161833837
63.49604207872855	84.83272847018326
64.41961327797075	84.80790033904748
65.35661812964459	84.78246220591605
66.3072520307241	84.75717726862406
67.27171322029778	84.73180283310981
68.25020282090806	84.70452504882601
69.2429248804921	84.67594260843391
70.25008641493265	84.6459597115882
71.27189745122783	84.61475079705713
72.30857107128878	84.58332685641619
73.36032345637442	84.55242754843866
74.42737393217246	84.52118822951748
75.50994501453623	84.48837888625077
76.60826245588666	84.45415119397634
77.72255529228926	84.41810626622828
78.85305589121582	84.37988461146469
80.00000000000082	84.34253550128957
81.16362679500274	84.30226728104466
82.34417893148023	84.25917459898129
83.541902594194	84.21648168228786
84.75704754874454	84.17444669563275
85.98986719365665	84.12998946402435
87.24061861322157	84.0838408566874
88.50956263110764	84.03433920591392
89.79696386475084	83.98374089125412
91.10309078053635	83.93222480101427
92.42821574978288	83.87843419702929
93.77261510554118	83.82104492836882
95.13656920021877	83.76400772904732
96.52036246404286	83.70742030497891
97.92428346437356	83.64817659578463
99.34862496587989	83.58480168804381
100.79368399159105	83.51984765611981
102.25976188483567	83.45389305200706
103.74716437208203	83.38648696880479
105.25620162669229	83.31728087976629
106.78718833360406	83.2451722729527
108.34044375495276	83.16949283777072
109.9162917966485	83.09268495397245
111.51506107592134	83.0152783446205
113.13708498984903	82.93593996804651
114.78270178488147	82.85451209666992
116.45225462737648	82.77023395097015
118.14609167516147	82.68266265815446
119.86456615013608	82.59426010984247
121.60803641193078	82.50480883931495
123.3768660326369	82.41477857264438
125.17142387262359	82.32289801188163
126.99208415745765	82.22908003705743
128.83922655594208	82.13355408081202
130.71323625928977	82.03529713257768
132.61450406144883	81.93704554975669
134.5434264405962	81.83802238727502
136.50040564181674	81.73812128157454
138.48584976098482	81.63916515119641
140.50017282986593	81.53971514847977
142.5437949024563	81.43417715910724
144.61714214257822	81.3274714561695
146.7206469127495	81.22252110783408
148.8547478643456	81.1170637163684
151.01989002907314	81.0109178749021
153.216524911774	80.90543966995901
155.4451105845792	80.80195498999232
157.70611178243232	80.69943737505652
160.00000000000236	80.59738128347395
162.3272535900062	80.49693022891222
164.6883578629612	80.39825780304926
167.08380518838874	80.30162183877276
169.51409509748981	80.20647415231166
171.97973438731407	80.11448637956437
174.4812372264439	80.02390610651592
177.01912526221608	79.93268969481768
179.5939277295025	79.84382561360674
182.20618156107355	79.76365544841599
184.85643149956664	79.68909367813387
187.54523021108326	79.61346783213338
190.27313840043846	79.54138583132307
193.04072492808663	79.47122457624856
195.84856692874806	79.40437327198035
198.69724993176072	79.34181295098105
201.58736798318304	79.2832901196394
204.5195237696723	79.22757621310974
207.49432874416505	79.17538777469264
210.5124032533856	79.12966798979139
213.57437666720915	79.08782356190541
216.68088750990657	79.03721613769227
219.83258359329807	78.9879374982569
223.03012215184378	78.9503916719183
226.2741699796992	78.92433352304232
229.5654035697641	78.91108397098012
232.90450925475412	78.90484142141565
236.2921833503241	78.89688306088256
239.72913230027333	78.89312022434649
243.21607282386276	78.9010146775701
246.75373206527502	78.91064516848772
250.34284774524843	78.91887653092807
253.9841683149166	78.92973390983815
257.67845311188546	78.94037595936187
261.42647251858085	78.94205335452654
265.22900812289896	78.94107127245567
269.08685288119375	78.9400627331949
273.0008112836349	78.94810844984231
276.97169952197106	78.96261288367796
281.00034565973334	78.97738265664464
285.0875898049141	78.98673902403684
289.23428428515797	78.98949662367085
293.44129382550057	78.99109665109091
297.7094957286928	78.99193323473301
302.0397800581479	78.99205924107432
306.4330498235497	78.99272073729949
310.89022116916016	78.99436686414145
315.41222356486645	78.99566283448705
320.00000000000654	78.99582773576785
324.6545071800142	78.99506037799405
329.3767157259242	78.99323879413289
334.16761037677935	78.99199903299426
339.02819019498156	78.99073392551716
343.95946877463007	78.98934604770389
348.9624744528898	78.98628555192732
354.03825052443415	78.98354235569448
359.187855459007	78.98015891272628
364.4123631221491	78.97661395257155
369.71286299913527	78.97127664274784
375.0904604221685	78.96585208943586
380.54627680087896	78.95948456735265
386.08144985617537	78.95180138100355
391.6971338574982	78.94427560114005
397.3944998635236	78.93593230907595
403.1747359663683	78.92674471158546
409.0390475393468	78.91597509031648
414.9886574883323	78.90459435681052
421.0248065067734	78.89236512507668
427.1487533344206	78.87850988682995
433.3617750198154	78.86417755160119
439.6651671865984	78.85009842111775
446.06024430368984	78.8356048989646
452.54833995940066	78.82300820891105
459.13080713953053	78.81503015644199
465.8090185095106	78.81062688617955
472.58436670065066	78.81048247453647
479.45826460054917	78.80993846441386
486.432145647728	78.80543010421256
493.50746413055253	78.79645626390239
500.6856954904994	78.78373303370222
507.9683366298358	78.77028391132305
515.3569062237735	78.75428823627834
522.8529450371643	78.73987304868169
530.4580162458005	78.72541425945408
538.1737057623901	78.71121290311267
546.0016225672724	78.6964325026645
553.9433990439449	78.68111846507915
562.0006913194694	78.66530046739724
570.1751796098309	78.65110372079414
578.4685685703187	78.6370920500885
586.8825876510039	78.62373323017525
595.4189914573883	78.61054422566318
604.0795601162986	78.59734525225622
612.8660996471021	78.58457884736734
621.780442338323	78.57321940458635
630.8244471297356	78.56263032313518
640.0000000000159	78.55249441779915
649.3090143600314	78.54299505124602
658.7534314518515	78.53491882260818
668.3352207535618	78.52754929971553
678.0563803899662	78.52008787602234
687.9189375492632	78.5140273706851
697.9249489057827	78.50823396255304
708.0765010488715	78.50315829250106
718.3757109180171	78.50075803225944
728.8247262443015	78.50072893407402
739.425725998274	78.50205484775476
750.1809208443404	78.50573044067168
761.0925536017613	78.51253198915542
772.1628997123541	78.52138326923135
783.3942677149998	78.532158653284
794.7889997270506	78.54559944424932
806.34947193274	78.56211455556843
818.0780950786972	78.58115053136007
829.9773149766683	78.60315888032893
842.0496130135506	78.62897987642354
854.2975066688449	78.6582665546828
866.7235500396347	78.69162596777845
879.3303343732008	78.72919570788963
892.1204886073838	78.77122340733362
905.0966799188055	78.81677713215336
918.2616142790653	78.86716143148662
931.6180370190256	78.92171881254218
945.1687334013056	78.9800286356246
958.9165292011028	79.04222575887516
972.8642912954606	79.10785191755247
987.0149282611097	79.17705299158548
1001.3713909810035	79.24795897050866
1015.9366732596762	79.32214525835872
1030.7138124475518	79.39819262517562
1045.7058900743334	79.47541023944795
1060.916032491606	79.55299512802779
1076.3474115247852	79.62987604777145
1092.0032451345498	79.70734148381362
1107.8867980878947	79.78243703344245
1124.0013826389438	79.85539344332831
1140.350359219667	79.92500078362754
1156.9371371406426	79.99069621892221
1173.765175302013	80.0534284429083
1190.837982914782	80.11123592160156
1208.1591202326028	80.167619385926
1225.73219929421	80.22107506057235
1243.5608846766518	80.27328033985671
1261.648894259477	80.32423563564353
1280.0000000000375	80.3755712682611
1298.6180287200684	80.42756794618153
1317.5068629037087	80.48584774523006
1336.6704415071292	80.54601975369093
1356.112760779938	80.6135169210773
1375.8378750985323	80.68857778373219
1395.8498978115715	80.77158675566344
1416.153002097749	80.86325755082458
1436.7514218360407	80.96525884533706
1457.6494524886093	81.07718795317852
1478.8514519965543	81.19902120933774
1500.3618416886875	81.33167351199401
1522.1851072035295	81.47686260317747
1544.3257994247153	81.63358620309499
1566.788535430007	81.7993430733542
1589.5779994541087	81.97052710558049
1612.6989438654878	82.14363350395136
1636.156190157402	82.31485732753025
1659.9546299533442	82.48229705062555
1684.099226027109	82.64578602551087
1708.5950133376978	82.80477948006173
1733.4471000792773	82.96001892479978
1758.6606687464096	83.11115503267725
1784.2409772147755	83.25867015463294
1810.193359837619	83.40379373934691
1836.5232285581387	83.54741079864445
1863.2360740380593	83.68982110958196
1890.3374668026197	83.83171867559712
1917.833058402214	83.97349456929821
1945.7285825909298	84.1151579058149
1974.0298565222283	84.25919529220553
2002.7427819620161	84.4032777280633
2031.8733465193618	84.54847481186435
2061.4276248951132	84.69611383255119
2091.411780148677	84.84364407213397
2121.832064983222	84.99198573820377
2152.694823049581	85.13880693577333
2184.0064902691106	85.28617065865515
2215.7735961758003	85.43234259850968
2248.002765277899	85.57766639117847
2280.7007184393456	85.72076828678445
2313.874274281297	85.86044584685162
2347.530350604038	85.99697408770936
2381.6759658295764	86.12875726349944
2416.318240465218	86.25611092068587
2451.4643985884327	86.37482784164635
2487.1217693533167	86.48620587488054
2523.2977885189675	86.5873313823552
2560.0000000000887	86.67976981368263
2597.236057440151	86.76504561783851
2635.0137258074315	86.84702133755997
2673.340883014273	86.93479198443127
2712.225521559891	87.03332918054437
2751.6757501970797	87.13951284015354
2791.699795623158	87.24025387832748
2832.3060041955137	87.3286990571066
2873.502843672097	87.40964356752171
2915.2989049772345	87.48199293231058
2957.7029039931244	87.54101179489648
3000.723683377391	87.57869867729089
3044.370214407075	87.58855954845959
3088.6515988494466	87.57549369403799
3133.57707086003	87.5424527075854
3179.1559989082334	87.48751941246584
3225.3978877309914	87.4176949091937
3272.3123803148205	87.3387941005462
3319.9092599067053	87.25632702218816
3368.198452054235	87.171261707212
3417.190026675413	87.08082881152275
3466.8942001585724	86.98585294048746
3517.3213374928373	86.89118828322837
3568.4819544295697	86.80063943675236
3620.386719675257	86.71424874702566
3673.0464571162966	86.6280473604931
3726.472148076138	86.5370205763655
3780.6749336052594	86.4361161195791
3835.6661168044484	86.3252973013577
3891.45716518188	86.20623899942035
3948.059713044477	86.08432131748592
4005.4855639240527	85.97949892648317
4063.746693038744	85.90081565033219
4122.855249790247	85.85399585233117
4182.823560297375	85.83215396076594
4243.664129966465	85.82053534061576
4305.389646099183	85.805247014722
4368.012980538242	85.77917442667173
4431.5471923516225	85.74026989854623
4496.00553055582	85.69097945544986
4561.401436878714	85.63291584123061
4627.748548562617	85.56620833443617
4695.060701208099	85.49245020340659
4763.351931659176	85.41215033305147
4832.63648093046	85.32427790680177
4902.928797176889	85.22572168210075
4974.243538706657	85.11538418882658
5046.595577037959	84.99234200049224
5120.000000000202	84.86329933222859
5194.472114880326	84.7334766774313
5270.027451614888	84.60463605151283
5346.6817660285715	84.47344340683547
5424.451043119808	84.33244498918798
5503.351500394186	84.16915253234914
5583.399591246343	83.9749976147846
5664.612008391055	83.74571866250456
5747.005687344222	83.49388750441057
5830.597809954497	83.22479361019991
5915.405807986278	82.94616687952055
6001.447366754812	82.6661704689681
6088.740428814181	82.39183196420558
6177.303197698925	82.13052351732337
6267.154141720092	81.88772117265802
6358.3119978165005	81.66861697837294
6450.795775462017	81.47426381267829
6544.624760629676	81.30609270588137
6639.818519813445	81.16479220491912
6736.396904108505	81.05023414388316
6834.380053350861	80.96136719941246
6933.788400317181	80.89639433640103
7034.642674985712	80.85443775573583
7136.963908859177	80.8332959926013
7240.773439350552	80.83120088705321
7346.092914232631	80.84473689613964
7452.944296152315	80.86963366810674
7561.349867210557	80.90205751732584
7671.332233608935	80.93113484253998
7782.914330363799	80.94373103917218
7896.119426088994	80.9240648140052
8010.971127848146	80.84652759957955
8127.49338607753	80.68871530642987
8245.710499580537	80.4378878971578
8365.647120594791	80.06341495726909
8487.328259932974	79.5742175254921
8610.77929219841	78.96114752422065
8736.025961076528	78.27766873315737
8863.094384703289	77.65840796941661
8992.011061111683	77.2357191989736
9122.802873757471	77.13784652374083
9255.497097125279	77.37205405987034
9390.121402416245	77.81205984087364
9526.7038633184	78.30779018533411
9665.272961860968	78.73674409952409
9805.857594353829	79.0382888575455
9948.487077413367	79.19311253713482
10093.19115407597	79.21176322594918
10240.000000000457	79.1492369730849
10388.944229760706	79.05401206737473
10540.05490322983	78.98643927133485
10693.363532057198	78.98654507271009
10848.902086239672	79.07915660851711
11006.703000788428	79.25267962004003
11166.799182492743	79.46572647766199
11329.224016782166	79.67342276067126
11494.0113746885	79.85132429185067
11661.195619909053	79.98786302140314
11830.811615972614	80.1279055425613
12002.894733509682	80.30177617508102
12177.48085762842	80.54086809332662
12354.606395397908	80.92467969167807
12534.308283440243	81.43775586350338
12716.62399563306	82.14546980514079
12901.591550924093	83.11044612747938
13089.249521259411	84.21279345895184
13279.637039626952	85.44459484048718
13472.793808217073	86.61045021101322
13668.760106701786	87.2864825955741
13867.576800634426	87.11103067574888
14069.285349971487	86.01895663178236
14273.927817718419	84.39601722745226
14481.54687870117	82.62992024821307
14692.18582846533	81.04323537529456
14905.888592304698	79.71914534928199
15122.699734421185	78.67274160059435
15342.664467217943	77.90044916044818
15565.828660727671	77.3990500158538
15792.238852178061	77.17965329411557
16021.942255696367	77.27576457688133
16254.986772155136	77.75348678210648
16491.42099916115	78.74270507125368
16731.294241189662	80.24886803909588
16974.65651986603	81.81314331950485
17221.558584396902	82.40399933088395
17472.051922153143	81.14354494937291
17726.188769406665	78.17728979822255
17984.022122223458	74.41696499632997
18245.605747515034	70.71473611906733
18510.99419425065	67.45461063282418
18780.242804832582	64.59981847792537
19053.40772663689	62.0320370724193
19330.545923722028	59.66523607702926
19611.71518870775	57.49350334832876
19896.974154826825	55.83637447410977
20186.382308152035	55.3731067449757