20	85.79953337529312
20.290906698750476	85.77278587696306
20.586044732869844	85.78956986374894
20.885475648548283	85.80998865812303
21.189261887185914	85.82992058166549
21.49746679841394	85.84747934309321
21.810154653305165	85.86360441886518
22.12739065777668	85.87402678159322
22.449240966187475	85.8805949782917
22.77577269513385	85.88278739753473
23.107053937445478	85.8836271147317
23.44315377638505	85.88267928898155
23.784142300054445	85.8811234590994
24.130090616010463	85.87845001729636
24.481070866093134	85.87337541986858
24.837156241469714	85.8674633543122
25.1984209978975	85.86167438260362
25.56494047120865	85.85707257150466
25.936791093020236	85.8539281396188
26.3140504066728	85.85294596455006
26.69679708340074	85.85322342776955
27.08511093873791	85.85265310213997
27.47907294916184	85.85133885724986
27.878765268980047	85.85025064434876
28.284271247461966	85.84989336347624
28.695675446220072	85.84935704641221
29.11306365684382	85.84731625487997
29.536522918790062	85.84225315416144
29.966141537533712	85.83296264196089
30.402009102982383	85.82109781878897
30.844216508158908	85.80866770296649
31.29285596815558	85.79695919498583
31.74802103936409	85.7835958844109
32.20980663898519	85.76693554184963
32.67830906482211	85.74588130513634
33.153626015361866	85.72199165158686
33.63585661014871	85.69838998091552
34.125101410453844	85.67661752350409
34.62146244024586	85.65531675681666
35.12504320746613	85.63476550617001
35.635948725613716	85.61605662283827
36.15428553564419	85.60006315308014
36.68016172818701	85.58546100025532
37.21368696608603	85.5697007902995
37.754972507267915	85.55192367016895
38.30413122794313	85.53206398473718
38.86127764614443	85.50987055839228
39.4265279456077	85.48538561134396
40.000000000000206	85.46012393070177
40.58181339750116	85.437581323763
41.1720894657399	85.4185438044777
41.77095129709678	85.39839767123776
42.37852377437204	85.37375175954665
42.9949335968281	85.3472361213847
43.62030930661056	85.32423482862791
44.25478131555359	85.30537179873934
44.89848193237519	85.28513216746876
45.55154539026795	85.2583489725195
46.21410787489121	85.22604598583297
46.88630755277036	85.19887518253555
47.56828460010916	85.17712155780063
48.260181232021196	85.15495129205337
48.962141732186545	85.13091607668082
49.674312482939705	85.10571513270736
50.39684199579528	85.07935549626797
51.129880942417586	85.05152081494202
51.873582186040764	85.02502517579157
52.628100813345895	85.00103953183161
53.393594166801776	84.9744934088889
54.17022187747612	84.94622960917366
54.95814589832399	84.92041430851073
55.75753053796041	84.89529064190785
56.56854249492426	84.86992916020341
57.39135089244048	84.84314975559575
58.226127313687975	84.82681704736675
59.073045837580466	84.84361140666914
59.932283075067765	84.86195936152735
60.804018205965114	84.79995839610824
61.68843301631817	84.7188646497704
62.58571193631152	84.68040161833837
63.49604207872855	84.6512640914747
64.41961327797075	84.61854343282371
65.35661812964459	84.58632249713818
66.3072520307241	84.55471925237826
67.27171322029778	84.52135741412714
68.25020282090806	84.48602383190057
69.2429248804921	84.45245675867294
70.25008641493265	84.42045953875835
71.27189745122783	84.38720700215467
72.30857107128878	84.35309257213103
73.36032345637442	84.31690528424403
74.42737393217246	84.27905135985661
75.50994501453623	84.24167906528609
76.60826245588666	84.2035809458466
77.72255529228926	84.16290789434296
78.85305589121582	84.11853092463905
80.00000000000082	84.07353550128957
81.16362679500274	84.03326728104466
82.34417893148023	83.98665404731646
83.541902594194	83.93546706544318
84.75704754874454	83.88666146092594
85.98986719365665	83.83768989846325
87.24061861322157	83.78603799878682
88.50956263110764	83.73332008065171
89.79696386475084	83.6801469635246
91.10309078053635	83.62087084409248
92.42821574978288	83.55887594524198
93.77261510554118	83.50006599593132
95.13656920021877	83.4393248813391
96.52036246404286	83.37668100176796
97.92428346437356	83.31485022464211
99.34862496587989	83.24943012970022
100.79368399159105	83.18126028813663
102.25976188483567	83.11186702031416
103.74716437208203	83.0414195926552
105.25620162669229	82.96967550345951
106.78718833360406	82.8951226885079
108.34044375495276	82.81849283777072
109.9162917966485	82.7393942216174
111.51506107592134	82.6583174979733
113.13708498984903	82.57478140389453
114.78270178488147	82.48741750816312
116.45225462737648	82.40025360105054
118.14609167516147	82.3134940907073
119.86456615013608	82.2231086857066
121.60803641193078	82.12776865445556
123.3768660326369	82.03250031706358
125.17142387262359	81.93866944671814
126.99208415745765	81.84209586874252
128.83922655594208	81.74431430179604
130.71323625928977	81.64552192221788
132.61450406144883	81.54635280178742
134.5434264405962	81.44829410049532
136.50040564181674	81.34686945618637
138.48584976098482	81.238492977511
140.50017282986593	81.13154876986287
142.5437949024563	81.029416817278
144.61714214257822	80.92347145616951
146.7206469127495	80.81507981400858
148.8547478643456	80.70806371636841
151.01989002907314	80.60191787490211
153.216524911774	80.4961530599943
155.4451105845792	80.3917769457585
157.70611178243232	80.28827248563057
160.00000000000236	80.18438128347395
162.3272535900062	80.08206842604021
164.6883578629612	79.98063177361372
167.08380518838874	79.88112127254671
169.51409509748981	79.78225160015566
171.97973438731407	79.68315122952495
174.4812372264439	79.58694363206304
177.01912526221608	79.49630499502744
179.5939277295025	79.41368861124934
182.20618156107355	79.3381853389137
184.85643149956664	79.2612659603344
187.54523021108326	79.18232309545792
190.27313840043846	79.10205806524255
193.04072492808663	79.03095489601844
195.84856692874806	78.97342811292384
198.69724993176072	78.91968635081727
201.58736798318304	78.86534836496152
204.5195237696723	78.81108272103296
207.49432874416505	78.76287454176239
210.5124032533856	78.72974240931171
213.57437666720915	78.71256732857749
216.68088750990657	78.69637612217872
219.83258359329807	78.67568187520664
223.03012215184378	78.64772450783587
226.2741699796992	78.61978518308293
229.5654035697641	78.59909802931733
232.90450925475412	78.58700057265773
236.2921833503241	78.57881001504498
239.72913230027333	78.57418794127143
243.21607282386276	78.57325842268658
246.75373206527502	78.57050710625927
250.34284774524843	78.56576227575601
253.9841683149166	78.56478536281466
257.67845311188546	78.5615817601923
261.42647251858085	78.55348717323008
265.22900812289896	78.54807127245567
269.08685288119375	78.54697588031371
273.0008112836349	78.55035703009595
276.97169952197106	78.55815533439501
281.00034565973334	78.56718224185296
285.0875898049141	78.57173902403683
289.23428428515797	78.57449662367085
293.44129382550057	78.58160272121171
297.7094957286928	78.59739691508499
302.0397800581479	78.62080786643773
306.4330498235497	78.64994106945649
310.89022116916016	78.68357096761787
315.41222356486645	78.71488884173732
320.00000000000654	78.73982773576788
324.6545071800142	78.7548857024061
329.3767157259242	78.76386756872994
334.16761037677935	78.76983368752175
339.02819019498156	78.77456775375114
343.95946877463007	78.77672172896867
348.9624744528898	78.7790405212708
354.03825052443415	78.78319590642869
359.187855459007	78.78534676818529
364.4123631221491	78.78526137044484
369.71286299913527	78.78687465094663
375.0904604221685	78.78996839569294
380.54627680087896	78.79061549466806
386.08144985617537	78.78969912083095
391.6971338574982	78.78679845153317
397.3944998635236	78.78380570891217
403.1747359663683	78.782506815535
409.0390475393468	78.7805336616255
414.9886574883323	78.77558679513608
421.0248065067734	78.76925416201395
427.1487533344206	78.76444926794305
433.3617750198154	78.76032658496095
439.6651671865984	78.75490580281289
446.06024430368984	78.74935189136953
452.54833995940066	78.74455654887046
459.13080713953053	78.7378499258307
465.8090185095106	78.73008754050655
472.58436670065066	78.72324319830715
479.45826460054917	78.71675398969917
486.432145647728	78.70954367508301
493.50746413055253	78.70231553936824
500.6856954904994	78.6932473053201
507.9683366298358	78.68526016379543
515.3569062237735	78.6776961291055
522.8529450371643	78.67172599371885
530.4580162458005	78.66481502366915
538.1737057623901	78.65736179376614
546.0016225672724	78.6492910362936
553.9433990439449	78.64106186412309
562.0006913194694	78.63250088218894
570.1751796098309	78.62326138244299
578.4685685703187	78.61671376180178
586.8825876510039	78.60955104153095
595.4189914573883	78.60342131797482
604.0795601162986	78.59791486735797
612.8660996471021	78.59274978992198
621.780442338323	78.58806257768515
630.8244471297356	78.584207436126
640.0000000000159	78.58049441779916
649.3090143600314	78.57844226273406
658.7534314518515	78.57704622462447
668.3352207535618	78.57555043216767
678.0563803899662	78.57472734229532
687.9189375492632	78.57477873321466
697.9249489057827	78.57736641656824
708.0765010488715	78.58142714344504
718.3757109180171	78.58578345881024
728.8247262443015	78.59025882457175
739.425725998274	78.59771028335372
750.1809208443404	78.60783597783087
761.0925536017613	78.62100264542312
772.1628997123541	78.63507383832935
783.3942677149998	78.65167864359208
794.7889997270506	78.66986244415834
806.34947193274	78.69023104621267
818.0780950786972	78.71395580601177
829.9773149766683	78.74183897300868
842.0496130135506	78.77467961843259
854.2975066688449	78.81177343357295
866.7235500396347	78.85180606779674
879.3303343732008	78.89536087507622
892.1204886073838	78.94307160277657
905.0966799188055	78.9939007487862
918.2616142790653	79.04956974467088
931.6180370190256	79.10977329116635
945.1687334013056	79.17461300232526
958.9165292011028	79.24294097937562
972.8642912954606	79.31570192055771
987.0149282611097	79.3915983430906
1001.3713909810035	79.46950752690107
1015.9366732596762	79.54945748277862
1030.7138124475518	79.63044755819263
1045.7058900743334	79.71294333009618
1060.916032491606	79.79530047219166
1076.3474115247852	79.8772353575114
1092.0032451345498	79.95896749791817
1107.8867980878947	80.0391108899024
1124.0013826389438	80.1179495365768
1140.350359219667	80.19378423670075
1156.9371371406426	80.26616478749254
1173.765175302013	80.33753167747207
1190.837982914782	80.40507175855568
1208.1591202326028	80.47085316891607
1225.73219929421	80.53407764115504
1243.5608846766518	80.59513396808227
1261.648894259477	80.65367178629796
1280.0000000000375	80.7115712682611
1298.6180287200684	80.76409988985925
1317.5068629037087	80.82184500006858
1336.6704415071292	80.86935044463593
1356.112760779938	80.9111534179464
1375.8378750985323	80.94652635227035
1395.8498978115715	80.98016951624393
1416.153002097749	81.02464407940302
1436.7514218360407	81.08411899930759
1457.6494524886093	81.16745643498855
1478.8514519965543	81.27325091893843
1500.3618416886875	81.40174588033173
1522.1851072035295	81.55129962461817
1544.3257994247153	81.71322439495691
1566.788535430007	81.8816861561886
1589.5779994541087	82.05236086562417
1612.6989438654878	82.22209371517826
1636.156190157402	82.38996483231766
1659.9546299533442	82.55589886542741
1684.099226027109	82.71987793263413
1708.5950133376978	82.88318608379629
1733.4471000792773	83.0463977648315
1758.6606687464096	83.20865858042538
1784.2409772147755	83.37021474096181
1810.193359837619	83.53131748964299
1836.5232285581387	83.69224659406399
1863.2360740380593	83.85335108288936
1890.3374668026197	84.0141481530229
1917.833058402214	84.1746210490117
1945.7285825909298	84.33442419867309
1974.0298565222283	84.4936908175971
2002.7427819620161	84.6524662669135
2031.8733465193618	84.81016170558811
2061.4276248951132	84.96854212001973
2091.411780148677	85.12502054684028
2121.832064983222	85.28153535769874
2152.694823049581	85.43666327095949
2184.0064902691106	85.59097195670897
2215.7735961758003	85.74349731774484
2248.002765277899	85.89446666770624
2280.7007184393456	86.04083835862838
2313.874274281297	86.18290832266099
2347.530350604038	86.31938974268922
2381.6759658295764	86.44804776777073
2416.318240465218	86.56984727259281
2451.4643985884327	86.68153496192865
2487.1217693533167	86.78578152100987
2523.2977885189675	86.87967182465141
2560.0000000000887	86.96676981368262
2597.236057440151	87.05047651927453
2635.0137258074315	87.13502316766761
2673.340883014273	87.22245789612984
2712.225521559891	87.30895727048309
2751.6757501970797	87.38538034624095
2791.699795623158	87.44438410314201
2832.3060041955137	87.484931852072
2873.502843672097	87.51644015511519
2915.2989049772345	87.54200000543288
2957.7029039931244	87.5623900525006
3000.723683377391	87.57462630895316
3044.370214407075	87.58216196040885
3088.6515988494466	87.59388126308878
3133.57707086003	87.60615576584593
3179.1559989082334	87.60608973113389
3225.3978877309914	87.58404505039698
3272.3123803148205	87.53571905267212
3319.9092599067053	87.46432702218816
3368.198452054235	87.37489407871898
3417.190026675413	87.26926519978556
3466.8942001585724	87.14667546436378
3517.3213374928373	87.00470982473725
3568.4819544295697	86.84222011422209
3620.386719675257	86.66269851085568
3673.0464571162966	86.47848559596841
3726.472148076138	86.30878344163567
3780.6749336052594	86.17704862621856
3835.6661168044484	86.07577016180952
3891.45716518188	86.01735188893406
3948.059713044477	85.9775079014004
4005.4855639240527	85.95289306434184
4063.746693038744	85.92893965824382
4122.855249790247	85.89842480237313
4182.823560297375	85.86414554637402
4243.664129966465	85.83079815134201
4305.389646099183	85.80032276396553
4368.012980538242	85.77607507569864
4431.5471923516225	85.7618887754869
4496.00553055582	85.75798360336672
4561.401436878714	85.7622945441275
4627.748548562617	85.76837745023526
4695.060701208099	85.77452304485632
4763.351931659176	85.77693561856586
4832.63648093046	85.77619987277416
4902.928797176889	85.76705870704248
4974.243538706657	85.74775933785503
5046.595577037959	85.71092691408592
5120.000000000202	85.65629933222878
5194.472114880326	85.57888931450577
5270.027451614888	85.48089497328766
5346.6817660285715	85.37636554702082
5424.451043119808	85.28237080878212
5503.351500394186	85.21003381144428
5583.399591246343	85.14419193012222
5664.612008391055	85.04415951567852
5747.005687344222	84.897243476122
5830.597809954497	84.69909251517716
5915.405807986278	84.45686151839904
6001.447366754812	84.18598954812374
6088.740428814181	83.89970928863642
6177.303197698925	83.61455246665086
6267.154141720092	83.34003836951298
6358.3119978165005	83.08529217924634
6450.795775462017	82.85496141800272
6544.624760629676	82.65470527769247
6639.818519813445	82.48803213056016
6736.396904108505	82.35586651539015
6834.380053350861	82.25971099994598
6933.788400317181	82.20046259644862
7034.642674985712	82.18021626523097
7136.963908859177	82.20051722520806
7240.773439350552	82.2601500289921
7346.092914232631	82.35675958980669
7452.944296152315	82.4884018368358
7561.349867210557	82.65690233584694
7671.332233608935	82.84668696297247
7782.914330363799	83.0310897860913
7896.119426088994	83.16467676951378
8010.971127848146	83.14537930632001
8127.49338607753	82.86394694104045
8245.710499580537	82.25392137920154
8365.647120594791	81.31219837164944
8487.328259932974	80.16570090019296
8610.77929219841	78.89601727556908
8736.025961076528	77.60674411999004
8863.094384703289	76.40813405465973
8992.011061111683	75.40188246234139
9122.802873757471	74.74202825168848
9255.497097125279	74.57148724072012
9390.121402416245	74.92771223056519
9526.7038633184	75.75873782782146
9665.272961860968	76.92577928281199
9805.857594353829	78.29639058081835
9948.487077413367	79.75430065723847
10093.19115407597	81.16464085379951
10240.000000000457	82.3952369730887
10388.944229760706	83.32214770703604
10540.05490322983	83.82558751005539
10693.363532057198	83.94148573022852
10848.902086239672	83.72461533635484
11006.703000788428	83.30986216676806
11166.799182492743	82.82799581817632
11329.224016782166	82.3794237167904
11494.0113746885	82.00198884073819
11661.195619909053	81.77988680486769
11830.811615972614	81.6741296102694
12002.894733509682	81.74872152113313
12177.48085762842	81.97332937095395
12354.606395397908	82.47700259869174
12534.308283440243	83.19942039511817
12716.62399563306	84.22249699655248
12901.591550924093	85.58800931034548
13089.249521259411	87.12733162988448
13279.637039626952	88.70494658442647
13472.793808217073	89.94884021704266
13668.760106701786	90.29520227546874
13867.576800634426	89.49829685761087
14069.285349971487	87.82993112500253
14273.927817718419	85.82294602286737
14481.54687870117	83.95436391899622
14692.18582846533	82.43757222005297
14905.888592304698	81.2427731464184
15122.699734421185	80.36380937750815
15342.664467217943	79.79778546930582
15565.828660727671	79.56221311908784
15792.238852178061	79.70859250135958
16021.942255696367	80.33627764292741
16254.986772155136	81.55072900338155
16491.42099916115	83.21520344485792
16731.294241189662	84.44055964072552
16974.65651986603	84.08224503967664
17221.558584396902	81.79675138077079
17472.051922153143	78.29200408036479
17726.188769406665	74.53257969071505
17984.022122223458	71.09588909979864
18245.605747515034	68.10153767416905
18510.99419425065	65.47379597346837
18780.242804832582	63.10088423200696
19053.40772663689	60.909485451663926
19330.545923722028	58.871602450716146
19611.71518870775	57.05556403025511
19896.974154826825	55.758512907231655
20186.382308152035	55.4131067449757