* Measurement data measured by REW V5.31.3
* Source: Microphone (JadeAudio JA11), MICROPHONE (Master Volume), R, volume: 0.250
* Format: 256k Log Swept Sine, 1 sweep at -8.9 dBFS with no timing reference
* Dated: Mar 11, 2025 8:34:55 PM
* REW Settings:
*  C-weighting compensation: Off
*  Target level: 75.0 dB
* Note: 
* Measurement: R Mino (SBC, Nuarl 7)
* Smoothing: None
* Frequency Step: 1/48 octave
* Start Frequency: 20.000 Hz
*
* Freq(Hz)	SPL(dB)	Phase(degrees)
20.000000	97.951	-131.5435
20.299999	97.938	-133.9576
20.600000	97.928	-136.3693
20.900000	97.920	-138.7747
21.200001	97.917	-141.1690
21.400000	97.917	-142.7559
21.799999	97.922	-145.9008
22.000000	97.927	-147.4550
22.400000	97.942	-150.5186
22.700001	97.956	-152.7717
23.000000	97.973	-154.9823
23.299999	97.990	-157.1487
23.600000	98.008	-159.2712
24.000000	98.032	-162.0359
24.299999	98.048	-164.0650
24.700001	98.067	-166.7181
25.000000	98.078	-168.6747
25.400000	98.089	-171.2473
25.799999	98.094	-173.7887
26.200001	98.094	-176.3099
26.500000	98.092	-178.1936
26.900000	98.086	179.2991
27.200001	98.079	177.4197
27.600000	98.069	174.9149
28.000000	98.060	172.4117
28.500000	98.050	169.2852
29.000000	98.044	166.1625
29.500000	98.043	163.0502
30.000000	98.044	159.9651
30.400000	98.047	157.5300
30.700001	98.050	155.7271
31.100000	98.056	153.3550
31.500000	98.063	151.0164
32.000000	98.073	148.1329
32.500000	98.080	145.2888
33.000000	98.084	142.4816
33.500000	98.084	139.7072
34.000000	98.082	136.9562
34.500000	98.077	134.2167
35.000000	98.070	131.4811
35.500000	98.062	128.7470
36.000000	98.054	126.0160
36.500000	98.046	123.2908
37.000000	98.039	120.5749
37.500000	98.034	117.8723
38.200001	98.031	114.1189
38.700001	98.030	111.4636
39.500000	98.030	107.2661
40.000000	98.030	104.6758
40.599998	98.030	101.5985
41.200001	98.028	98.5485
41.799999	98.024	95.5206
42.500000	98.018	92.0117
43.099998	98.012	89.0177
43.700001	98.006	86.0288
44.400002	97.997	82.5522
45.000000	97.989	79.5927
45.500000	97.983	77.1425
46.200001	97.978	73.7252
46.799999	97.973	70.8031
47.500000	97.967	67.4144
48.200001	97.960	64.0582
48.700001	97.955	61.6775
49.400002	97.949	58.3615
50.000000	97.943	55.5339
50.799999	97.935	51.7862
51.500000	97.927	48.5288
52.200001	97.920	45.2886
53.000000	97.911	41.6008
53.799999	97.900	37.9380
54.500000	97.892	34.7532
55.200001	97.884	31.5728
56.000000	97.873	27.9529
57.000000	97.860	23.4628
58.000000	97.848	18.9863
59.000000	97.837	14.5746
60.000000	97.833	10.1523
60.799999	97.821	6.6111
61.500000	97.808	3.5735
62.200001	97.799	0.5579
63.000000	97.789	-2.9056
64.000000	97.772	-7.2015
65.000000	97.759	-11.4839
66.000000	97.743	-15.7675
67.000000	97.728	-20.0079
68.000000	97.715	-24.2312
69.000000	97.702	-28.4226
70.000000	97.689	-32.5928
71.000000	97.674	-36.7456
72.000000	97.659	-40.8770
73.000000	97.644	-44.9985
74.000000	97.628	-49.1050
75.000000	97.614	-53.1915
76.199997	97.596	-58.0807
77.500000	97.575	-63.3362
78.800003	97.556	-68.5650
80.000000	97.537	-73.3735
81.199997	97.518	-78.1576
82.500000	97.496	-83.3226
83.800003	97.475	-88.4554
85.000000	97.455	-93.1846
86.199997	97.434	-97.8824
87.500000	97.413	-102.9557
88.500000	97.397	-106.8411
90.000000	97.372	-112.6447
91.199997	97.353	-117.2585
92.500000	97.331	-122.2467
93.800003	97.308	-127.2142
95.000000	97.287	-131.7846
96.199997	97.266	-136.3468
97.500000	97.244	-141.2681
98.800003	97.221	-146.1794
100.000000	97.200	-150.6787
101.500000	97.174	-156.2969
103.000000	97.148	-161.8887
104.400002	97.122	-167.0933
106.000000	97.097	-173.0180
107.500000	97.069	-178.5576
109.000000	97.043	175.9284
110.599998	97.012	170.0793
112.000000	96.987	164.9780
113.800003	96.956	158.4313
115.000000	96.935	154.0800
117.199997	96.896	146.1238
118.000000	96.882	143.2521
120.599998	96.834	133.9208
122.000000	96.808	128.9138
124.099998	96.768	121.4157
125.000000	96.751	118.2045
126.500000	96.723	112.8787
128.000000	96.695	107.5533
131.500000	96.626	95.2263
132.000000	96.616	93.4727
134.000000	96.579	86.4612
136.000000	96.541	79.4581
138.000000	96.501	72.4935
140.000000	96.462	65.5547
143.000000	96.398	55.1426
145.000000	96.353	48.2587
147.500000	96.297	39.6835
150.000000	96.238	31.1415
152.500000	96.181	22.6382
155.000000	96.124	14.1371
157.500000	96.068	5.6677
160.000000	96.010	-2.7769
162.500000	95.955	-11.2057
165.000000	95.899	-19.5982
167.500000	95.844	-27.9699
170.000000	95.787	-36.3223
172.500000	95.738	-44.6495
175.000000	95.689	-52.9523
177.500000	95.636	-61.2218
180.000000	95.585	-69.4375
182.500000	95.533	-77.5953
185.000000	95.496	-85.6729
187.500000	95.458	-93.8873
190.000000	95.414	-101.9921
192.500000	95.381	-110.1929
195.000000	95.334	-118.3619
197.500000	95.286	-126.5497
200.000000	95.223	-134.6853
203.000000	95.162	-144.3691
206.000000	95.097	-154.0513
209.000000	95.028	-163.6083
212.000000	94.963	-173.1984
214.000000	94.922	-179.4150
218.000000	94.832	167.8317
220.000000	94.796	161.5387
224.000000	94.701	148.9512
227.000000	94.632	139.4691
230.000000	94.557	130.1057
233.000000	94.474	120.7803
236.000000	94.392	111.5862
240.000000	94.278	99.4224
243.000000	94.205	90.4344
247.000000	94.149	78.4072
250.000000	94.105	69.2085
254.000000	94.015	56.8625
258.000000	93.905	44.6764
262.000000	93.777	32.6152
265.000000	93.691	23.6976
269.000000	93.570	11.8273
272.000000	93.481	2.9817
276.000000	93.359	-8.7250
280.000000	93.243	-20.3890
285.000000	93.109	-34.8510
290.000000	92.956	-49.2701
295.000000	92.809	-63.5480
300.000000	92.652	-77.7146
304.000000	92.527	-88.9530
307.000000	92.433	-97.3450
311.000000	92.307	-108.4128
315.000000	92.189	-119.4445
320.000000	92.045	-133.1007
325.000000	91.907	-146.6682
330.000000	91.784	-160.1757
335.000000	91.665	-173.6542
340.000000	91.541	172.8646
345.000000	91.412	159.4412
350.000000	91.274	146.1030
355.000000	91.139	132.8367
360.000000	91.008	119.6919
365.000000	90.875	106.6357
370.000000	90.744	93.6918
375.000000	90.616	80.8040
382.000000	90.440	62.9170
387.000000	90.313	50.2263
395.000000	90.111	30.0706
400.000000	89.989	17.5638
406.000000	89.847	2.6609
412.000000	89.717	-12.1354
418.000000	89.578	-26.8494
425.000000	89.432	-43.8922
431.000000	89.305	-58.3997
437.000000	89.181	-72.8342
444.000000	89.040	-89.6104
450.000000	88.924	-103.9122
455.000000	88.827	-115.7517
462.000000	88.697	-132.2469
468.000000	88.592	-146.3044
475.000000	88.472	-162.5940
482.000000	88.353	-178.7729
487.000000	88.274	169.7070
494.000000	88.157	153.6584
500.000000	88.061	139.9783
508.000000	87.935	121.8197
515.000000	87.825	106.0350
522.000000	87.723	90.3848
530.000000	87.606	72.5789
538.000000	87.495	54.8945
545.000000	87.399	39.5076
552.000000	87.307	24.1992
560.000000	87.199	6.7808
570.000000	87.072	-14.8540
580.000000	86.948	-36.3065
590.000000	86.834	-57.6123
600.000000	86.727	-78.7566
608.000000	86.639	-95.5483
615.000000	86.568	-110.1804
622.000000	86.497	-124.7568
630.000000	86.413	-141.3293
640.000000	86.313	-161.9216
650.000000	86.218	177.5923
660.000000	86.123	157.2686
670.000000	86.030	137.0627
680.000000	85.936	116.9893
690.000000	85.842	97.1152
700.000000	85.742	77.3701
710.000000	85.646	57.7388
720.000000	85.553	38.2678
730.000000	85.464	18.9084
740.000000	85.380	-0.3062
750.000000	85.300	-19.3784
762.000000	85.209	-42.0828
775.000000	85.114	-66.4712
788.000000	85.024	-90.6675
800.000000	84.939	-112.8176
812.000000	84.854	-134.8206
825.000000	84.768	-158.4214
838.000000	84.690	178.1785
850.000000	84.622	156.8179
862.000000	84.558	135.6589
875.000000	84.497	112.9355
885.000000	84.452	95.5854
900.000000	84.394	69.8052
912.000000	84.358	49.3438
925.000000	84.326	27.3281
938.000000	84.307	5.5803
950.000000	84.308	-14.3342
962.000000	84.319	-34.0874
975.000000	84.350	-55.2988
988.000000	84.400	-76.3538
1000.000000	84.457	-95.7500
1015.000000	84.549	-119.8042
1030.000000	84.658	-143.7776
1044.000000	84.783	-166.0430
1060.000000	84.947	168.6436
1075.000000	85.118	145.0137
1090.000000	85.303	121.4497
1106.000000	85.515	96.3950
1120.000000	85.705	74.4744
1138.000000	85.953	46.3145
1150.000000	86.116	27.5557
1172.000000	86.418	-6.8228
1180.000000	86.524	-19.2888
1206.000000	86.860	-59.6477
1220.000000	87.035	-81.2773
1241.000000	87.276	-113.5317
1250.000000	87.372	-127.3071
1265.000000	87.527	-150.1997
1280.000000	87.670	-172.9929
1315.000000	87.964	134.2656
1320.000000	88.004	126.7825
1340.000000	88.149	97.0649
1360.000000	88.283	67.6440
1380.000000	88.414	38.4897
1400.000000	88.534	9.6650
1430.000000	88.699	-33.1682
1450.000000	88.796	-61.4326
1475.000000	88.912	-96.4585
1500.000000	89.019	-131.1135
1525.000000	89.121	-165.3181
1550.000000	89.228	160.9170
1575.000000	89.327	127.5654
1600.000000	89.427	94.5312
1625.000000	89.520	61.8347
1650.000000	89.611	29.4604
1675.000000	89.705	-2.6318
1700.000000	89.797	-34.3445
1725.000000	89.890	-65.6902
1750.000000	89.991	-96.6616
1775.000000	90.087	-127.2856
1800.000000	90.185	-157.5933
1825.000000	90.286	172.3423
1850.000000	90.383	142.5376
1875.000000	90.478	113.0107
1900.000000	90.579	83.7378
1925.000000	90.670	54.7993
1950.000000	90.769	26.1787
1975.000000	90.880	-2.1426
2000.000000	90.981	-30.1445
2030.000000	91.110	-63.4160
2060.000000	91.239	-96.3555
2090.000000	91.366	-129.0049
2120.000000	91.500	-161.3271
2140.000000	91.590	177.3125
2180.000000	91.766	135.1025
2200.000000	91.861	114.2695
2240.000000	92.051	73.1152
2270.000000	92.187	42.6592
2300.000000	92.335	12.5234
2330.000000	92.481	-17.3677
2360.000000	92.628	-47.0010
2400.000000	92.832	-86.0630
2430.000000	92.978	-115.0195
2470.000000	93.187	-153.1533
2500.000000	93.347	178.6313
2540.000000	93.554	141.4673
2580.000000	93.762	104.7583
2620.000000	93.962	68.4297
2650.000000	94.102	41.4077
2690.000000	94.286	5.7002
2720.000000	94.416	-20.7798
2760.000000	94.583	-55.7251
2800.000000	94.725	-90.1992
2850.000000	94.885	-132.4795
2900.000000	95.040	-173.8174
2950.000000	95.203	145.3579
3000.000000	95.335	104.8496
3040.000000	95.433	72.7329
3070.000000	95.486	48.9316
3110.000000	95.515	17.5366
3150.000000	95.501	-13.4150
3200.000000	95.428	-51.2290
3250.000000	95.315	-87.9404
3300.000000	95.165	-123.5591
3350.000000	95.020	-158.1396
3400.000000	94.889	168.0869
3450.000000	94.767	135.0352
3500.000000	94.672	102.6460
3550.000000	94.587	70.9199
3600.000000	94.508	39.8452
3650.000000	94.446	9.4570
3700.000000	94.352	-20.3037
3750.000000	94.237	-49.4766
3820.000000	94.020	-89.1504
3870.000000	93.818	-116.5381
3950.000000	93.531	-158.3076
4000.000000	93.418	176.7490
4060.000000	93.355	147.7656
4120.000000	93.378	119.6079
4180.000000	93.436	92.1084
4250.000000	93.545	60.8145
4310.000000	93.671	34.5703
4370.000000	93.797	8.7627
4440.000000	93.970	-20.6870
4500.000000	94.134	-45.2935
4550.000000	94.270	-65.3125
4620.000000	94.490	-92.5312
4680.000000	94.685	-115.0391
4750.000000	94.923	-140.6733
4820.000000	95.180	-165.5654
4870.000000	95.369	176.9609
4940.000000	95.623	152.8945
5000.000000	95.859	132.7363
5080.000000	96.144	106.4429
5150.000000	96.354	84.1724
5220.000000	96.542	62.5957
5300.000000	96.697	38.7090
5380.000000	96.801	15.5625
5450.000000	96.864	-4.0249
5520.000000	96.881	-23.1538
5600.000000	96.864	-44.2544
5700.000000	96.791	-69.1592
5800.000000	96.622	-92.2437
5900.000000	96.376	-112.9219
6000.000000	96.020	-131.3540
6080.000000	95.669	-144.5132
6150.000000	95.366	-155.0078
6220.000000	95.050	-164.6675
6300.000000	94.693	-174.6592
6400.000000	94.276	174.5820
6500.000000	93.900	165.6543
6600.000000	93.576	158.8066
6700.000000	93.383	153.8887
6800.000000	93.240	149.7920
6900.000000	93.096	147.1460
7000.000000	93.021	145.7681
7100.000000	93.005	145.3760
7200.000000	93.083	146.0991
7300.000000	93.238	147.7505
7400.000000	93.458	150.3691
7500.000000	93.777	153.9448
7620.000000	94.229	158.8232
7750.000000	94.788	164.3828
7880.000000	95.350	169.2334
8000.000000	95.657	172.4878
8120.000000	95.578	175.3857
8250.000000	94.890	179.9248
8380.000000	93.652	-171.6489
8500.000000	92.260	-159.3818
8620.000000	90.788	-143.3247
8750.000000	89.216	-122.1704
8850.000000	88.073	-103.6836
9000.000000	86.426	-73.1973
9120.000000	85.221	-46.3647
9250.000000	83.990	-14.8936
9380.000000	82.863	18.7793
9500.000000	81.943	52.1143
9620.000000	81.125	87.3667
9750.000000	80.349	126.7090
9880.000000	79.603	167.1987
10000.000000	78.913	-153.9106
10150.000000	78.045	-103.4932
10300.000000	77.263	-50.6616
10440.000000	76.635	0.3633
10600.000000	75.923	60.9751
10750.000000	75.347	120.4697
10900.000000	74.845	-177.7949
11060.000000	74.384	-109.3364
11200.000000	74.121	-47.7793
11380.000000	73.927	32.4277
11500.000000	73.828	86.6357
11720.000000	73.603	-171.6562
11800.000000	73.557	-133.5205
12060.000000	73.375	-5.7817
12200.000000	73.356	65.3208
12410.000000	73.340	174.9380
12500.000000	73.393	-136.9839
12650.000000	73.558	-55.8154
12800.000000	73.741	26.4209
13150.000000	74.467	-136.4375
13200.000000	74.626	-107.6455
13400.000000	75.270	8.7803
13600.000000	76.129	128.4634
13800.000000	77.220	-109.4336
14000.000000	78.598	14.2002
14300.000000	81.439	-158.6179
14500.000000	84.132	-36.2410
14750.000000	88.441	102.7317
15000.000000	88.397	-143.1226
15250.000000	83.668	2.1426
15500.000000	79.985	171.2466
15750.000000	77.310	-10.1414
16000.000000	75.323	174.3652
16250.000000	73.872	2.5586
16500.000000	73.198	-170.8005
16750.000000	70.993	30.0242
17000.000000	70.651	-130.5142
17250.000000	70.333	71.9031
17500.000000	70.283	-81.4421
17750.000000	70.409	127.7408
18000.000000	70.886	-20.8040
18250.000000	71.909	-167.8660
18500.000000	73.306	44.4108
18750.000000	75.432	-107.6496
19000.000000	77.256	86.3237
19250.000000	75.428	-86.2081
19500.000000	71.142	122.3444
19750.000000	67.235	-12.8542
