20	83.13911128820666
20.290906698750476	83.13327387476735
20.586044732869844	83.12742162687898
20.885475648548283	83.12152619874284
21.189261887185914	83.1155517653144
21.49746679841394	83.10946314994669
21.810154653305165	83.10323089478811
22.12739065777668	83.09683479731586
22.449240966187475	83.0902670396865
22.77577269513385	83.08353380998477
23.107053937445478	83.0766559675294
23.44315377638505	83.06966920461258
23.784142300054445	83.06262352044406
24.130090616010463	83.05558135731032
24.481070866093134	83.0486139150926
24.837156241469714	83.0417957915576
25.1984209978975	83.03519770020915
25.56494047120865	83.0288791487712
25.936791093020236	83.02288315658728
26.3140504066728	83.01723363450016
26.69679708340074	83.01193488400531
27.08511093873791	83.0069727015548
27.47907294916184	83.00231595819704
27.878765268980047	82.99791860146365
28.284271247461966	82.99372390271611
28.695675446220072	82.98967198470078
29.11306365684382	82.9857077889815
29.536522918790062	82.9817854232173
29.966141537533712	82.97786652240856
30.402009102982383	82.97391391141574
30.844216508158908	82.96988782020749
31.29285596815558	82.96574961075325
31.74802103936409	82.96147117799721
32.20980663898519	82.95704197130995
32.67830906482211	82.95246889051768
33.153626015361866	82.94777231201385
33.63585661014871	82.94298302206985
34.125101410453844	82.93814071730193
34.62146244024586	82.93328996594133
35.12504320746613	82.92847233199191
35.635948725613716	82.9237196694732
36.15428553564419	82.9190533362677
36.68016172818701	82.9144863180122
37.21368696608603	82.9100216274133
37.754972507267915	82.90564788210988
38.30413122794313	82.90133903648137
38.86127764614443	82.89706155557523
39.4265279456077	82.89278273573791
40.000000000000206	82.88847143604843
40.58181339750116	82.88409509834194
41.1720894657399	82.87962134383545
41.77095129709678	82.87502485782514
42.37852377437204	82.87029215010323
42.9949335968281	82.86542069637477
43.62030930661056	82.86041540810544
44.25478131555359	82.85528317539419
44.89848193237519	82.85002555989354
45.55154539026795	82.84463586800129
46.21410787489121	82.83910414315633
46.88630755277036	82.83342535490172
47.56828460010916	82.82760106792728
48.260181232021196	82.8216341668343
48.962141732186545	82.8155245286867
49.674312482939705	82.80926854148785
50.39684199579528	82.8028575361865
51.129880942417586	82.79627611550455
51.873582186040764	82.78950347202672
52.628100813345895	82.78251582042337
53.393594166801776	82.77528555198185
54.17022187747612	82.76778053331016
54.95814589832399	82.75996981782023
55.75753053796041	82.75183204862785
56.56854249492426	82.74335717471266
57.39135089244048	82.73453883927755
58.226127313687975	82.72536500529858
59.073045837580466	82.71581666138837
59.932283075067765	82.70587473276849
60.804018205965114	82.69552507588148
61.68843301631817	82.68475635440194
62.58571193631152	82.67355947456309
63.49604207872855	82.66192556639362
64.41961327797075	82.64984198089435
65.35661812964459	82.63728862536016
66.3072520307241	82.62423636640617
67.27171322029778	82.61064962957411
68.25020282090806	82.59649157694315
69.2429248804921	82.58172789823396
70.25008641493265	82.56632772171011
71.27189745122783	82.55025866054466
72.30857107128878	82.53348186399174
73.36032345637442	82.51595156827062
74.42737393217246	82.49761776682364
75.50994501453623	82.47843141963645
76.60826245588666	82.45834643756712
77.72255529228926	82.43731715040482
78.85305589121582	82.4152969116783
80.00000000000082	82.39223997869212
81.16362679500274	82.36810299011312
82.34417893148023	82.34284615807432
83.541902594194	82.31643227930067
84.75704754874454	82.28882551287353
85.98986719365665	82.25999549135437
87.24061861322157	82.2299216652475
88.50956263110764	82.19859284691265
89.79696386475084	82.16600267138247
91.10309078053635	82.13214197908312
92.42821574978288	82.09698523456882
93.77261510554118	82.06048419326044
95.13656920021877	82.02257654555874
96.52036246404286	81.98319907880042
97.92428346437356	81.94229116478611
99.34862496587989	81.89978860573089
100.79368399159105	81.8556165709267
102.25976188483567	81.80968997892023
103.74716437208203	81.7619205693444
105.25620162669229	81.71222174150583
106.78718833360406	81.66050664741975
108.34044375495276	81.60668238908434
109.9162917966485	81.55064578049581
111.51506107592134	81.49228697270055
113.13708498984903	81.43150043930775
114.78270178488147	81.36819256308118
116.45225462737648	81.30228485010764
118.14609167516147	81.23371675250566
119.86456615013608	81.16244309228944
121.60803641193078	81.08842198887275
123.3768660326369	81.01159865184302
125.17142387262359	80.93190553471561
126.99208415745765	80.84927567482653
128.83922655594208	80.7636522691849
130.71323625928977	80.67498856164431
132.61450406144883	80.58324692300367
134.5434264405962	80.48840284906387
136.50040564181674	80.39044835176689
138.48584976098482	80.28938936745465
140.50017282986593	80.18524113327723
142.5437949024563	80.07804419071061
144.61714214257822	79.96789245086511
146.7206469127495	79.8549419014034
148.8547478643456	79.73941189146943
151.01989002907314	79.62159255905065
153.216524911774	79.50185174174331
155.4451105845792	79.38063830540952
157.70611178243232	79.25848454169218
160.00000000000236	79.13600856843242
162.3272535900062	79.01391109368893
164.6883578629612	78.89295951424523
167.08380518838874	78.77396418751496
169.51409509748981	78.65775554946974
171.97973438731407	78.54516280345265
174.4812372264439	78.43698989021085
177.01912526221608	78.33399165113713
179.5939277295025	78.2368637926944
182.20618156107355	78.14624657498813
184.85643149956664	78.06273259570263
187.54523021108326	77.98687062611103
190.27313840043846	77.91915451492831
193.04072492808663	77.85999920680497
195.84856692874806	77.80970975346236
198.69724993176072	77.76844898861334
201.58736798318304	77.73621941099333
204.5195237696723	77.71286498291138
207.49432874416505	77.69808410977588
210.5124032533856	77.6914465082624
213.57437666720915	77.69242059922006
216.68088750990657	77.70040927733552
219.83258359329807	77.7147763836365
223.03012215184378	77.73485426882525
226.2741699796992	77.75994872055568
229.5654035697641	77.78935259067097
232.90450925475412	77.82236313626721
236.2921833503241	77.85829620988802
239.72913230027333	77.89649613962372
243.21607282386276	77.9363427240658
246.75373206527502	77.97725251912316
250.34284774524843	78.01867531082847
253.9841683149166	78.06009678857582
257.67845311188546	78.1010454467038
261.42647251858085	78.14109753253861
265.22900812289896	78.17988001335615
269.08685288119375	78.21707420283464
273.0008112836349	78.2524146278599
276.97169952197106	78.28568706387625
281.00034565973334	78.31673093140728
285.0875898049141	78.34543778536948
289.23428428515797	78.37174502273675
293.44129382550057	78.39562690612343
297.7094957286928	78.41709019381442
302.0397800581479	78.43616474635932
306.4330498235497	78.4528911432811
310.89022116916016	78.46731079947762
315.41222356486645	78.47946179724521
320.00000000000654	78.48938095694608
324.6545071800142	78.4971111494022
329.3767157259242	78.50271388324174
334.16761037677935	78.50627543733509
339.02819019498156	78.50789895264306
343.95946877463007	78.50768912535295
348.9624744528898	78.50574456938956
354.03825052443415	78.50215940661695
359.187855459007	78.49702517617537
364.4123631221491	78.49042864735868
369.71286299913527	78.48244713923576
375.0904604221685	78.47314987613898
380.54627680087896	78.46260331426983
386.08144985617537	78.45087655289403
391.6971338574982	78.43804066358106
397.3944998635236	78.4241656972485
403.1747359663683	78.40931988509529
409.0390475393468	78.39357193484835
414.9886574883323	78.37699221673333
421.0248065067734	78.35964735673349
427.1487533344206	78.34159674482319
433.3617750198154	78.32289653173557
439.6651671865984	78.30360932987168
446.06024430368984	78.28381599605326
452.54833995940066	78.26361967164196
459.13080713953053	78.24314269584808
465.8090185095106	78.22252666681922
472.58436670065066	78.20193476701397
479.45826460054917	78.181542406991
486.432145647728	78.16151482919709
493.50746413055253	78.14198446675506
500.6856954904994	78.1230343906325
507.9683366298358	78.10469252717857
515.3569062237735	78.08693647016284
522.8529450371643	78.06970880069146
530.4580162458005	78.05293087310791
538.1737057623901	78.03652819657205
546.0016225672724	78.02045171341143
553.9433990439449	78.00468327081218
562.0006913194694	77.98923015093301
570.1751796098309	77.97412375619756
578.4685685703187	77.9594187599641
586.8825876510039	77.94518776423583
595.4189914573883	77.9315162044051
604.0795601162986	77.91849489305163
612.8660996471021	77.90621529836031
621.780442338323	77.89476884172576
630.8244471297356	77.88424709904204
640.0000000000159	77.87473953867404
649.3090143600314	77.86632709766924
658.7534314518515	77.8590839985461
668.3352207535618	77.85308839245097
678.0563803899662	77.84842785224407
687.9189375492632	77.84520015883318
697.9249489057827	77.84352364288551
708.0765010488715	77.84354591197862
718.3757109180171	77.84544395661011
728.8247262443015	77.84942005618403
739.425725998274	77.85569550716325
750.1809208443404	77.86450316866124
761.0925536017613	77.87608587027583
772.1628997123541	77.89070206998093
783.3942677149998	77.90863115757229
794.7889997270506	77.9301718610686
806.34947193274	77.95563443933816
818.0780950786972	77.98533434794474
829.9773149766683	78.01958898255145
842.0496130135506	78.05871356203389
854.2975066688449	78.10301288836875
866.7235500396347	78.15276956274738
879.3303343732008	78.20823386961032
892.1204886073838	78.26961585091284
905.0966799188055	78.33707925041429
918.2616142790653	78.41074537774281
931.6180370190256	78.49068550482552
945.1687334013056	78.57690961860933
958.9165292011028	78.66936188283155
972.8642912954606	78.76791281855259
987.0149282611097	78.87234712494802
1001.3713909810035	78.98236348849647
1015.9366732596762	79.09757993885297
1030.7138124475518	79.21753449162664
1045.7058900743334	79.34168814526804
1060.916032491606	79.46943557338642
1076.3474115247852	79.60012012664062
1092.0032451345498	79.73305821538054
1107.8867980878947	79.86755565167458
1124.0013826389438	80.00292078616894
1140.350359219667	80.13849032326634
1156.9371371406426	80.27364559012021
1173.765175302013	80.40782614164733
1190.837982914782	80.54053524343445
1208.1591202326028	80.67135463699779
1225.73219929421	80.79994113081447
1243.5608846766518	80.92604200148686
1261.648894259477	81.0494930131016
1280.0000000000375	81.17021859215217
1298.6180287200684	81.28822336465234
1317.5068629037087	81.40356812533983
1336.6704415071292	81.51634326421778
1356.112760779938	81.62669120511131
1375.8378750985323	81.73480612589913
1395.8498978115715	81.84092971876971
1416.153002097749	81.9453421885454
1436.7514218360407	82.04834990857944
1457.6494524886093	82.1502686328801
1478.8514519965543	82.25142217777798
1500.3618416886875	82.3521372841189
1522.1851072035295	82.45274017224226
1544.3257994247153	82.55355118717965
1566.788535430007	82.65486942409285
1589.5779994541087	82.75697060301397
1612.6989438654878	82.86010316186932
1636.156190157402	82.9644794069192
1659.9546299533442	83.07026562750052
1684.099226027109	83.17758836466354
1708.5950133376978	83.28655205188272
1733.4471000792773	83.39723919274559
1758.6606687464096	83.50970338265003
1784.2409772147755	83.62396820555476
1810.193359837619	83.74002255339366
1836.5232285581387	83.85783169728113
1863.2360740380593	83.97734737242371
1890.3374668026197	84.09849984804629
1917.833058402214	84.22118637030027
1945.7285825909298	84.34527125990402
1974.0298565222283	84.47056509392621
2002.7427819620161	84.59679913299328
2031.8733465193618	84.72362904640352
2061.4276248951132	84.85061204796872
2091.411780148677	84.9772138243159
2121.832064983222	85.1027945462902
2152.694823049581	85.22663113675505
2184.0064902691106	85.34795085878497
2215.7735961758003	85.46591054727938
2248.002765277899	85.57960226546012
2280.7007184393456	85.68803418144576
2313.874274281297	85.79014263166697
2347.530350604038	85.88480079618338
2381.6759658295764	85.97084164061705
2416.318240465218	86.04706693337988
2451.4643985884327	86.11228527646932
2487.1217693533167	86.16541875443875
2523.2977885189675	86.20557581523072
2560.0000000000887	86.2321634566477
2597.236057440151	86.24491055520843
2635.0137258074315	86.24384718886839
2673.340883014273	86.2292971355304
2712.225521559891	86.20194111050918
2751.6757501970797	86.1628231607464
2791.699795623158	86.11338525406163
2832.3060041955137	86.05536997466294
2873.502843672097	85.9906812385139
2915.2989049772345	85.9211388553605
2957.7029039931244	85.84830777305231
3000.723683377391	85.77344297855957
3044.370214407075	85.69752880515668
3088.6515988494466	85.62137687927253
3133.57707086003	85.54579434304806
3179.1559989082334	85.4717990901716
3225.3978877309914	85.40073882626612
3272.3123803148205	85.33415248798792
3319.9092599067053	85.27339546854003
3368.198452054235	85.21906784721631
3417.190026675413	85.17036149650686
3466.8942001585724	85.12470717713325
3517.3213374928373	85.07817284733763
3568.4819544295697	85.02660046543907
3620.386719675257	84.96701108690173
3673.0464571162966	84.89851704939556
3726.472148076138	84.82240226695134
3780.6749336052594	84.74161154309657
3835.6661168044484	84.66002304350154
3891.45716518188	84.58169352807117
3948.059713044477	84.51023379350397
4005.4855639240527	84.44833108223764
4063.746693038744	84.39731361343692
4122.855249790247	84.35696337136125
4182.823560297375	84.32570869463399
4243.664129966465	84.3011921309528
4305.389646099183	84.28094491650272
4368.012980538242	84.2628721355027
4431.5471923516225	84.24540194176163
4496.00553055582	84.2272698430065
4561.401436878714	84.20728272889379
4627.748548562617	84.18419859521828
4695.060701208099	84.15664802923816
4763.351931659176	84.12320092294857
4832.63648093046	84.08262558609962
4902.928797176889	84.0340445299647
4974.243538706657	83.9769041851101
5046.595577037959	83.91082149162949
5120.000000000202	83.83549922598691
5194.472114880326	83.75084254266467
5270.027451614888	83.65733285595002
5346.6817660285715	83.5561597236248
5424.451043119808	83.44874166152513
5503.351500394186	83.33615549588612
5583.399591246343	83.21897200524188
5664.612008391055	83.09784720862982
5747.005687344222	82.9746225186333
5830.597809954497	82.8530585777578
5915.405807986278	82.73879287953002
6001.447366754812	82.63835455362027
6088.740428814181	82.55733389375865
6177.303197698925	82.49852624732121
6267.154141720092	82.4613067079544
6358.3119978165005	82.44217244600209
6450.795775462017	82.43589886007976
6544.624760629676	82.43728266598205
6639.818519813445	82.4428861327105
6736.396904108505	82.4529401971368
6834.380053350861	82.47306328208597
6933.788400317181	82.51512211626095
7034.642674985712	82.59659800956891
7136.963908859177	82.73817728514987
7240.773439350552	82.96030843445766
7346.092914232631	83.2797969152176
7452.944296152315	83.70636823850013
7561.349867210557	84.23769609701569
7671.332233608935	84.85184817460325
7782.914330363799	85.49882127377768
7896.119426088994	86.09117250729112
8010.971127848146	86.50188010827696
8127.49338607753	86.58290008732277
8245.710499580537	86.2044483359467
8365.647120594791	85.30203104518948
8487.328259932974	83.90914867917627
8610.77929219841	82.15556559599152
8736.025961076528	80.25365746359955
8863.094384703289	78.46294899156172
8992.011061111683	77.01976020871955
9122.802873757471	76.04730076734322
9255.497097125279	75.50660299560833
9390.121402416245	75.24415534192981
9526.7038633184	75.09386098058731
9665.272961860968	74.94641587978444
9805.857594353829	74.76004671666551
9948.487077413367	74.53711686791966
10093.19115407597	74.29671274148872
10240.000000000457	74.05827635015243
10388.944229760706	73.83842911523953
10540.05490322983	73.65008907281124
10693.363532057198	73.50080437778065
10848.902086239672	73.3930416230837
11006.703000788428	73.32219788984213
11166.799182492743	73.27554144546048
11329.224016782166	73.23355496373206
11494.0113746885	73.17348328592944
11661.195619909053	73.07767726643695
11830.811615972614	72.94371125623702
12002.894733509682	72.78931496515183
12177.48085762842	72.66323222360806
12354.606395397908	72.64906551731866
12534.308283440243	72.86487249416531
12716.62399563306	73.46282371595643
12901.591550924093	74.55318468959419
13089.249521259411	76.11030598843662
13279.637039626952	77.98422180303199
13472.793808217073	79.76756785957974
13668.760106701786	80.83962038097853
13867.576800634426	80.73596859989715
14069.285349971487	79.49413748419256
14273.927817718419	77.62476680788839
14481.54687870117	75.73695450210433
14692.18582846533	74.19868184278761
14905.888592304698	73.08445094269622
15122.699734421185	72.34341833397264
15342.664467217943	71.91735671373131
15565.828660727671	71.77362017889264
15792.238852178061	71.90317152243095
16021.942255696367	72.30881585468869
16254.986772155136	72.9775146374504
16491.42099916115	73.82598083326545
16731.294241189662	74.64472822676909
16974.65651986603	75.1211478310166
17221.558584396902	74.96824224220403
17472.051922153143	74.09668264409952
17726.188769406665	72.68341146111501
17984.022122223458	71.06816270427227
18245.605747515034	69.57159309026024
18510.99419425065	68.36149946102628
18780.242804832582	67.40951070396683
19053.40772663689	66.54051672876652
19330.545923722028	65.55868466760376
19611.71518870775	64.44443530598807
19896.974154826825	63.48895864571475
20186.382308152035	62.936065493915606