* Measurement data measured by REW V5.31.3
* Source: Microphone (JadeAudio JA11), MICROPHONE (Master Volume), R, volume: 0.250
* Format: 256k Log Swept Sine, 1 sweep at -8.9 dBFS with no timing reference
* Dated: Mar 11, 2025 8:28:58 PM
* REW Settings:
*  C-weighting compensation: Off
*  Target level: 75.0 dB
* Note: 
* Measurement: L Mino (SBC, Nuarl 7)
* Smoothing: 1/24 octave
* Frequency Step: 1/48 octave
* Start Frequency: 20.000 Hz
*
* Freq(Hz)	SPL(dB)	Phase(degrees)
20.000000	97.953	-134.4778
20.299999	97.944	-136.7831
20.600000	97.936	-139.0876
20.900000	97.931	-141.3885
21.200001	97.928	-143.6814
21.400000	97.928	-145.2034
21.799999	97.932	-148.2247
22.000000	97.936	-149.7212
22.400000	97.948	-152.6789
22.700001	97.960	-154.8618
23.000000	97.974	-157.0109
23.299999	97.989	-159.1241
23.600000	98.004	-161.2007
24.000000	98.023	-163.9133
24.299999	98.037	-165.9084
24.700001	98.053	-168.5221
25.000000	98.062	-170.4529
25.400000	98.070	-172.9955
25.799999	98.074	-175.5104
26.200001	98.073	-178.0057
26.500000	98.070	-179.8692
26.900000	98.063	177.6512
27.200001	98.056	175.7919
27.600000	98.046	173.3096
28.000000	98.035	170.8234
28.500000	98.023	167.7146
29.000000	98.013	164.6144
29.500000	98.007	161.5317
30.000000	98.006	158.4719
30.400000	98.009	156.0438
30.700001	98.012	154.2368
31.100000	98.016	151.8508
31.500000	98.020	149.4958
32.000000	98.026	146.5987
32.500000	98.030	143.7488
33.000000	98.033	140.9362
33.500000	98.034	138.1513
34.000000	98.031	135.3880
34.500000	98.026	132.6406
35.000000	98.018	129.9024
35.500000	98.010	127.1683
36.000000	98.001	124.4365
36.500000	97.992	121.7096
37.000000	97.984	118.9906
37.500000	97.978	116.2820
38.200001	97.972	112.5136
38.700001	97.968	109.8455
39.500000	97.964	105.6275
40.000000	97.963	103.0230
40.599998	97.960	99.9265
41.200001	97.957	96.8583
41.799999	97.952	93.8140
42.500000	97.945	90.2851
43.099998	97.938	87.2758
43.700001	97.929	84.2792
44.400002	97.919	80.7975
45.000000	97.911	77.8243
45.500000	97.903	75.3568
46.200001	97.894	71.9222
46.799999	97.886	68.9973
47.500000	97.879	65.6019
48.200001	97.871	62.2253
48.700001	97.865	59.8282
49.400002	97.856	56.4937
50.000000	97.849	53.6521
50.799999	97.839	49.8835
51.500000	97.829	46.6062
52.200001	97.819	43.3476
53.000000	97.807	39.6448
53.799999	97.795	35.9642
54.500000	97.784	32.7585
55.200001	97.772	29.5650
56.000000	97.759	25.9331
57.000000	97.743	21.4155
58.000000	97.728	16.9254
59.000000	97.714	12.4664
60.000000	97.700	8.0177
60.799999	97.686	4.4863
61.500000	97.672	1.4298
62.200001	97.661	-1.6108
63.000000	97.648	-5.0824
64.000000	97.629	-9.4100
65.000000	97.610	-13.7177
66.000000	97.592	-18.0093
67.000000	97.573	-22.2792
68.000000	97.556	-26.5234
69.000000	97.538	-30.7413
70.000000	97.520	-34.9335
71.000000	97.501	-39.1053
72.000000	97.481	-43.2609
73.000000	97.461	-47.3990
74.000000	97.442	-51.5221
75.000000	97.422	-55.6302
76.199997	97.398	-60.5341
77.500000	97.372	-65.8178
78.800003	97.345	-71.0720
80.000000	97.320	-75.8986
81.199997	97.294	-80.7051
82.500000	97.267	-85.8926
83.800003	97.239	-91.0596
85.000000	97.213	-95.8075
86.199997	97.187	-100.5342
87.500000	97.158	-105.6301
88.500000	97.136	-109.5327
90.000000	97.102	-115.3630
91.199997	97.074	-120.0066
92.500000	97.043	-125.0190
93.800003	97.012	-130.0140
95.000000	96.983	-134.6052
96.199997	96.955	-139.1790
97.500000	96.925	-144.1155
98.800003	96.894	-149.0339
100.000000	96.864	-153.5607
101.500000	96.826	-159.2024
103.000000	96.788	-164.8268
104.400002	96.752	-170.0576
106.000000	96.712	-176.0120
107.500000	96.674	178.4279
109.000000	96.634	172.8864
110.599998	96.591	166.9932
112.000000	96.551	161.8539
113.800003	96.499	155.2709
115.000000	96.463	150.8977
117.199997	96.395	142.9241
118.000000	96.370	140.0391
120.599998	96.288	130.7028
122.000000	96.243	125.6979
124.099998	96.177	118.2154
125.000000	96.148	115.0177
126.500000	96.101	109.6971
128.000000	96.053	104.3887
131.500000	95.946	92.0416
132.000000	95.931	90.2810
134.000000	95.873	83.2501
136.000000	95.816	76.2389
138.000000	95.761	69.2393
140.000000	95.707	62.2534
143.000000	95.632	51.8010
145.000000	95.582	44.8630
147.500000	95.521	36.2354
150.000000	95.461	27.6437
152.500000	95.401	19.0835
155.000000	95.343	10.5518
157.500000	95.286	2.0485
160.000000	95.230	-6.4330
162.500000	95.176	-14.8920
165.000000	95.122	-23.3258
167.500000	95.069	-31.7290
170.000000	95.017	-40.1043
172.500000	94.966	-48.4567
175.000000	94.916	-56.7878
177.500000	94.866	-65.0994
180.000000	94.816	-73.3853
182.500000	94.766	-81.6367
185.000000	94.714	-89.8575
187.500000	94.660	-98.0406
190.000000	94.608	-106.1747
192.500000	94.561	-114.2591
195.000000	94.519	-122.3280
197.500000	94.480	-130.4180
200.000000	94.441	-138.5288
203.000000	94.387	-148.2544
206.000000	94.324	-157.9448
209.000000	94.256	-167.5850
212.000000	94.189	-177.1431
214.000000	94.145	176.5271
218.000000	94.057	163.8979
220.000000	94.012	157.6030
224.000000	93.927	145.0505
227.000000	93.871	135.6578
230.000000	93.814	126.2931
233.000000	93.748	116.9539
236.000000	93.678	107.6582
240.000000	93.589	95.3727
243.000000	93.528	86.2153
247.000000	93.455	73.9690
250.000000	93.395	64.7286
254.000000	93.293	52.4379
258.000000	93.173	40.3032
262.000000	93.052	28.3230
265.000000	92.965	19.4080
269.000000	92.853	7.6089
272.000000	92.773	-1.1964
276.000000	92.670	-12.9288
280.000000	92.563	-24.6415
285.000000	92.425	-39.2141
290.000000	92.287	-53.6860
295.000000	92.144	-68.0435
300.000000	91.997	-82.2690
304.000000	91.878	-93.5656
307.000000	91.788	-101.9880
311.000000	91.669	-113.1497
315.000000	91.551	-124.2526
320.000000	91.403	-138.0516
325.000000	91.259	-151.7441
330.000000	91.117	-165.3374
335.000000	90.978	-178.8356
340.000000	90.839	167.7484
345.000000	90.700	154.4000
350.000000	90.561	141.1272
355.000000	90.426	127.9398
360.000000	90.293	114.8452
365.000000	90.161	101.8423
370.000000	90.033	88.9238
375.000000	89.908	76.0867
382.000000	89.740	58.2378
387.000000	89.623	45.5645
395.000000	89.439	25.4056
400.000000	89.326	12.8899
406.000000	89.193	-2.0381
412.000000	89.063	-16.8632
418.000000	88.935	-31.5862
425.000000	88.788	-48.6495
431.000000	88.662	-63.1865
437.000000	88.539	-77.6449
444.000000	88.399	-94.4092
450.000000	88.282	-108.6843
455.000000	88.189	-120.5164
462.000000	88.062	-136.9858
468.000000	87.958	-151.0192
475.000000	87.839	-167.2958
482.000000	87.723	176.5146
487.000000	87.641	165.0006
494.000000	87.530	148.9556
500.000000	87.437	135.2736
508.000000	87.317	117.1287
515.000000	87.215	101.3468
522.000000	87.111	85.6512
530.000000	86.989	67.8353
538.000000	86.864	50.1765
545.000000	86.756	34.8542
552.000000	86.654	19.6392
560.000000	86.546	2.3596
570.000000	86.425	-19.0974
580.000000	86.316	-40.4054
590.000000	86.216	-61.5715
600.000000	86.122	-82.6096
608.000000	86.048	-99.3550
615.000000	85.985	-113.9551
622.000000	85.922	-128.5017
630.000000	85.849	-145.0476
640.000000	85.760	-165.6030
650.000000	85.673	173.9915
660.000000	85.588	153.7449
670.000000	85.504	133.6501
680.000000	85.420	113.6970
690.000000	85.335	93.8811
700.000000	85.252	74.2039
710.000000	85.172	54.6694
720.000000	85.097	35.2720
730.000000	85.027	16.0034
740.000000	84.963	-3.1377
750.000000	84.902	-22.1570
762.000000	84.830	-44.8206
775.000000	84.752	-69.1843
788.000000	84.674	-93.3618
800.000000	84.602	-115.5061
812.000000	84.534	-137.4688
825.000000	84.466	-161.0344
838.000000	84.404	175.6313
850.000000	84.351	154.2930
862.000000	84.303	133.1392
875.000000	84.255	110.4075
885.000000	84.223	93.0466
900.000000	84.181	67.2131
912.000000	84.156	46.7324
925.000000	84.140	24.7432
938.000000	84.136	2.9531
950.000000	84.145	-16.9956
962.000000	84.165	-36.7993
975.000000	84.198	-58.1128
988.000000	84.244	-79.3020
1000.000000	84.297	-98.7615
1015.000000	84.378	-122.9673
1030.000000	84.477	-147.0337
1044.000000	84.584	-169.3652
1060.000000	84.721	165.2559
1075.000000	84.862	141.5974
1090.000000	85.012	118.0398
1106.000000	85.178	92.9949
1120.000000	85.327	71.1516
1138.000000	85.521	43.1587
1150.000000	85.651	24.5613
1172.000000	85.891	-9.3538
1180.000000	85.978	-21.6243
1206.000000	86.260	-61.2676
1220.000000	86.409	-82.4707
1241.000000	86.629	-114.1279
1250.000000	86.721	-127.6401
1265.000000	86.870	-150.0835
1280.000000	87.014	-172.4329
1315.000000	87.335	135.8416
1320.000000	87.379	128.5088
1340.000000	87.553	99.3306
1360.000000	87.718	70.4033
1380.000000	87.876	41.7119
1400.000000	88.024	13.2310
1430.000000	88.228	-29.1035
1450.000000	88.353	-57.0720
1475.000000	88.499	-91.6956
1500.000000	88.635	-125.9058
1525.000000	88.765	-159.6985
1550.000000	88.887	166.9141
1575.000000	89.002	133.8784
1600.000000	89.110	101.1809
1625.000000	89.212	68.8137
1650.000000	89.312	36.7861
1675.000000	89.412	5.1279
1700.000000	89.513	-26.1521
1725.000000	89.615	-57.0542
1750.000000	89.718	-87.6028
1775.000000	89.822	-117.8408
1800.000000	89.925	-147.7891
1825.000000	90.026	-177.4668
1850.000000	90.128	153.1333
1875.000000	90.230	124.0457
1900.000000	90.333	95.2766
1925.000000	90.439	66.8337
1950.000000	90.547	38.7158
1975.000000	90.655	10.8916
2000.000000	90.764	-16.6709
2030.000000	90.896	-49.4209
2060.000000	91.028	-81.8384
2090.000000	91.164	-113.9121
2120.000000	91.304	-145.6104
2140.000000	91.401	-166.5254
2180.000000	91.602	152.1685
2200.000000	91.707	131.7563
2240.000000	91.918	91.2964
2270.000000	92.075	61.2314
2300.000000	92.236	31.4385
2330.000000	92.403	1.9790
2360.000000	92.569	-27.1641
2400.000000	92.792	-65.5479
2430.000000	92.962	-93.9663
2470.000000	93.194	-131.3892
2500.000000	93.367	-159.1592
2540.000000	93.585	164.1284
2580.000000	93.786	127.7773
2620.000000	93.972	91.8696
2650.000000	94.102	65.2578
2690.000000	94.265	30.2124
2720.000000	94.374	4.2559
2760.000000	94.491	-29.9365
2800.000000	94.572	-63.6450
2850.000000	94.622	-105.0459
2900.000000	94.630	-145.6011
2950.000000	94.626	174.7812
3000.000000	94.624	136.0986
3040.000000	94.630	105.7939
3070.000000	94.635	83.4209
3110.000000	94.636	54.0142
3150.000000	94.626	25.0596
3200.000000	94.595	-10.5132
3250.000000	94.539	-45.4204
3300.000000	94.465	-79.6108
3350.000000	94.378	-112.9976
3400.000000	94.282	-145.5410
3450.000000	94.185	-177.2061
3500.000000	94.084	151.9561
3550.000000	93.982	121.8584
3600.000000	93.880	92.4619
3650.000000	93.778	63.7158
3700.000000	93.682	35.6094
3750.000000	93.599	8.1855
3820.000000	93.504	-29.0669
3870.000000	93.449	-54.8516
3950.000000	93.366	-94.7070
4000.000000	93.315	-118.7949
4060.000000	93.261	-146.8994
4120.000000	93.223	-174.2021
4180.000000	93.213	159.2573
4250.000000	93.239	129.2593
4310.000000	93.284	104.3574
4370.000000	93.346	80.2290
4440.000000	93.427	53.0273
4500.000000	93.497	30.4673
4550.000000	93.557	12.1890
4620.000000	93.648	-12.6509
4680.000000	93.741	-33.2690
4750.000000	93.881	-56.5210
4820.000000	94.053	-78.9341
4870.000000	94.192	-94.4326
4940.000000	94.409	-115.4082
5000.000000	94.608	-132.7778
5080.000000	94.888	-155.2070
5150.000000	95.139	-174.2476
5220.000000	95.380	167.1626
5300.000000	95.635	146.4922
5380.000000	95.859	126.5503
5450.000000	96.015	109.7695
5520.000000	96.128	93.7139
5600.000000	96.199	76.3032
5700.000000	96.198	55.9189
5800.000000	96.102	37.1211
5900.000000	95.909	19.9321
6000.000000	95.638	4.4683
6080.000000	95.383	-6.5156
6150.000000	95.138	-15.0449
6220.000000	94.883	-22.4888
6300.000000	94.592	-29.6450
6400.000000	94.256	-36.7041
6500.000000	93.981	-42.0410
6600.000000	93.742	-46.0537
6700.000000	93.515	-48.7329
6800.000000	93.323	-49.8955
6900.000000	93.185	-49.5103
7000.000000	93.115	-47.5898
7100.000000	93.124	-44.2061
7200.000000	93.212	-39.6025
7300.000000	93.383	-34.0352
7400.000000	93.634	-27.7881
7500.000000	93.950	-21.1724
7620.000000	94.393	-13.0088
7750.000000	94.889	-4.2822
7880.000000	95.264	3.9683
8000.000000	95.344	11.3418
8120.000000	95.028	19.1587
8250.000000	94.183	29.5850
8380.000000	92.900	43.5190
8500.000000	91.473	60.1606
8620.000000	89.956	80.5771
8750.000000	88.325	106.6943
8850.000000	87.125	129.4062
9000.000000	85.474	167.5688
9120.000000	84.326	-158.8311
9250.000000	83.271	-120.5923
9380.000000	82.330	-81.6978
9500.000000	81.461	-45.0713
9620.000000	80.571	-6.8701
9750.000000	79.625	36.7407
9880.000000	78.728	82.5098
10000.000000	77.954	126.5581
10150.000000	77.057	-175.9092
10300.000000	76.229	-115.8638
10440.000000	75.517	-57.6377
10600.000000	74.804	11.6987
10750.000000	74.274	79.0762
10900.000000	73.892	147.8594
11060.000000	73.582	-138.3408
11200.000000	73.317	-73.1143
11380.000000	72.955	13.5703
11500.000000	72.719	73.4897
11720.000000	72.343	-172.8911
11800.000000	72.233	-130.4595
12060.000000	71.987	10.4536
12200.000000	71.921	87.8535
12410.000000	71.913	-153.2573
12500.000000	71.942	-101.4131
12650.000000	72.035	-13.7451
12800.000000	72.193	76.2197
13150.000000	72.840	-66.8154
13200.000000	72.967	-35.1519
13400.000000	73.579	93.5244
13600.000000	74.383	-135.7153
13800.000000	75.425	-3.0857
14000.000000	76.785	132.6279
14300.000000	79.714	-20.9014
14500.000000	82.354	134.5627
14750.000000	85.541	-62.8206
15000.000000	86.576	27.5398
15250.000000	84.508	121.7317
15500.000000	80.834	-44.5742
15750.000000	77.368	158.6099
16000.000000	74.734	-1.3369
16250.000000	72.808	-161.2256
16500.000000	71.361	79.2339
16750.000000	69.945	-156.5167
17000.000000	68.668	163.9927
17250.000000	68.031	-38.1523
17500.000000	67.646	-166.3308
17750.000000	67.415	55.5319
18000.000000	67.389	-78.1636
18250.000000	67.637	148.6083
18500.000000	68.238	27.0172
18750.000000	69.253	-101.2638
19000.000000	70.597	138.6712
19250.000000	71.812	39.8337
19500.000000	72.138	-147.5870
19750.000000	71.153	-16.2784
20000.000000	69.805	-110.0597
