20	80.55112566065367
20.290906698750476	80.53092210446604
20.586044732869844	80.51070290145415
20.885475648548283	80.49043796025552
21.189261887185914	80.47008859550184
21.49746679841394	80.44961631575534
21.810154653305165	80.42898814893195
22.12739065777668	80.4081803483067
22.449240966187475	80.38718207722368
22.77577269513385	80.36599858542793
23.107053937445478	80.34465346372642
23.44315377638505	80.32319035466469
23.784142300054445	80.30167284945414
24.130090616010463	80.2801811764196
24.481070866093134	80.2588055768411
24.837156241469714	80.23763686236761
25.1984209978975	80.21675516442639
25.56494047120865	80.1962190121672
25.936791093020236	80.17605697696261
26.3140504066728	80.15626324564548
26.69679708340074	80.13679787413497
27.08511093873791	80.11759156859031
27.47907294916184	80.09855356573777
27.878765268980047	80.07957890136083
28.284271247461966	80.06055171655166
28.695675446220072	80.04134431362239
29.11306365684382	80.02181663641652
29.536522918790062	80.0018221315478
29.966141537533712	79.9812230419597
30.402009102982383	79.95991254517921
30.844216508158908	79.93783267669254
31.29285596815558	79.91497753036779
31.74802103936409	79.8913797837984
32.20980663898519	79.86709170206008
32.67830906482211	79.84217032113361
33.153626015361866	79.81667022873691
33.63585661014871	79.79064295313468
34.125101410453844	79.76413992658485
34.62146244024586	79.7372157271375
35.12504320746613	79.70992958936617
35.635948725613716	79.68234386474379
36.15428553564419	79.6545189095024
36.68016172818701	79.62650682801737
37.21368696608603	79.5983438632175
37.754972507267915	79.5700407220663
38.30413122794313	79.54157315861472
38.86127764614443	79.51288025034557
39.4265279456077	79.48387412180416
40.000000000000206	79.45446146976259
40.58181339750116	79.42456561865832
41.1720894657399	79.39413921277847
41.77095129709678	79.3631675744705
42.37852377437204	79.33166854513463
42.9949335968281	79.29968972600957
43.62030930661056	79.26730029288694
44.25478131555359	79.23457240868828
44.89848193237519	79.2015540793568
45.55154539026795	79.16825065886269
46.21410787489121	79.13462903191679
46.88630755277036	79.10063831637912
47.56828460010916	79.06622542364373
48.260181232021196	79.03133938735849
48.962141732186545	78.99593482726819
49.674312482939705	78.95997695952079
50.39684199579528	78.92344504626993
51.129880942417586	78.88633416805996
51.873582186040764	78.84865469261128
52.628100813345895	78.8104290147917
53.393594166801776	78.7716854138804
54.17022187747612	78.7324487820377
54.95814589832399	78.69273008369285
55.75753053796041	78.65251848474098
56.56854249492426	78.61178169408679
57.39135089244048	78.5704809723994
58.226127313687975	78.5286001303415
59.073045837580466	78.48617353826516
59.932283075067765	78.44329169605452
60.804018205965114	78.40006422318878
61.68843301631817	78.35655404157713
62.58571193631152	78.31275450692189
63.49604207872855	78.26862417488537
64.41961327797075	78.22412053646691
65.35661812964459	78.17921335737594
66.3072520307241	78.13388563580405
67.27171322029778	78.08812686784405
68.25020282090806	78.04192463451594
69.2429248804921	77.99525885886888
70.25008641493265	77.94809743559712
71.27189745122783	77.90039744231404
72.30857107128878	77.8521163615002
73.36032345637442	77.80322707540309
74.42737393217246	77.75372398775514
75.50994501453623	77.7036170997083
76.60826245588666	77.65292129466341
77.72255529228926	77.60165040334569
78.85305589121582	77.54981735145414
80.00000000000082	77.4974362064144
81.16362679500274	77.4445216216344
82.34417893148023	77.39108420051635
83.541902594194	77.33712402506346
84.75704754874454	77.28263352128545
85.98986719365665	77.22760982761076
87.24061861322157	77.1720687463655
88.50956263110764	77.1160503849565
89.79696386475084	77.05961439622085
91.10309078053635	77.00283444190029
92.42821574978288	76.94579003936389
93.77261510554118	76.88855301283715
95.13656920021877	76.83117021493062
96.52036246404286	76.77365234124336
97.92428346437356	76.71598692019894
99.34862496587989	76.6581538184044
100.79368399159105	76.60013623045346
102.25976188483567	76.5419208910045
103.74716437208203	76.48349254720523
105.25620162669229	76.4248362750701
106.78718833360406	76.36594622763016
108.34044375495276	76.30683128527188
109.9162917966485	76.24751245256577
111.51506107592134	76.18801915404397
113.13708498984903	76.12838337724263
114.78270178488147	76.06862352428442
116.45225462737648	76.00873521935881
118.14609167516147	75.94869344780453
119.86456615013608	75.88845414631622
121.60803641193078	75.82796259813544
123.3768660326369	75.7671637740415
125.17142387262359	75.7060138363736
126.99208415745765	75.64449177617323
128.83922655594208	75.58260529150022
130.71323625928977	75.52039641405189
132.61450406144883	75.45795179748838
134.5434264405962	75.39541644964586
136.50040564181674	75.33300375495031
138.48584976098482	75.27098917473637
140.50017282986593	75.20967662933718
142.5437949024563	75.14935530533573
144.61714214257822	75.09028749117206
146.7206469127495	75.03272489331951
148.8547478643456	74.97691139685467
151.01989002907314	74.92305695957997
153.216524911774	74.87129030391858
155.4451105845792	74.82161102732191
157.70611178243232	74.77386957534091
160.00000000000236	74.72779845861359
162.3272535900062	74.68309120472722
164.6883578629612	74.63947937076405
167.08380518838874	74.59676262616611
169.51409509748981	74.55480881691174
171.97973438731407	74.5135418666254
174.4812372264439	74.47292609630968
177.01912526221608	74.43294426853025
179.5939277295025	74.39358334284175
182.20618156107355	74.35484260329582
184.85643149956664	74.31673781379911
187.54523021108326	74.27929081960787
190.27313840043846	74.24251947775711
193.04072492808663	74.20644439322402
195.84856692874806	74.17110550652187
198.69724993176072	74.13656861425287
201.58736798318304	74.10292141811901
204.5195237696723	74.07026137556493
207.49432874416505	74.03868290129292
210.5124032533856	74.00826364881
213.57437666720915	73.97904142721393
216.68088750990657	73.95100087835272
219.83258359329807	73.92408425624795
223.03012215184378	73.89820999506392
226.2741699796992	73.87328856786682
229.5654035697641	73.84923643620112
232.90450925475412	73.82599208052673
236.2921833503241	73.80352991637578
239.72913230027333	73.78186950076899
243.21607282386276	73.76107277947679
246.75373206527502	73.74123617204376
250.34284774524843	73.72248082195068
253.9841683149166	73.70493754780962
257.67845311188546	73.68872754113633
261.42647251858085	73.6739376086406
265.22900812289896	73.66059819184974
269.08685288119375	73.64867381156988
273.0008112836349	73.6380648661768
276.97169952197106	73.628620741027
281.00034565973334	73.62016769274415
285.0875898049141	73.61253867063598
289.23428428515797	73.60559017239153
293.44129382550057	73.59920858581361
297.7094957286928	73.59331149132757
302.0397800581479	73.58784951144013
306.4330498235497	73.58280371680237
310.89022116916016	73.5781758413305
315.41222356486645	73.57397387698224
320.00000000000654	73.57020242044268
324.6545071800142	73.56686055792703
329.3767157259242	73.56394272533551
334.16761037677935	73.56143914814922
339.02819019498156	73.55933151740413
343.95946877463007	73.55758987565531
348.9624744528898	73.5561721902957
354.03825052443415	73.55503111631523
359.187855459007	73.55412602296816
364.4123631221491	73.55342960194275
369.71286299913527	73.55292141319688
375.0904604221685	73.5525756799199
380.54627680087896	73.55236917635871
386.08144985617537	73.55229871378086
391.6971338574982	73.55238349592969
397.3944998635236	73.55264517270875
403.1747359663683	73.55308505573865
409.0390475393468	73.55367490105996
414.9886574883323	73.55436845768872
421.0248065067734	73.55511553861076
427.1487533344206	73.5558704225539
433.3617750198154	73.55659459465373
439.6651671865984	73.55725503314459
446.06024430368984	73.55782270104088
452.54833995940066	73.55827266125968
459.13080713953053	73.55858410515921
465.8090185095106	73.55873655637295
472.58436670065066	73.55869915416241
479.45826460054917	73.5584225065074
486.432145647728	73.55784629954881
493.50746413055253	73.55691247376339
500.6856954904994	73.55557739953314
507.9683366298358	73.55381441746354
515.3569062237735	73.5516214060869
522.8529450371643	73.5490284431651
530.4580162458005	73.54608969185928
538.1737057623901	73.5428751076763
546.0016225672724	73.53945773871524
553.9433990439449	73.53589339335839
562.0006913194694	73.53222165135335
570.1751796098309	73.52847677083014
578.4685685703187	73.52469756386813
586.8825876510039	73.52093606847734
595.4189914573883	73.51726558941293
604.0795601162986	73.51376909611986
612.8660996471021	73.51052030290842
621.780442338323	73.50757375442639
630.8244471297356	73.50496935834612
640.0000000000159	73.5027408392868
649.3090143600314	73.50092246335296
658.7534314518515	73.49954914437042
668.3352207535618	73.49865507563628
678.0563803899662	73.49827762237709
687.9189375492632	73.49845240822327
697.9249489057827	73.49921683016682
708.0765010488715	73.50061104438389
718.3757109180171	73.50267791941985
728.8247262443015	73.50548195505941
739.425725998274	73.50913617538394
750.1809208443404	73.51380482322838
761.0925536017613	73.51970465832315
772.1628997123541	73.52709725779462
783.3942677149998	73.5362710001523
794.7889997270506	73.54752398489849
806.34947193274	73.5611701906029
818.0780950786972	73.57754047047264
829.9773149766683	73.59695894844172
842.0496130135506	73.61972804044561
854.2975066688449	73.6461493394793
866.7235500396347	73.676549087733
879.3303343732008	73.71126349067933
892.1204886073838	73.7506042534422
905.0966799188055	73.79483402283485
918.2616142790653	73.84415965894027
931.6180370190256	73.89872341012304
945.1687334013056	73.9585968847044
958.9165292011028	74.02378137320288
972.8642912954606	74.09421839992329
987.0149282611097	74.16979796694174
1001.3713909810035	74.25034902977266
1015.9366732596762	74.33561164034224
1030.7138124475518	74.42524146189267
1045.7058900743334	74.51882008748764
1060.916032491606	74.61586596365161
1076.3474115247852	74.71586314884577
1092.0032451345498	74.81827851195446
1107.8867980878947	74.92256020231248
1124.0013826389438	75.02815958631837
1140.350359219667	75.13455159578331
1156.9371371406426	75.24124501190256
1173.765175302013	75.34779458491317
1190.837982914782	75.45381373020508
1208.1591202326028	75.55898024632278
1225.73219929421	75.6630369683345
1243.5608846766518	75.76580618567154
1261.648894259477	75.86718913164154
1280.0000000000375	75.96716311297445
1298.6180287200684	76.0657776007074
1317.5068629037087	76.16315274114837
1336.6704415071292	76.25945417665442
1356.112760779938	76.35490260547661
1375.8378750985323	76.44975324265634
1395.8498978115715	76.5442752339616
1416.153002097749	76.63874447737679
1436.7514218360407	76.7334523364411
1457.6494524886093	76.82870169591305
1478.8514519965543	76.92479754392
1500.3618416886875	77.02202004245878
1522.1851072035295	77.12061105278848
1544.3257994247153	77.2207665131591
1566.788535430007	77.32263554015543
1589.5779994541087	77.42632756915768
1612.6989438654878	77.53193510843589
1636.156190157402	77.63956422749808
1659.9546299533442	77.7493837936975
1684.099226027109	77.86168496661291
1708.5950133376978	77.97693148218039
1733.4471000792773	78.09579920820147
1758.6606687464096	78.21919565854327
1784.2409772147755	78.34822559388068
1810.193359837619	78.4840606739918
1836.5232285581387	78.62771060769984
1863.2360740380593	78.77969588522001
1890.3374668026197	78.93972268936943
1917.833058402214	79.1065269474648
1945.7285825909298	79.27806119907598
1974.0298565222283	79.45202208028485
2002.7427819620161	79.62644365018134
2031.8733465193618	79.80007511197934
2061.4276248951132	79.9723880572931
2091.411780148677	80.1433585078249
2121.832064983222	80.31322165370304
2152.694823049581	80.48228231730187
2184.0064902691106	80.65080221561863
2215.7735961758003	80.81892648642824
2248.002765277899	80.98670358316491
2280.7007184393456	81.1541246067537
2313.874274281297	81.32114771866766
2347.530350604038	81.48764885793224
2381.6759658295764	81.65329240649969
2416.318240465218	81.81729900914505
2451.4643985884327	81.97819223263636
2487.1217693533167	82.13370594120187
2523.2977885189675	82.28094454264371
2560.0000000000887	82.41685134837843
2597.236057440151	82.53874518507286
2635.0137258074315	82.6447364509172
2673.340883014273	82.73392496185173
2712.225521559891	82.80636994572716
2751.6757501970797	82.8627980014567
2791.699795623158	82.90436712962932
2832.3060041955137	82.93237304477077
2873.502843672097	82.94799030712754
2915.2989049772345	82.95202487969806
2957.7029039931244	82.94488282100991
3000.723683377391	82.92680828672101
3044.370214407075	82.89835572210268
3088.6515988494466	82.86093341224597
3133.57707086003	82.81708724461298
3179.1559989082334	82.77033521448485
3225.3978877309914	82.72451407289857
3272.3123803148205	82.68281676334209
3319.9092599067053	82.64695081567436
3368.198452054235	82.61682931784419
3417.190026675413	82.59092944725553
3466.8942001585724	82.56700211933023
3517.3213374928373	82.5427004951338
3568.4819544295697	82.51600190498002
3620.386719675257	82.48552757181031
3673.0464571162966	82.45056872857255
3726.472148076138	82.41082498400206
3780.6749336052594	82.36616538698875
3835.6661168044484	82.31660764773765
3891.45716518188	82.26236576182328
3948.059713044477	82.20394271353774
4005.4855639240527	82.14214275169249
4063.746693038744	82.07812397376057
4122.855249790247	82.01317159483706
4182.823560297375	81.9482902553198
4243.664129966465	81.88370016605955
4305.389646099183	81.81856724283642
4368.012980538242	81.75126766105437
4431.5471923516225	81.67996809773526
4496.00553055582	81.60325941103487
4561.401436878714	81.52042451693426
4627.748548562617	81.4313739347263
4695.060701208099	81.33664685165871
4763.351931659176	81.23750231569885
4832.63648093046	81.13565920627576
4902.928797176889	81.03280005134978
4974.243538706657	80.93006339898696
5046.595577037959	80.82778621203471
5120.000000000202	80.72563842303309
5194.472114880326	80.62295466454958
5270.027451614888	80.5188866822496
5346.6817660285715	80.41239333125161
5424.451043119808	80.30232294022082
5503.351500394186	80.18787564544971
5583.399591246343	80.0693684725441
5664.612008391055	79.94874702361112
5747.005687344222	79.82929660205025
5830.597809954497	79.71501797659845
5915.405807986278	79.60984768385076
6001.447366754812	79.51664752655378
6088.740428814181	79.43625701706324
6177.303197698925	79.36744415950304
6267.154141720092	79.30788451033214
6358.3119978165005	79.25482505898094
6450.795775462017	79.2051906737111
6544.624760629676	79.15629546579811
6639.818519813445	79.1071497799091
6736.396904108505	79.06006066048468
6834.380053350861	79.02197816550174
6933.788400317181	79.00482871166678
7034.642674985712	79.02433939891185
7136.963908859177	79.09734848206628
7240.773439350552	79.23832322196597
7346.092914232631	79.456614159916
7452.944296152315	79.75394478595236
7561.349867210557	80.11981409502413
7671.332233608935	80.52430512339875
7782.914330363799	80.91116709007463
7896.119426088994	81.1918910973489
8010.971127848146	81.2482557448445
8127.49338607753	80.95416287476417
8245.710499580537	80.21324828169342
8365.647120594791	78.9993468003358
8487.328259932974	77.38030718661972
8610.77929219841	75.50850662069236
8736.025961076528	73.59825431247754
8863.094384703289	71.88659998700246
8992.011061111683	70.57437035199278
9122.802873757471	69.76363685489503
9255.497097125279	69.42709582132213
9390.121402416245	69.43969132033673
9526.7038633184	69.6492074449354
9665.272961860968	69.93413865866266
9805.857594353829	70.22457139922345
9948.487077413367	70.49483809251831
10093.19115407597	70.74500203200354
10240.000000000457	70.98478388025121
10388.944229760706	71.22731813621212
10540.05490322983	71.485320503991
10693.363532057198	71.7681093052548
10848.902086239672	72.08167388789808
11006.703000788428	72.42610663333569
11166.799182492743	72.79424449257512
11329.224016782166	73.17240026042151
11494.0113746885	73.54136979085948
11661.195619909053	73.88431045316968
11830.811615972614	74.19798188653519
12002.894733509682	74.5035088561774
12177.48085762842	74.85760327964643
12354.606395397908	75.3505248404393
12534.308283440243	76.08852024708088
12716.62399563306	77.16751194638127
12901.591550924093	78.56556105924363
13089.249521259411	80.02553597586926
13279.637039626952	81.05967026559361
13472.793808217073	81.15875379347322
13668.760106701786	80.10007157736038
13867.576800634426	78.14576918085201
14069.285349971487	75.86480961188761
14273.927817718419	73.76650400235859
14481.54687870117	72.1370327690059
14692.18582846533	71.00974512246673
14905.888592304698	70.28199940016674
15122.699734421185	69.86619581076236
15342.664467217943	69.72127185294981
15565.828660727671	69.83755384186978
15792.238852178061	70.2266407851311
16021.942255696367	70.91141634784114
16254.986772155136	71.89012831877454
16491.42099916115	73.05569842885042
16731.294241189662	74.11752741873845
16974.65651986603	74.6588433685098
17221.558584396902	74.3507757692468
17472.051922153143	73.16875748398321
17726.188769406665	71.41057774449612
17984.022122223458	69.5123580722335
18245.605747515034	67.83767747663703
18510.99419425065	66.57404842052625
18780.242804832582	65.72507443258488
19053.40772663689	65.14906123304031
19330.545923722028	64.62882505845987
19611.71518870775	64.0280937326463
19896.974154826825	63.46707516714823
20186.382308152035	63.125737690561536