* Measurement data measured by REW V5.31.3
* Source: Microphone (JadeAudio JA11), MICROPHONE (Master Volume), R, volume: 0.250
* Format: 512k Log Swept Sine, 1 sweep at -12.0 dBFS with no timing reference
* Dated: May 1, 2025 8:59:49 PM
* REW Settings:
*  C-weighting compensation: Off
*  Target level: 75.0 dB
* Note: 
* Measurement: R Tanchjim One (3.5, Narrow)
* Smoothing: 1/24 octave
* Frequency Step: 1/48 octave
* Start Frequency: 20.300 Hz
*
* Freq(Hz)	SPL(dB)	Phase(degrees)
20.299999	86.700	-146.1263
20.600000	86.746	-146.5108
20.900000	86.794	-146.9507
21.200001	86.843	-147.3870
21.400000	86.876	-147.6709
21.799999	86.944	-148.2152
22.000000	86.977	-148.4787
22.400000	87.039	-149.0351
22.700001	87.080	-149.4397
23.000000	87.116	-149.8399
23.299999	87.148	-150.2794
23.600000	87.178	-150.7160
24.000000	87.216	-151.2873
24.299999	87.244	-151.7490
24.700001	87.279	-152.3512
25.000000	87.306	-152.7901
25.400000	87.341	-153.4095
25.799999	87.377	-154.0131
26.200001	87.414	-154.6097
26.500000	87.442	-155.0519
26.900000	87.480	-155.6211
27.200001	87.508	-156.0322
27.600000	87.546	-156.5642
28.000000	87.584	-157.0828
28.500000	87.634	-157.7012
29.000000	87.680	-158.3022
29.500000	87.719	-158.8780
30.000000	87.753	-159.4372
30.400000	87.778	-159.8743
30.700001	87.796	-160.1917
31.100000	87.820	-160.6045
31.500000	87.841	-161.0171
32.000000	87.863	-161.5192
32.500000	87.879	-162.0470
33.000000	87.892	-162.5675
33.500000	87.906	-163.1042
34.000000	87.921	-163.6290
34.500000	87.938	-164.1564
35.000000	87.955	-164.6647
35.500000	87.970	-165.1638
36.000000	87.983	-165.6568
36.500000	87.996	-166.1576
37.000000	88.011	-166.6628
37.500000	88.028	-167.1460
38.200001	88.051	-167.7623
38.700001	88.061	-168.1642
39.500000	88.071	-168.7965
40.000000	88.077	-169.1989
40.599998	88.087	-169.6983
41.200001	88.096	-170.1992
41.799999	88.101	-170.6964
42.500000	88.103	-171.2695
43.099998	88.104	-171.7468
43.700001	88.105	-172.1937
44.400002	88.104	-172.6583
45.000000	88.102	-173.0570
45.500000	88.103	-173.4278
46.200001	88.106	-173.9872
46.799999	88.107	-174.4453
47.500000	88.104	-174.9305
48.200001	88.099	-175.4001
48.700001	88.096	-175.7355
49.400002	88.090	-176.1902
50.000000	88.085	-176.5595
50.799999	88.078	-177.0558
51.500000	88.072	-177.4996
52.200001	88.065	-177.9332
53.000000	88.055	-178.4055
53.799999	88.043	-178.8565
54.500000	88.030	-179.2447
55.200001	88.021	-179.6571
56.000000	88.010	179.8735
57.000000	87.984	179.3522
58.000000	87.961	178.8110
59.000000	87.937	178.5594
60.000000	87.909	178.4035
60.799999	87.904	177.8406
61.500000	87.902	177.2386
62.200001	87.890	176.8012
63.000000	87.871	176.4305
64.000000	87.848	175.9580
65.000000	87.824	175.5190
66.000000	87.800	175.0717
67.000000	87.777	174.6330
68.000000	87.752	174.2173
69.000000	87.726	173.8052
70.000000	87.699	173.3990
71.000000	87.671	173.0035
72.000000	87.643	172.6209
73.000000	87.616	172.2503
74.000000	87.590	171.8843
75.000000	87.563	171.5277
76.199997	87.530	171.1231
77.500000	87.493	170.6669
78.800003	87.454	170.2158
80.000000	87.420	169.8456
81.199997	87.384	169.4744
82.500000	87.343	169.0677
83.800003	87.304	168.6829
85.000000	87.270	168.3371
86.199997	87.234	167.9913
87.500000	87.195	167.6265
88.500000	87.163	167.3530
90.000000	87.116	166.9377
91.199997	87.079	166.6419
92.500000	87.038	166.3523
93.800003	86.995	166.0475
95.000000	86.957	165.7346
96.199997	86.921	165.4276
97.500000	86.882	165.1271
98.800003	86.840	164.8414
100.000000	86.801	164.5887
101.500000	86.753	164.2756
103.000000	86.706	163.9763
104.400002	86.662	163.7040
106.000000	86.612	163.3904
107.500000	86.563	163.1067
109.000000	86.513	162.8324
110.599998	86.462	162.5571
112.000000	86.418	162.3150
113.800003	86.361	162.0143
115.000000	86.323	161.8214
117.199997	86.252	161.4804
118.000000	86.225	161.3630
120.599998	86.141	161.0259
122.000000	86.097	160.8549
124.099998	86.032	160.5849
125.000000	86.004	160.4583
126.500000	85.957	160.2478
128.000000	85.911	160.0513
131.500000	85.800	159.6355
132.000000	85.785	159.5786
134.000000	85.724	159.3793
136.000000	85.663	159.2117
138.000000	85.604	159.0461
140.000000	85.548	158.8695
143.000000	85.454	158.5781
145.000000	85.391	158.4007
147.500000	85.316	158.1863
150.000000	85.240	157.9855
152.500000	85.164	157.8275
155.000000	85.091	157.6766
157.500000	85.019	157.5226
160.000000	84.947	157.3936
162.500000	84.876	157.2815
165.000000	84.806	157.1752
167.500000	84.737	157.0650
170.000000	84.668	156.9661
172.500000	84.601	156.8801
175.000000	84.533	156.7844
177.500000	84.462	156.6954
180.000000	84.392	156.6326
182.500000	84.329	156.5501
185.000000	84.268	156.4705
187.500000	84.203	156.4307
190.000000	84.139	156.4122
192.500000	84.074	156.4096
195.000000	84.009	156.3990
197.500000	83.945	156.3784
200.000000	83.882	156.3624
203.000000	83.807	156.3477
206.000000	83.731	156.3593
209.000000	83.657	156.3721
212.000000	83.588	156.4367
214.000000	83.540	156.4910
218.000000	83.429	156.5208
220.000000	83.374	156.5753
224.000000	83.276	156.8443
227.000000	83.214	157.0970
230.000000	83.160	157.2628
233.000000	83.109	157.3439
236.000000	83.054	157.4174
240.000000	82.984	157.5683
243.000000	82.941	157.7020
247.000000	82.883	157.8298
250.000000	82.837	157.8943
254.000000	82.778	157.9732
258.000000	82.718	158.0325
262.000000	82.647	158.0865
265.000000	82.592	158.1584
269.000000	82.519	158.3120
272.000000	82.470	158.4418
276.000000	82.413	158.5813
280.000000	82.359	158.6838
285.000000	82.284	158.7748
290.000000	82.202	158.9131
295.000000	82.120	159.0846
300.000000	82.039	159.2813
304.000000	81.975	159.4586
307.000000	81.929	159.5974
311.000000	81.869	159.7804
315.000000	81.810	159.9659
320.000000	81.737	160.2052
325.000000	81.665	160.4553
330.000000	81.594	160.7127
335.000000	81.526	160.9783
340.000000	81.460	161.2427
345.000000	81.396	161.5069
350.000000	81.332	161.7819
355.000000	81.271	162.0607
360.000000	81.211	162.3435
365.000000	81.153	162.6409
370.000000	81.095	162.9328
375.000000	81.039	163.2256
382.000000	80.962	163.6364
387.000000	80.908	163.9374
395.000000	80.825	164.4350
400.000000	80.775	164.7388
406.000000	80.715	165.0978
412.000000	80.656	165.4791
418.000000	80.599	165.8710
425.000000	80.533	166.3223
431.000000	80.477	166.7065
437.000000	80.424	167.1021
444.000000	80.363	167.5912
450.000000	80.314	168.0319
455.000000	80.276	168.4078
462.000000	80.230	168.9394
468.000000	80.195	169.3782
475.000000	80.160	169.8535
482.000000	80.124	170.2820
487.000000	80.096	170.5745
494.000000	80.055	170.9810
500.000000	80.018	171.3405
508.000000	79.970	171.8383
515.000000	79.927	172.2722
522.000000	79.887	172.7191
530.000000	79.843	173.2440
538.000000	79.801	173.7760
545.000000	79.765	174.2354
552.000000	79.730	174.6911
560.000000	79.690	175.2172
570.000000	79.645	175.8911
580.000000	79.602	176.5698
590.000000	79.562	177.2507
600.000000	79.524	177.9339
608.000000	79.495	178.4848
615.000000	79.471	178.9698
622.000000	79.449	179.4549
630.000000	79.425	-179.9915
640.000000	79.397	-179.3020
650.000000	79.371	-178.6154
660.000000	79.348	-177.9211
670.000000	79.327	-177.2195
680.000000	79.307	-176.5180
690.000000	79.290	-175.8112
700.000000	79.274	-175.0998
710.000000	79.260	-174.3928
720.000000	79.250	-173.6821
730.000000	79.243	-172.9653
740.000000	79.238	-172.2476
750.000000	79.236	-171.5345
762.000000	79.238	-170.6766
775.000000	79.244	-169.7402
788.000000	79.254	-168.8046
800.000000	79.268	-167.9418
812.000000	79.286	-167.0830
825.000000	79.309	-166.1534
838.000000	79.338	-165.2240
850.000000	79.369	-164.3767
862.000000	79.404	-163.5365
875.000000	79.448	-162.6385
885.000000	79.485	-161.9578
900.000000	79.546	-160.9485
912.000000	79.600	-160.1597
925.000000	79.663	-159.3297
938.000000	79.731	-158.5188
950.000000	79.797	-157.7968
962.000000	79.867	-157.0970
975.000000	79.946	-156.3624
988.000000	80.029	-155.6577
1000.000000	80.107	-155.0374
1015.000000	80.209	-154.3017
1030.000000	80.314	-153.6120
1044.000000	80.414	-153.0071
1060.000000	80.530	-152.3682
1075.000000	80.639	-151.8158
1090.000000	80.750	-151.3048
1106.000000	80.867	-150.8046
1120.000000	80.969	-150.4084
1138.000000	81.097	-149.9459
1150.000000	81.181	-149.6648
1172.000000	81.330	-149.2033
1180.000000	81.383	-149.0495
1206.000000	81.549	-148.5980
1220.000000	81.636	-148.3817
1241.000000	81.761	-148.0880
1250.000000	81.814	-147.9700
1265.000000	81.898	-147.7825
1280.000000	81.980	-147.6038
1315.000000	82.163	-147.2161
1320.000000	82.188	-147.1628
1340.000000	82.285	-146.9521
1360.000000	82.380	-146.7442
1380.000000	82.472	-146.5360
1400.000000	82.561	-146.3210
1430.000000	82.691	-145.9827
1450.000000	82.777	-145.7439
1475.000000	82.884	-145.4267
1500.000000	82.994	-145.0962
1525.000000	83.110	-144.7655
1550.000000	83.233	-144.4577
1575.000000	83.361	-144.1983
1600.000000	83.490	-143.9992
1625.000000	83.617	-143.8544
1650.000000	83.738	-143.7473
1675.000000	83.855	-143.6643
1700.000000	83.967	-143.5966
1725.000000	84.076	-143.5364
1750.000000	84.182	-143.4765
1775.000000	84.285	-143.4162
1800.000000	84.387	-143.3502
1825.000000	84.488	-143.2821
1850.000000	84.590	-143.2150
1875.000000	84.691	-143.1502
1900.000000	84.794	-143.0872
1925.000000	84.897	-143.0292
1950.000000	85.001	-142.9803
1975.000000	85.108	-142.9432
2000.000000	85.215	-142.9185
2030.000000	85.345	-142.9108
2060.000000	85.478	-142.9346
2090.000000	85.611	-142.9870
2120.000000	85.745	-143.0711
2140.000000	85.833	-143.1465
2180.000000	86.010	-143.3417
2200.000000	86.098	-143.4625
2240.000000	86.272	-143.7554
2270.000000	86.401	-144.0162
2300.000000	86.526	-144.3140
2330.000000	86.649	-144.6459
2360.000000	86.768	-145.0131
2400.000000	86.921	-145.5525
2430.000000	87.030	-145.9885
2470.000000	87.165	-146.6034
2500.000000	87.259	-147.0825
2540.000000	87.374	-147.7272
2580.000000	87.478	-148.3528
2620.000000	87.576	-148.9249
2650.000000	87.649	-149.3091
2690.000000	87.757	-149.7976
2720.000000	87.847	-150.1984
2760.000000	87.970	-150.8418
2800.000000	88.085	-151.6042
2850.000000	88.212	-152.6306
2900.000000	88.329	-153.7198
2950.000000	88.430	-154.9348
3000.000000	88.502	-156.2391
3040.000000	88.536	-157.2827
3070.000000	88.550	-158.0473
3110.000000	88.555	-159.0332
3150.000000	88.544	-159.9690
3200.000000	88.511	-161.0244
3250.000000	88.466	-161.9172
3300.000000	88.418	-162.6727
3350.000000	88.372	-163.3381
3400.000000	88.324	-163.9332
3450.000000	88.273	-164.4376
3500.000000	88.224	-164.8424
3550.000000	88.182	-165.1731
3600.000000	88.148	-165.4690
3650.000000	88.120	-165.7591
3700.000000	88.092	-166.0488
3750.000000	88.062	-166.3317
3820.000000	88.009	-166.6666
3870.000000	87.965	-166.8161
3950.000000	87.899	-166.8062
4000.000000	87.875	-166.6318
4060.000000	87.878	-166.3305
4120.000000	87.919	-166.0539
4180.000000	87.990	-165.9147
4250.000000	88.090	-165.9917
4310.000000	88.176	-166.2356
4370.000000	88.255	-166.5898
4440.000000	88.338	-167.0858
4500.000000	88.403	-167.5602
4550.000000	88.455	-167.9866
4620.000000	88.523	-168.6270
4680.000000	88.579	-169.2162
4750.000000	88.642	-169.9560
4820.000000	88.701	-170.7641
4870.000000	88.740	-171.3875
4940.000000	88.786	-172.3178
5000.000000	88.817	-173.1512
5080.000000	88.848	-174.2827
5150.000000	88.871	-175.2934
5220.000000	88.894	-176.3561
5300.000000	88.917	-177.6876
5380.000000	88.929	-179.1842
5450.000000	88.919	179.3655
5520.000000	88.880	177.8152
5600.000000	88.795	175.9960
5700.000000	88.626	173.7856
5800.000000	88.398	171.7825
5900.000000	88.126	170.0657
6000.000000	87.825	168.6674
6080.000000	87.572	167.7828
6150.000000	87.346	167.1776
6220.000000	87.119	166.7235
6300.000000	86.863	166.3786
6400.000000	86.554	166.1859
6500.000000	86.261	166.2274
6600.000000	85.989	166.4650
6700.000000	85.741	166.8591
6800.000000	85.520	167.3772
6900.000000	85.326	167.9869
7000.000000	85.162	168.6561
7100.000000	85.028	169.3537
7200.000000	84.926	170.0364
7300.000000	84.856	170.6599
7400.000000	84.818	171.1843
7500.000000	84.811	171.5584
7620.000000	84.841	171.6987
7750.000000	84.910	171.2933
7880.000000	84.983	170.0926
8000.000000	85.004	168.1584
8120.000000	84.917	165.4784
8250.000000	84.628	162.0422
8380.000000	84.079	158.6855
8500.000000	83.337	156.4296
8620.000000	82.423	155.7137
8750.000000	81.362	157.2593
8850.000000	80.608	160.1798
9000.000000	79.779	166.7400
9120.000000	79.472	172.7638
9250.000000	79.478	178.7185
9380.000000	79.715	-176.7653
9500.000000	80.012	-174.0618
9620.000000	80.287	-172.5562
9750.000000	80.498	-171.8541
9880.000000	80.590	-171.6269
10000.000000	80.576	-171.4615
10150.000000	80.457	-170.9327
10300.000000	80.280	-169.7939
10440.000000	80.115	-168.1292
10600.000000	79.986	-165.6633
10750.000000	79.956	-163.0944
10900.000000	80.020	-160.6305
11060.000000	80.162	-158.4317
11200.000000	80.310	-156.9569
11380.000000	80.482	-155.5484
11500.000000	80.570	-154.7501
11720.000000	80.692	-153.1649
11800.000000	80.735	-152.4772
12060.000000	80.941	-149.7403
12200.000000	81.130	-148.0392
12410.000000	81.565	-145.4925
12500.000000	81.815	-144.4996
12650.000000	82.327	-143.1300
12800.000000	82.965	-142.3053
13150.000000	84.972	-144.4283
13200.000000	85.305	-145.4787
13400.000000	86.625	-152.3883
13600.000000	87.581	-163.9421
13800.000000	87.714	-178.4454
14000.000000	86.874	167.8369
14300.000000	84.467	154.9967
14500.000000	82.732	152.0487
14750.000000	80.854	152.6412
15000.000000	79.401	155.9556
15250.000000	78.352	160.6824
15500.000000	77.670	166.0943
15750.000000	77.343	171.7075
16000.000000	77.392	177.0773
16250.000000	77.880	-178.4714
16500.000000	78.914	-176.3320
16750.000000	80.492	-179.3468
17000.000000	82.090	168.8741
17250.000000	82.563	148.4084
17500.000000	81.073	126.4534
17750.000000	77.969	111.4152
18000.000000	74.259	105.5573
18250.000000	70.724	106.3962
18500.000000	67.637	110.7939
18750.000000	64.947	116.9126
19000.000000	62.550	123.9340
19250.000000	60.363	131.4411
19500.000000	58.336	139.3431
19750.000000	56.538	147.4344
20000.000000	55.402	153.9877
