20	83.23662057284966
20.290906698750476	83.20385902256342
20.586044732869844	83.17108737353335
20.885475648548283	83.13829063533845
21.189261887185914	83.10545260754148
21.49746679841394	83.0725607096668
21.810154653305165	83.03960965897811
22.12739065777668	83.00660436241192
22.449240966187475	82.9735622917833
22.77577269513385	82.94051505730096
23.107053937445478	82.9075093114381
23.44315377638505	82.87460709485138
23.784142300054445	82.84188558231389
24.130090616010463	82.80943607649208
24.481070866093134	82.7773621460865
24.837156241469714	82.74577697049261
25.1984209978975	82.71479986235236
25.56494047120865	82.684552480168
25.936791093020236	82.65515529927856
26.3140504066728	82.6267245522119
26.69679708340074	82.59936956320715
27.08511093873791	82.57319041357194
27.47907294916184	82.54827572421058
27.878765268980047	82.52470061309096
28.284271247461966	82.50252535485377
28.695675446220072	82.48179507064968
29.11306365684382	82.46253980312932
29.536522918790062	82.44477402012397
29.966141537533712	82.42849500559917
30.402009102982383	82.413680498764
30.844216508158908	82.40028741912867
31.29285596815558	82.38825292492817
31.74802103936409	82.37749733443538
32.20980663898519	82.36792686803156
32.67830906482211	82.35943498155059
33.153626015361866	82.35190305143836
33.63585661014871	82.34520154570284
34.125101410453844	82.33919178131467
34.62146244024586	82.33372717622935
35.12504320746613	82.32865360852169
35.635948725613716	82.32381007582516
36.15428553564419	82.31903078923243
36.68016172818701	82.31414790197029
37.21368696608603	82.30899317377444
37.754972507267915	82.3033987640598
38.30413122794313	82.29719887248275
38.86127764614443	82.29023302990925
39.4265279456077	82.2823494524131
40.000000000000206	82.27340626678884
40.58181339750116	82.26327157600504
41.1720894657399	82.25182444125693
41.77095129709678	82.23895696726001
42.37852377437204	82.22457564989813
42.9949335968281	82.20860112857336
43.62030930661056	82.19096710013886
44.25478131555359	82.1716186037672
44.89848193237519	82.15050972094346
45.55154539026795	82.12760227294049
46.21410787489121	82.10286642316693
46.88630755277036	82.07628202345393
47.56828460010916	82.0478382925405
48.260181232021196	82.01753173751095
48.962141732186545	81.98536430775715
49.674312482939705	81.95134252130038
50.39684199579528	81.91547634346722
51.129880942417586	81.87777807436129
51.873582186040764	81.8382620260965
52.628100813345895	81.79694452589011
53.393594166801776	81.75384314932796
54.17022187747612	81.70897603948134
54.95814589832399	81.66236287722674
55.75753053796041	81.61402656881712
56.56854249492426	81.56399330223937
57.39135089244048	81.51229030986173
58.226127313687975	81.4589432286181
59.073045837580466	81.40397551917314
59.932283075067765	81.34740997459149
60.804018205965114	81.28926978585426
61.68843301631817	81.22957786129001
62.58571193631152	81.16835656820048
63.49604207872855	81.10562714322897
64.41961327797075	81.04140863977692
65.35661812964459	80.9757169942002
66.3072520307241	80.90856464375226
67.27171322029778	80.83996122750624
68.25020282090806	80.76991496267689
69.2429248804921	80.6984337009751
70.25008641493265	80.62552528733183
71.27189745122783	80.55119647172228
72.30857107128878	80.47545183943454
73.36032345637442	80.398293881524
74.42737393217246	80.31972385708309
75.50994501453623	80.23974329737862
76.60826245588666	80.15835470509789
77.72255529228926	80.07556112051603
78.85305589121582	79.99136596337928
80.00000000000082	79.90577368106187
81.16362679500274	79.81879027957112
82.34417893148023	79.7304237630767
83.541902594194	79.64068400545153
84.75704754874454	79.54958253932885
85.98986719365665	79.457133654034
87.24061861322157	79.36335552810382
88.50956263110764	79.26827014084466
89.79696386475084	79.17190214872167
91.10309078053635	79.07427698784444
92.42821574978288	78.97541749338922
93.77261510554118	78.87534235094078
95.13656920021877	78.77406831986806
96.52036246404286	78.67161361554334
97.92428346437356	78.56799890018597
99.34862496587989	78.4632458882489
100.79368399159105	78.35737574823246
102.25976188483567	78.250409387894
103.74716437208203	78.14236942951027
105.25620162669229	78.03328163740517
106.78718833360406	77.92317466182311
108.34044375495276	77.81207880439882
109.9162917966485	77.70002516320532
111.51506107592134	77.58704672291245
113.13708498984903	77.47318125206357
114.78270178488147	77.35847330308074
116.45225462737648	77.2429750582389
118.14609167516147	77.12674700745643
119.86456615013608	77.00985720221581
121.60803641193078	76.89237806382359
123.3768660326369	76.77438209420058
125.17142387262359	76.65594162152394
126.99208415745765	76.53713179046257
128.83922655594208	76.41803255721496
130.71323625928977	76.2987282039239
132.61450406144883	76.17930658954386
134.5434264405962	76.0598595659334
136.50040564181674	75.94048317549927
138.48584976098482	75.82127628428066
140.50017282986593	75.7023386363186
142.5437949024563	75.58377399002906
144.61714214257822	75.46569618695486
146.7206469127495	75.34823028981056
148.8547478643456	75.23151177450701
151.01989002907314	75.11568717950188
153.216524911774	75.00091457130844
155.4451105845792	74.88736309559457
157.70611178243232	74.7752123255348
160.00000000000236	74.66465170266702
162.3272535900062	74.5558787342426
164.6883578629612	74.44909427467793
167.08380518838874	74.34449619331926
169.51409509748981	74.24227368843664
171.97973438731407	74.14260250825147
174.4812372264439	74.04564006298958
177.01912526221608	73.95152117960433
179.5939277295025	73.86035788312034
182.20618156107355	73.77224311951183
184.85643149956664	73.68725590158165
187.54523021108326	73.60546572172873
190.27313840043846	73.52693332326454
193.04072492808663	73.45170817994097
195.84856692874806	73.37982400330444
198.69724993176072	73.31129356320872
201.58736798318304	73.24610659236913
204.5195237696723	73.18423210077377
207.49432874416505	73.12562282932022
210.5124032533856	73.07021995181789
213.57437666720915	73.01795964257094
216.68088750990657	72.96878096202778
219.83258359329807	72.92263066897243
223.03012215184378	72.87946262677349
226.2741699796992	72.83923598456046
229.5654035697641	72.8019151095101
232.90450925475412	72.76747017989817
236.2921833503241	72.7358768816322
239.72913230027333	72.70711507266965
243.21607282386276	72.68116691486243
246.75373206527502	72.65801389408128
250.34284774524843	72.63763305694658
253.9841683149166	72.61999529509504
257.67845311188546	72.60506522853582
261.42647251858085	72.5928011543384
265.22900812289896	72.5831550371638
269.08685288119375	72.57607316259035
273.0008112836349	72.57149604272422
276.97169952197106	72.56935849048735
281.00034565973334	72.56959109002504
285.0875898049141	72.57212092510717
289.23428428515797	72.57687128215005
293.44129382550057	72.58376079828673
297.7094957286928	72.59270383480087
302.0397800581479	72.60360963663095
306.4330498235497	72.6163807646827
310.89022116916016	72.63091215824181
315.41222356486645	72.64709161628988
320.00000000000654	72.66480180737231
324.6545071800142	72.68392352966882
329.3767157259242	72.70434019521362
334.16761037677935	72.72594057390047
339.02819019498156	72.74861788260007
343.95946877463007	72.77226688162897
348.9624744528898	72.79678276276302
354.03825052443415	72.82206223985196
359.187855459007	72.84800463390488
364.4123631221491	72.8745118653688
369.71286299913527	72.90148776969707
375.0904604221685	72.92883888026293
380.54627680087896	72.9564761667892
386.08144985617537	72.98431675491328
391.6971338574982	73.01228407968516
397.3944998635236	73.04030740886644
403.1747359663683	73.06832186213005
409.0390475393468	73.09626914686059
414.9886574883323	73.12409795149456
421.0248065067734	73.1517626164235
427.1487533344206	73.1792221981749
433.3617750198154	73.20644130193207
439.6651671865984	73.23339220698783
446.06024430368984	73.26005734317687
452.54833995940066	73.2864296301822
459.13080713953053	73.31251082031338
465.8090185095106	73.33831042661348
472.58436670065066	73.36384505681589
479.45826460054917	73.38913474012939
486.432145647728	73.41419601726687
493.50746413055253	73.43903513038889
500.6856954904994	73.4636430369954
507.9683366298358	73.48799353174641
515.3569062237735	73.51204449364371
522.8529450371643	73.53574223324753
530.4580162458005	73.55902586204635
538.1737057623901	73.58183484934405
546.0016225672724	73.60411569442785
553.9433990439449	73.62582464203479
562.0006913194694	73.64692754178725
570.1751796098309	73.66740055085262
578.4685685703187	73.68723071869208
586.8825876510039	73.70641520913735
595.4189914573883	73.7249603709015
604.0795601162986	73.74288005468269
612.8660996471021	73.76019451552818
621.780442338323	73.7769302888472
630.8244471297356	73.79312032167215
640.0000000000159	73.80880356732153
649.3090143600314	73.8240236555729
658.7534314518515	73.8388297549274
668.3352207535618	73.85327975637631
678.0563803899662	73.86744223372587
687.9189375492632	73.88139721919262
697.9249489057827	73.89523927417854
708.0765010488715	73.90907996710527
718.3757109180171	73.92304791721754
728.8247262443015	73.93728744273696
739.425725998274	73.95195627778934
750.1809208443404	73.96722258515362
761.0925536017613	73.98326301182446
772.1628997123541	74.000262115368
783.3942677149998	74.01841123628292
794.7889997270506	74.03790516872158
806.34947193274	74.05893681933586
818.0780950786972	74.08169183373768
829.9773149766683	74.10634368476941
842.0496130135506	74.13304836549477
854.2975066688449	74.16193803879457
866.7235500396347	74.19311400151885
879.3303343732008	74.22664052044527
892.1204886073838	74.26253995269805
905.0966799188055	74.30078936687437
918.2616142790653	74.34132097712472
931.6180370190256	74.38402134241572
945.1687334013056	74.428731593314
958.9165292011028	74.47525157084489
972.8642912954606	74.52334563141828
987.0149282611097	74.57275002252487
1001.3713909810035	74.62318596585922
1015.9366732596762	74.67437670029886
1030.7138124475518	74.72606555464412
1045.7058900743334	74.77803619678475
1060.916032491606	74.8301354871423
1076.3474115247852	74.88229687682639
1092.0032451345498	74.93456411941166
1107.8867980878947	74.9871092228044
1124.0013826389438	75.04024403548637
1140.350359219667	75.09442767225457
1156.9371371406426	75.15026268512155
1173.765175302013	75.20848062754644
1190.837982914782	75.26991527593465
1208.1591202326028	75.33546839005892
1225.73219929421	75.40606270987497
1243.5608846766518	75.4825940688293
1261.648894259477	75.56587715497595
1280.0000000000375	75.65659408064116
1298.6180287200684	75.75524760767524
1317.5068629037087	75.86212157491113
1336.6704415071292	75.97725521023708
1356.112760779938	76.10044622532305
1375.8378750985323	76.23126499098042
1395.8498978115715	76.36908297886589
1416.153002097749	76.51311230056277
1436.7514218360407	76.6624527112708
1457.6494524886093	76.81614133886565
1478.8514519965543	76.97320571208611
1500.3618416886875	77.13271136971301
1522.1851072035295	77.29380240437362
1544.3257994247153	77.45573208672944
1566.788535430007	77.61788070196384
1589.5779994541087	77.7797665826396
1612.6989438654878	77.9410475239345
1636.156190157402	78.10151327857828
1659.9546299533442	78.26107189539067
1684.099226027109	78.4197360263068
1708.5950133376978	78.57760965043845
1733.4471000792773	78.73486937859612
1758.6606687464096	78.89174403552556
1784.2409772147755	79.04849662675291
1810.193359837619	79.20540686379337
1836.5232285581387	79.362759304529
1863.2360740380593	79.52083286562863
1890.3374668026197	79.67988724332362
1917.833058402214	79.84014963447659
1945.7285825909298	80.00180542244638
1974.0298565222283	80.16498459864881
2002.7427819620161	80.32974800118959
2031.8733465193618	80.49608197754357
2061.4276248951132	80.66388753400658
2091.411780148677	80.83297805864399
2121.832064983222	81.00307280141378
2152.694823049581	81.17380015593778
2184.0064902691106	81.34470411899795
2215.7735961758003	81.51523719959695
2248.002765277899	81.68476003392131
2280.7007184393456	81.85253526206405
2313.874274281297	82.01773025497621
2347.530350604038	82.17942068163403
2381.6759658295764	82.3365999281474
2416.318240465218	82.48818779081975
2451.4643985884327	82.63304940403737
2487.1217693533167	82.77003400173938
2523.2977885189675	82.89800706668372
2560.0000000000887	83.01589330107065
2597.236057440151	83.12269803888776
2635.0137258074315	83.21751907063978
2673.340883014273	83.29956471149033
2712.225521559891	83.3681938071214
2751.6757501970797	83.42294611090327
2791.699795623158	83.46358383215608
2832.3060041955137	83.4901033792219
2873.502843672097	83.50273906086096
2915.2989049772345	83.50194201807338
2957.7029039931244	83.48837801268222
3000.723683377391	83.46294987233634
3044.370214407075	83.42683090179786
3088.6515988494466	83.38148871963087
3133.57707086003	83.32868976447219
3179.1559989082334	83.2704680542178
3225.3978877309914	83.20901824895013
3272.3123803148205	83.14648032497455
3319.9092599067053	83.08464461961107
3368.198452054235	83.02462535120375
3417.190026675413	82.9665780846369
3466.8942001585724	82.90959802114979
3517.3213374928373	82.85193094942106
3568.4819544295697	82.79147601961807
3620.386719675257	82.7264088831833
3673.0464571162966	82.65566295288839
3726.472148076138	82.57912160877416
3780.6749336052594	82.49754931234806
3835.6661168044484	82.41235742730811
3891.45716518188	82.32528060652221
3948.059713044477	82.23804510964759
4005.4855639240527	82.15207706151058
4063.746693038744	82.06826213372344
4122.855249790247	81.9868342138447
4182.823560297375	81.90743377056087
4243.664129966465	81.82932046782548
4305.389646099183	81.75164005722806
4368.012980538242	81.67363290537037
4431.5471923516225	81.59471887483
4496.00553055582	81.51444349776021
4561.401436878714	81.43238477769617
4627.748548562617	81.34807808255832
4695.060701208099	81.26096268267196
4763.351931659176	81.17038900413561
4832.63648093046	81.07569874965597
4902.928797176889	80.97629392900902
4974.243538706657	80.87166343620274
5046.595577037959	80.7613787605199
5120.000000000202	80.64510815374838
5194.472114880326	80.52268193568186
5270.027451614888	80.39421561385245
5346.6817660285715	80.26015753024548
5424.451043119808	80.12117710324307
5503.351500394186	79.978055475034
5583.399591246343	79.83173417684759
5664.612008391055	79.68360149276519
5747.005687344222	79.53588659686878
5830.597809954497	79.39183436701504
5915.405807986278	79.25546873155203
6001.447366754812	79.13089127981584
6088.740428814181	79.02123723597131
6177.303197698925	78.92768370708119
6267.154141720092	78.84903500418604
6358.3119978165005	78.78201204448209
6450.795775462017	78.72213978340017
6544.624760629676	78.6651521209606
6639.818519813445	78.60860703261321
6736.396904108505	78.55352958516072
6834.380053350861	78.5057314288726
6933.788400317181	78.47636135499785
7034.642674985712	78.4812936127736
7136.963908859177	78.539142920778
7240.773439350552	78.6680566772475
7346.092914232631	78.8815903998447
7452.944296152315	79.18376301281755
7561.349867210557	79.56325385619486
7671.332233608935	79.98732795446253
7782.914330363799	80.39748752028947
7896.119426088994	80.70904221012593
8010.971127848146	80.81873439420264
8127.49338607753	80.62425014480532
8245.710499580537	80.0527304873307
8365.647120594791	79.08856067857353
8487.328259932974	77.78711258317364
8610.77929219841	76.26462382352975
8736.025961076528	74.67226649170587
8863.094384703289	73.16236195775706
8992.011061111683	71.85736754678489
9122.802873757471	70.830555773929
9255.497097125279	70.10088505078286
9390.121402416245	69.64161996649038
9526.7038633184	69.39805926607924
9665.272961860968	69.3067540764817
9805.857594353829	69.31070392875061
9948.487077413367	69.3675036296999
10093.19115407597	69.45079413696106
10240.000000000457	69.54774677957711
10388.944229760706	69.65555446092708
10540.05490322983	69.77681844182393
10693.363532057198	69.91475571990972
10848.902086239672	70.0697452055119
11006.703000788428	70.23644815456304
11166.799182492743	70.40262109601395
11329.224016782166	70.55040187592672
11494.0113746885	70.66033959679051
11661.195619909053	70.71881311754301
11830.811615972614	70.72749671650172
12002.894733509682	70.71210641458019
12177.48085762842	70.73158385849554
12354.606395397908	70.88101975946128
12534.308283440243	71.28375214533075
12716.62399563306	72.06761602604924
12901.591550924093	73.30472073804191
13089.249521259411	74.9412110125423
13279.637039626952	76.76930465117792
13472.793808217073	78.40381782210122
13668.760106701786	79.37458392906646
13867.576800634426	79.35803718880248
14069.285349971487	78.37507173842323
14273.927817718419	76.7792893771492
14481.54687870117	75.04234426348873
14692.18582846533	73.52345333655536
14905.888592304698	72.38129687524695
15122.699734421185	71.63126840070478
15342.664467217943	71.23231734662154
15565.828660727671	71.14406228729496
15792.238852178061	71.3461615827732
16021.942255696367	71.82734808638058
16254.986772155136	72.55101802049184
16491.42099916115	73.40874022007522
16731.294241189662	74.19183464229907
16974.65651986603	74.62633599779669
17221.558584396902	74.47918867135711
17472.051922153143	73.68245035130998
17726.188769406665	72.38204937259155
17984.022122223458	70.86554733927089
18245.605747515034	69.41903134385855
18510.99419425065	68.20305684257818
18780.242804832582	67.20659545817449
19053.40772663689	66.29708327960554
19330.545923722028	65.34321962975298
19611.71518870775	64.34692325798666
19896.974154826825	63.460543317527524
20186.382308152035	62.76927781141912