20	78.80496036423638
20.290906698750476	78.78342719522932
20.586044732869844	78.76189770551558
20.885475648548283	78.74037639491756
21.189261887185914	78.71887011913228
21.49746679841394	78.69738934527072
21.810154653305165	78.67594862729439
22.12739065777668	78.65456674893736
22.449240966187475	78.63326692079117
22.77577269513385	78.61207689838577
23.107053937445478	78.59102890903357
23.44315377638505	78.57015947634015
23.784142300054445	78.54950882353779
24.130090616010463	78.52911951020474
24.481070866093134	78.50903428434671
24.837156241469714	78.48929328558455
25.1984209978975	78.46993086712996
25.56494047120865	78.45097258667954
25.936791093020236	78.43243294028788
26.3140504066728	78.41431419055498
26.69679708340074	78.39660648224736
27.08511093873791	78.37928920575929
27.47907294916184	78.36233324335412
27.878765268980047	78.34570315680702
28.284271247461966	78.32935846109847
28.695675446220072	78.31325389164671
29.11306365684382	78.2973398111164
29.536522918790062	78.28156421989475
29.966141537533712	78.26587710555656
30.402009102982383	78.25023645566336
30.844216508158908	78.23461314229962
31.29285596815558	78.21899203125122
31.74802103936409	78.20336881805575
32.20980663898519	78.1877453805733
32.67830906482211	78.1721260830109
33.153626015361866	78.15651589977972
33.63585661014871	78.14092012678874
34.125101410453844	78.12534493611565
34.62146244024586	78.10979796335359
35.12504320746613	78.09428843836905
35.635948725613716	78.07882654322813
36.15428553564419	78.06342188121812
36.68016172818701	78.04808167904214
37.21368696608603	78.0328086846922
37.754972507267915	78.01759859575971
38.30413122794313	78.0024376078427
38.86127764614443	77.9873019450344
39.4265279456077	77.97216030600737
40.000000000000206	77.95697930083792
40.58181339750116	77.94172904115499
41.1720894657399	77.9263863891508
41.77095129709678	77.91093585519884
42.37852377437204	77.89536958737652
42.9949335968281	77.87968667911267
43.62030930661056	77.86389109345482
44.25478131555359	77.84798697223899
44.89848193237519	77.8319718090465
45.55154539026795	77.81583180563598
46.21410787489121	77.79954293181325
46.88630755277036	77.78307615240274
47.56828460010916	77.76640140001878
48.260181232021196	77.74948876050802
48.962141732186545	77.73230945081934
49.674312482939705	77.71483718047949
50.39684199579528	77.69704910948309
51.129880942417586	77.67892636549534
51.873582186040764	77.66045395915161
52.628100813345895	77.64161999038097
53.393594166801776	77.62241411027908
54.17022187747612	77.60282518298727
54.95814589832399	77.5828386198788
55.75753053796041	77.56243437716772
56.56854249492426	77.54158700528993
57.39135089244048	77.52026936083497
58.226127313687975	77.4984598032658
59.073045837580466	77.47614912220376
59.932283075067765	77.4533418286971
60.804018205965114	77.43004678473781
61.68843301631817	77.40626063743497
62.58571193631152	77.38196202469821
63.49604207872855	77.3571202414261
64.41961327797075	77.33170370065402
65.35661812964459	77.30568333937649
66.3072520307241	77.2790329623667
67.27171322029778	77.2517276889397
68.25020282090806	77.22374200226214
69.2429248804921	77.19504848628819
70.25008641493265	77.1656169234684
71.27189745122783	77.13541480077834
72.30857107128878	77.10441032306352
73.36032345637442	77.07257636290566
74.42737393217246	77.03989217394242
75.50994501453623	77.00634206667156
76.60826245588666	76.97191285809659
77.72255529228926	76.9365924899141
78.85305589121582	76.9003701441114
80.00000000000082	76.86323681304171
81.16362679500274	76.82518520096544
82.34417893148023	76.78620858985299
83.541902594194	76.74629923247592
84.75704754874454	76.70544906584486
85.98986719365665	76.66365278318979
87.24061861322157	76.62091127863853
88.50956263110764	76.5772329865143
89.79696386475084	76.53263259321517
91.10309078053635	76.48712953564731
92.42821574978288	76.44074584089691
93.77261510554118	76.39350263212225
95.13656920021877	76.3454157390959
96.52036246404286	76.29649288892796
97.92428346437356	76.24673700967342
99.34862496587989	76.19615023322564
100.79368399159105	76.14473683314411
102.25976188483567	76.09250352219499
103.74716437208203	76.0394583597689
105.25620162669229	75.98561165635869
106.78718833360406	75.93097851268182
108.34044375495276	75.87558060166049
109.9162917966485	75.81944589748278
111.51506107592134	75.76260813732411
113.13708498984903	75.705105754077
114.78270178488147	75.64697824898427
116.45225462737648	75.58826431900368
118.14609167516147	75.52900282978318
119.86456615013608	75.46923365120962
121.60803641193078	75.40900017060636
123.3768660326369	75.34835223536042
125.17142387262359	75.28734928825685
126.99208415745765	75.22606339308561
128.83922655594208	75.16458063305807
130.71323625928977	75.1030022192743
132.61450406144883	75.04144650615906
134.5434264405962	74.980051589424
136.50040564181674	74.91897669485064
138.48584976098482	74.85839922503091
140.50017282986593	74.79850476402956
142.5437949024563	74.73947455215291
144.61714214257822	74.68148067368702
146.7206469127495	74.6246884135854
148.8547478643456	74.5692553630854
151.01989002907314	74.51532353671958
153.216524911774	74.46300650904989
155.4451105845792	74.41237680959948
157.70611178243232	74.36346074016589
160.00000000000236	74.31624646042705
162.3272535900062	74.27070440180023
164.6883578629612	74.22680747629514
167.08380518838874	74.18453969818452
169.51409509748981	74.14389732514552
171.97973438731407	74.10488689185236
174.4812372264439	74.06752222298049
177.01912526221608	74.03181972137502
179.5939277295025	73.99779541727024
182.20618156107355	73.96546744267341
184.85643149956664	73.93485734698245
187.54523021108326	73.90598761547939
190.27313840043846	73.87887912460077
193.04072492808663	73.85355266811905
195.84856692874806	73.83003282811178
198.69724993176072	73.80834922413347
201.58736798318304	73.78853506093851
204.5195237696723	73.77062357745831
207.49432874416505	73.75464433060395
210.5124032533856	73.74061929877139
213.57437666720915	73.72855674566021
216.68088750990657	73.7184476676452
219.83258359329807	73.71026842948585
223.03012215184378	73.70398549853056
226.2741699796992	73.69955961429578
229.5654035697641	73.69694953682736
232.90450925475412	73.69611630630789
236.2921833503241	73.69702690092306
239.72913230027333	73.69965659131046
243.21607282386276	73.70398814799033
246.75373206527502	73.71000959858422
250.34284774524843	73.71771139423979
253.9841683149166	73.72708217410094
257.67845311188546	73.73810346637588
261.42647251858085	73.75074311625059
265.22900812289896	73.76494959031152
269.08685288119375	73.78064964452693
273.0008112836349	73.79774913067543
276.97169952197106	73.81613693107947
281.00034565973334	73.83569284442132
285.0875898049141	73.85629613384896
289.23428428515797	73.87783091374223
293.44129382550057	73.900188891826
297.7094957286928	73.92327075420611
302.0397800581479	73.94698753010309
306.4330498235497	73.9712606527906
310.89022116916016	73.9960200196013
315.41222356486645	74.0212007075639
320.00000000000654	74.04674071873153
324.6545071800142	74.07258048915097
329.3767157259242	74.09866305647702
334.16761037677935	74.12493406849079
339.02819019498156	74.15134057322277
343.95946877463007	74.17783010570393
348.9624744528898	74.204350453651
354.03825052443415	74.23085122865021
359.187855459007	74.25728675013681
364.4123631221491	74.28361755365987
369.71286299913527	74.30980859819563
375.0904604221685	74.3358259957214
380.54627680087896	74.3616387242568
386.08144985617537	74.38722269798626
391.6971338574982	74.41256101349762
397.3944998635236	74.43763859997784
403.1747359663683	74.46243618252184
409.0390475393468	74.48692770855098
414.9886574883323	74.5110830684166
421.0248065067734	74.53487155283528
427.1487533344206	74.55826398302078
433.3617750198154	74.5812334935548
439.6651671865984	74.60375525184085
446.06024430368984	74.62580626873962
452.54833995940066	74.64736565168408
459.13080713953053	74.66841487470683
465.8090185095106	74.6889371376854
472.58436670065066	74.70891505152315
479.45826460054917	74.72832902987874
486.432145647728	74.7471596756339
493.50746413055253	74.7653915788944
500.6856954904994	74.78301682677865
507.9683366298358	74.8000360011332
515.3569062237735	74.81646027175891
522.8529450371643	74.83231330812858
530.4580162458005	74.84762902455451
538.1737057623901	74.86244907556363
546.0016225672724	74.87681909246042
553.9433990439449	74.89078292105775
562.0006913194694	74.90438217006302
570.1751796098309	74.9176582476382
578.4685685703187	74.93065416496441
586.8825876510039	74.94341606029147
595.4189914573883	74.95599458636558
604.0795601162986	74.96844142869685
612.8660996471021	74.98080408874223
621.780442338323	74.99312308371387
630.8244471297356	75.00543298379438
640.0000000000159	75.01776468659712
649.3090143600314	75.03014752101608
658.7534314518515	75.04260994806256
668.3352207535618	75.05518012832957
678.0563803899662	75.0678880161911
687.9189375492632	75.08076542842117
697.9249489057827	75.0938483463949
708.0765010488715	75.10717863868038
718.3757109180171	75.12080547641706
728.8247262443015	75.1347913061639
739.425725998274	75.1492194636612
750.1809208443404	75.16419521589249
761.0925536017613	75.17984581046724
772.1628997123541	75.19631757682751
783.3942677149998	75.21376976715474
794.7889997270506	75.23236802901636
806.34947193274	75.25228319379809
818.0780950786972	75.27368839225092
829.9773149766683	75.29674976580064
842.0496130135506	75.32161922973536
854.2975066688449	75.34843623287232
866.7235500396347	75.37733079666182
879.3303343732008	75.4084167747908
892.1204886073838	75.44178065298736
905.0966799188055	75.47747362238053
918.2616142790653	75.51550923989521
931.6180370190256	75.55586198954275
945.1687334013056	75.59846820296266
958.9165292011028	75.64323038045814
972.8642912954606	75.69002593407743
987.0149282611097	75.7387171680522
1001.3713909810035	75.78915850122699
1015.9366732596762	75.84120059389959
1030.7138124475518	75.89470375037058
1045.7058900743334	75.94955345880663
1060.916032491606	76.005676064733
1076.3474115247852	76.06305799553218
1092.0032451345498	76.1217601585635
1107.8867980878947	76.18192465389251
1124.0013826389438	76.24378333067503
1140.350359219667	76.30766100583476
1156.9371371406426	76.37397052400657
1173.765175302013	76.44320227087042
1190.837982914782	76.5159078909181
1208.1591202326028	76.59267688450167
1225.73219929421	76.6741076576699
1243.5608846766518	76.7607793224198
1261.648894259477	76.85321905879553
1280.0000000000375	76.95187043550835
1298.6180287200684	77.05706534209679
1317.5068629037087	77.1690025483718
1336.6704415071292	77.2877281146665
1356.112760779938	77.41313341971694
1375.8378750985323	77.54495500062865
1395.8498978115715	77.6827833784289
1416.153002097749	77.82608318444842
1436.7514218360407	77.9742235514176
1457.6494524886093	78.12650958693199
1478.8514519965543	78.2822146006544
1500.3618416886875	78.44060812571762
1522.1851072035295	78.60098584902924
1544.3257994247153	78.76269824480715
1566.788535430007	78.92517709124772
1589.5779994541087	79.08795932563507
1612.6989438654878	79.25070928363121
1636.156190157402	79.41323639653926
1659.9546299533442	79.5755099684442
1684.099226027109	79.73766763218278
1708.5950133376978	79.90001140010843
1733.4471000792773	80.0629901631324
1758.6606687464096	80.22716649345244
1784.2409772147755	80.3931610111587
1810.193359837619	80.5615676728308
1836.5232285581387	80.73284563857271
1863.2360740380593	80.9071960316147
1890.3374668026197	81.08445759916928
1917.833058402214	81.2640699016251
1945.7285825909298	81.44514937102451
1974.0298565222283	81.62667265215212
2002.7427819620161	81.80768719010149
2031.8733465193618	81.98746468385227
2061.4276248951132	82.16554674501303
2091.411780148677	82.34171255777959
2121.832064983222	82.51591731139244
2152.694823049581	82.68822551034663
2184.0064902691106	82.85874956018024
2215.7735961758003	83.02758938428458
2248.002765277899	83.19479077085927
2280.7007184393456	83.36030690966327
2313.874274281297	83.52395698188529
2347.530350604038	83.68537031201227
2381.6759658295764	83.84391959597929
2416.318240465218	83.99864481882214
2451.4643985884327	84.14819674921876
2487.1217693533167	84.29085226107993
2523.2977885189675	84.42462577569519
2560.0000000000887	84.54748361345449
2597.236057440151	84.65758617828762
2635.0137258074315	84.75349159564024
2673.340883014273	84.83427891354799
2712.225521559891	84.89957771454367
2751.6757501970797	84.94949433360443
2791.699795623158	84.98452214522334
2832.3060041955137	85.00542128907992
2873.502843672097	85.01310719591586
2915.2989049772345	85.00855657837951
2957.7029039931244	84.9927903891266
3000.723683377391	84.96694467707596
3044.370214407075	84.93240587240534
3088.6515988494466	84.89094604459056
3133.57707086003	84.84475112596996
3179.1559989082334	84.79628160793258
3225.3978877309914	84.74796306501322
3272.3123803148205	84.70177997034871
3319.9092599067053	84.65892281934907
3368.198452054235	84.6196316936057
3417.190026675413	84.58329175079365
3466.8942001585724	84.54869705378343
3517.3213374928373	84.51434873962319
3568.4819544295697	84.47872109746271
3620.386719675257	84.4404889795087
3673.0464571162966	84.39864603670068
3726.472148076138	84.35250718945345
3780.6749336052594	84.30167776862821
3835.6661168044484	84.24604777229219
3891.45716518188	84.18578044643907
3948.059713044477	84.12129103482737
4005.4855639240527	84.05318299003807
4063.746693038744	83.98217191333087
4122.855249790247	83.90892364906888
4182.823560297375	83.83384912003919
4243.664129966465	83.7569053371083
4305.389646099183	83.67751404990088
4368.012980538242	83.59468749018642
4431.5471923516225	83.50729519113463
4496.00553055582	83.41437246009185
4561.401436878714	83.31532385910089
4627.748548562617	83.20999702991502
4695.060701208099	83.09870839526894
4763.351931659176	82.98222074080334
4832.63648093046	82.86156849452014
4902.928797176889	82.73778382986148
4974.243538706657	82.61161934606106
5046.595577037959	82.48337435815228
5120.000000000202	82.35288828238161
5194.472114880326	82.21965877125426
5270.027451614888	82.08298158195183
5346.6817660285715	81.9421041181512
5424.451043119808	81.79644160125545
5503.351500394186	81.64589874039024
5583.399591246343	81.49122391441644
5664.612008391055	81.33418877173908
5747.005687344222	81.17740717789951
5830.597809954497	81.02391016793965
5915.405807986278	80.87657465458297
6001.447366754812	80.73748066752736
6088.740428814181	80.60738544440262
6177.303197698925	80.48562259784198
6267.154141720092	80.37050148187848
6358.3119978165005	80.25985659400818
6450.795775462017	80.15165959589628
6544.624760629676	80.04495642307751
6639.818519813445	79.94105363555754
6736.396904108505	79.84472797230016
6834.380053350861	79.76510440527144
6933.788400317181	79.7157780261109
7034.642674985712	79.7138734844134
7136.963908859177	79.77796033577478
7240.773439350552	79.92502246127049
7346.092914232631	80.16693000862811
7452.944296152315	80.50638994457825
7561.349867210557	80.93209067201006
7671.332233608935	81.41368681782694
7782.914330363799	81.89871459795094
7896.119426088994	82.313329234714
8010.971127848146	82.57006399110502
8127.49338607753	82.58499415597446
8245.710499580537	82.30035466621702
8365.647120594791	81.7040183939638
8487.328259932974	80.83576407751966
8610.77929219841	79.77474142990842
8736.025961076528	78.61785260572314
8863.094384703289	77.45732931482631
8992.011061111683	76.36493674591375
9122.802873757471	75.38635719828984
9255.497097125279	74.54313539713264
9390.121402416245	73.83884691841492
9526.7038633184	73.26623246569824
9665.272961860968	72.81312860492466
9805.857594353829	72.46673796756156
9948.487077413367	72.2162223018982
10093.19115407597	72.05338060394631
10240.000000000457	71.97222966314415
10388.944229760706	71.96894991283449
10540.05490322983	72.04081376057195
10693.363532057198	72.18436308866667
10848.902086239672	72.3939449941009
11006.703000788428	72.65960067587478
11166.799182492743	72.96591581862322
11329.224016782166	73.29288906095682
11494.0113746885	73.61921944181307
11661.195619909053	73.93017899783588
11830.811615972614	74.2284637426219
12002.894733509682	74.54462081562453
12177.48085762842	74.94291900310203
12354.606395397908	75.51319626137125
12534.308283440243	76.34265237081824
12716.62399563306	77.46830036080674
12901.591550924093	78.80308649679449
13089.249521259411	80.08489615395827
13279.637039626952	80.91733022071166
13472.793808217073	80.92790331091626
13668.760106701786	79.96798431559701
13867.576800634426	78.221812550093
14069.285349971487	76.10930672814587
14273.927817718419	74.06621166704221
14481.54687870117	72.3869865920707
14692.18582846533	71.17156877660186
14905.888592304698	70.38283104541546
15122.699734421185	69.94625116886621
15342.664467217943	69.8070556154512
15565.828660727671	69.94614412338606
15792.238852178061	70.37259060647695
16021.942255696367	71.09754571767517
16254.986772155136	72.08638113923509
16491.42099916115	73.19742601334715
16731.294241189662	74.15137683635474
16974.65651986603	74.59776419184628
17221.558584396902	74.27507442468881
17472.051922153143	73.16212644926023
17726.188769406665	71.4989682890063
17984.022122223458	69.6632107066371
18245.605747515034	67.99987576585936
18510.99419425065	66.70598896118541
18780.242804832582	65.79960444407797
19053.40772663689	65.15923648914466
19330.545923722028	64.61379232304056
19611.71518870775	64.06330995858805
19896.974154826825	63.54735177935792
20186.382308152035	63.126050527376975