20	83.49947916465806
20.290906698750476	83.49335563955272
20.586044732869844	83.4872154151935
20.885475648548283	83.48102725289543
21.189261887185914	83.47475167051117
21.49746679841394	83.46835019753578
21.810154653305165	83.46179103925293
22.12739065777668	83.45505301121588
22.449240966187475	83.44812935948053
22.77577269513385	83.44103099558497
23.107053937445478	83.43378874764866
23.44315377638505	83.42645501841562
23.784142300054445	83.41910359205497
24.130090616010463	83.41182620501735
24.481070866093134	83.40472578536702
24.837156241469714	83.39790686191677
25.1984209978975	83.39146415945675
25.56494047120865	83.3854715213258
25.936791093020236	83.37997340102757
26.3140504066728	83.37498028785801
26.69679708340074	83.37046882021252
27.08511093873791	83.36638643508051
27.47907294916184	83.36265912620834
27.878765268980047	83.35919860032274
28.284271247461966	83.35590548107422
28.695675446220072	83.35266827240088
29.11306365684382	83.34936275566375
29.536522918790062	83.34585777655948
29.966141537533712	83.34203047259993
30.402009102982383	83.33778835288491
30.844216508158908	83.33308716993683
31.29285596815558	83.32793407487615
31.74802103936409	83.32237410319529
32.20980663898519	83.3164711440505
32.67830906482211	83.31029309380162
33.153626015361866	83.30390461107396
33.63585661014871	83.29736648349868
34.125101410453844	83.2907385724311
34.62146244024586	83.28408303905411
35.12504320746613	83.27746584218528
35.635948725613716	83.27095518827792
36.15428553564419	83.26461641126986
36.68016172818701	83.25850571016359
37.21368696608603	83.25266253570638
37.754972507267915	83.2470999140995
38.30413122794313	83.24179503013505
38.86127764614443	83.23668750538471
39.4265279456077	83.2316891253452
40.000000000000206	83.22670536969642
40.58181339750116	83.22165747431981
41.1720894657399	83.21649513145039
41.77095129709678	83.21119985713753
42.37852377437204	83.20578484265764
42.9949335968281	83.20029220676695
43.62030930661056	83.19478482280003
44.25478131555359	83.18932774440648
44.89848193237519	83.18396107522915
45.55154539026795	83.17868148816498
46.21410787489121	83.17344642263849
46.88630755277036	83.16819480170258
47.56828460010916	83.16286260707153
48.260181232021196	83.15738722226436
48.962141732186545	83.15171091046216
49.674312482939705	83.14578583823479
50.39684199579528	83.13957753778436
51.129880942417586	83.13306669100601
51.873582186040764	83.12624860880257
52.628100813345895	83.11912998025824
53.393594166801776	83.11172273760255
54.17022187747612	83.1040347907085
54.95814589832399	83.09605949067148
55.75753053796041	83.08776776120337
56.56854249492426	83.07910844022771
57.39135089244048	83.07002328639825
58.226127313687975	83.06047597266723
59.073045837580466	83.05048008876939
59.932283075067765	83.04010470118129
60.804018205965114	83.02943733051794
61.68843301631817	83.01851811881266
62.58571193631152	83.00731694233886
63.49604207872855	82.99576815615629
64.41961327797075	82.98380430470155
65.35661812964459	82.9713694331239
66.3072520307241	82.95842001368867
67.27171322029778	82.94491817641578
68.25020282090806	82.93082325783118
69.2429248804921	82.91608601621613
70.25008641493265	82.90064421570284
71.27189745122783	82.88442378826403
72.30857107128878	82.86735000250657
73.36032345637442	82.84936240142974
74.42737393217246	82.83042086288566
75.50994501453623	82.81049960999555
76.60826245588666	82.78957642604288
77.72255529228926	82.76762664502203
78.85305589121582	82.74462321998737
80.00000000000082	82.7205386855404
81.16362679500274	82.69534451266264
82.34417893148023	82.66900637796338
83.541902594194	82.64147759201924
84.75704754874454	82.61270185888789
85.98986719365665	82.58262553294759
87.24061861322157	82.55121145315975
88.50956263110764	82.51844446156547
89.79696386475084	82.48432651583073
91.10309078053635	82.44887102039348
92.42821574978288	82.41209453723764
93.77261510554118	82.37400309884566
95.13656920021877	82.33457479090141
96.52036246404286	82.29374842989199
97.92428346437356	82.2514364208557
99.34862496587989	82.2075401395092
100.79368399159105	82.16196081261722
102.25976188483567	82.1145996405341
103.74716437208203	82.06535220740827
105.25620162669229	82.0141107715579
106.78718833360406	81.96077303438082
108.34044375495276	81.90524787054184
109.9162917966485	81.84745287796343
111.51506107592134	81.78731091628129
113.13708498984903	81.72474460027368
114.78270178488147	81.6596606296734
116.45225462737648	81.59194122463452
118.14609167516147	81.52144706597983
119.86456615013608	81.44801988425411
121.60803641193078	81.37149207643036
123.3768660326369	81.29169851575284
125.17142387262359	81.2084897952723
126.99208415745765	81.1217458958686
128.83922655594208	81.03138440336804
130.71323625928977	80.93736879248954
132.61450406144883	80.8397216936304
134.5434264405962	80.73854191700985
136.50040564181674	80.6340180601116
138.48584976098482	80.52642605052088
140.50017282986593	80.41609957468037
142.5437949024563	80.30339106256322
144.61714214257822	80.18866373607338
146.7206469127495	80.07231205467104
148.8547478643456	79.9547683795345
151.01989002907314	79.83648037980892
153.216524911774	79.71786665862675
155.4451105845792	79.59927101612816
157.70611178243232	79.48094357911951
160.00000000000236	79.36307196129846
162.3272535900062	79.24585873533529
164.6883578629612	79.1295953532285
167.08380518838874	79.01468736989351
169.51409509748981	78.9016477766569
171.97973438731407	78.79107626223636
174.4812372264439	78.68363302612073
177.01912526221608	78.58000458723815
179.5939277295025	78.4808758140656
182.20618156107355	78.38692318140257
184.85643149956664	78.29880335439778
187.54523021108326	78.21712705044774
190.27313840043846	78.1424336599321
193.04072492808663	78.07518373669149
195.84856692874806	78.01576303744224
198.69724993176072	77.96447878395985
201.58736798318304	77.92154825348082
204.5195237696723	77.88708236032204
207.49432874416505	77.86107201721927
210.5124032533856	77.84337707451566
213.57437666720915	77.83370928435522
216.68088750990657	77.83162813703522
219.83258359329807	77.8365634836648
223.03012215184378	77.84784808493215
226.2741699796992	77.86474896156614
229.5654035697641	77.88649768185566
232.90450925475412	77.91232291539963
236.2921833503241	77.94148043876704
239.72913230027333	77.97327745137609
243.21607282386276	78.00708350178917
246.75373206527502	78.04233448063553
250.34284774524843	78.07853278153087
253.9841683149166	78.11524005175644
257.67845311188546	78.15206356676228
261.42647251858085	78.18863510371175
265.22900812289896	78.22459069609477
269.08685288119375	78.25956111994392
273.0008112836349	78.29317227947809
276.97169952197106	78.3250557072871
281.00034565973334	78.35487290480799
285.0875898049141	78.38234093916935
289.23428428515797	78.40724462956662
293.44129382550057	78.4294379861851
297.7094957286928	78.44884055852542
302.0397800581479	78.4654344301238
306.4330498235497	78.47925698860298
310.89022116916016	78.49038681252276
315.41222356486645	78.49892530678531
320.00000000000654	78.50498349531625
324.6545071800142	78.5086767726275
329.3767157259242	78.5101230496138
334.16761037677935	78.50944088254555
339.02819019498156	78.50674321614153
343.95946877463007	78.50213268233435
348.9624744528898	78.49569989571191
354.03825052443415	78.48752920957561
359.187855459007	78.4777099690357
364.4123631221491	78.46634254221276
369.71286299913527	78.45353145173358
375.0904604221685	78.43937288722682
380.54627680087896	78.42396241539504
386.08144985617537	78.40741236949586
391.6971338574982	78.38985416980637
397.3944998635236	78.3714183874807
403.1747359663683	78.35221200227161
409.0390475393468	78.33230924901413
414.9886574883323	78.31176324361316
421.0248065067734	78.2906201391838
427.1487533344206	78.26892761640003
433.3617750198154	78.2467377132035
439.6651671865984	78.22410519905297
446.06024430368984	78.20108615148617
452.54833995940066	78.17773815278947
459.13080713953053	78.15412039645875
465.8090185095106	78.13028996526668
472.58436670065066	78.10629118521695
479.45826460054917	78.08214754571104
486.432145647728	78.05786937264462
493.50746413055253	78.03346706488306
500.6856954904994	78.00896332679282
507.9683366298358	77.98439576214095
515.3569062237735	77.95982449189457
522.8529450371643	77.93533986197846
530.4580162458005	77.91105437205087
538.1737057623901	77.88709442096187
546.0016225672724	77.86358764113677
553.9433990439449	77.84064259572122
562.0006913194694	77.81834981410267
570.1751796098309	77.79679271799986
578.4685685703187	77.77605751036269
586.8825876510039	77.75624185455567
595.4189914573883	77.7374629158304
604.0795601162986	77.71984575294891
612.8660996471021	77.70350438459886
621.780442338323	77.68853185317984
630.8244471297356	77.67500472736577
640.0000000000159	77.66299151692233
649.3090143600314	77.65255934859367
658.7534314518515	77.6437740135485
668.3352207535618	77.63669852959497
678.0563803899662	77.63139695274025
687.9189375492632	77.62792937078751
697.9249489057827	77.62635531283773
708.0765010488715	77.62673461651488
718.3757109180171	77.62912724890704
728.8247262443015	77.6336120791314
739.425725998274	77.64031361073091
750.1809208443404	77.64940450098531
761.0925536017613	77.6611066695021
772.1628997123541	77.67568339510338
783.3942677149998	77.69342108280142
794.7889997270506	77.71461195405156
806.34947193274	77.73955996463255
818.0780950786972	77.76858155122315
829.9773149766683	77.80198177234026
842.0496130135506	77.84003907161996
854.2975066688449	77.88302590609675
866.7235500396347	77.93123396762935
879.3303343732008	77.98495925803833
892.1204886073838	78.04446740483053
905.0966799188055	78.10996890828798
918.2616142790653	78.18161225197774
931.6180370190256	78.25947495945763
945.1687334013056	78.34355749985401
958.9165292011028	78.43378360601176
972.8642912954606	78.5300108938901
987.0149282611097	78.63203925590386
1001.3713909810035	78.73960157652174
1015.9366732596762	78.85233621369858
1030.7138124475518	78.96979195715575
1045.7058900743334	79.09143889949084
1060.916032491606	79.21668002336015
1076.3474115247852	79.34488073305255
1092.0032451345498	79.47538693071012
1107.8867980878947	79.60752445993027
1124.0013826389438	79.74062209890691
1140.350359219667	79.87403303123412
1156.9371371406426	80.00714629724183
1173.765175302013	80.13940010128238
1190.837982914782	80.27029568805263
1208.1591202326028	80.39940420347588
1225.73219929421	80.52636842248474
1243.5608846766518	80.65091814160826
1261.648894259477	80.77287051357064
1280.0000000000375	80.89212786476227
1298.6180287200684	81.00867429314152
1317.5068629037087	81.1225744864349
1336.6704415071292	81.23394863730161
1356.112760779938	81.34298187809773
1375.8378750985323	81.44990339740305
1395.8498978115715	81.5549652972577
1416.153002097749	81.65843465900659
1436.7514218360407	81.76060132116555
1457.6494524886093	81.86177284367622
1478.8514519965543	81.96226387017903
1500.3618416886875	82.06236787990461
1522.1851072035295	82.16234232634957
1544.3257994247153	82.26239959035996
1566.788535430007	82.36270464741685
1589.5779994541087	82.46338079043808
1612.6989438654878	82.56453100491478
1636.156190157402	82.66626713524917
1659.9546299533442	82.76875787022021
1684.099226027109	82.87228706668938
1708.5950133376978	82.9773029490513
1733.4471000792773	83.0844566679933
1758.6606687464096	83.19462090490995
1784.2409772147755	83.30885464679525
1810.193359837619	83.42827209254162
1836.5232285581387	83.55381313275436
1863.2360740380593	83.68591548526285
1890.3374668026197	83.82418908313214
1917.833058402214	83.96725968205598
1945.7285825909298	84.1129553742354
1974.0298565222283	84.25883383090917
2002.7427819620161	84.40277553378516
2031.8733465193618	84.54336159962497
2061.4276248951132	84.6798814012406
2091.411780148677	84.81211536351955
2121.832064983222	84.94009097582736
2152.694823049581	85.06389523855628
2184.0064902691106	85.18356486190372
2215.7735961758003	85.29901699091995
2248.002765277899	85.41007493786246
2280.7007184393456	85.51651542835152
2313.874274281297	85.61810348653246
2347.530350604038	85.71455666417523
2381.6759658295764	85.80543267018824
2416.318240465218	85.88991783975021
2451.4643985884327	85.96659803196232
2487.1217693533167	86.03339322156691
2523.2977885189675	86.08774660580085
2560.0000000000887	86.12712122465724
2597.236057440151	86.14956095903725
2635.0137258074315	86.15412283213803
2673.340883014273	86.14107796595454
2712.225521559891	86.11186640571789
2751.6757501970797	86.06876723203573
2791.699795623158	86.01459957290345
2832.3060041955137	85.95234135394338
2873.502843672097	85.88476304769952
2915.2989049772345	85.81406219308371
2957.7029039931244	85.74171639718942
3000.723683377391	85.66862314082498
3044.370214407075	85.59550598688088
3088.6515988494466	85.52343572572774
3133.57707086003	85.45414084299145
3179.1559989082334	85.38991621731148
3225.3978877309914	85.33308293949963
3272.3123803148205	85.28516427385821
3319.9092599067053	85.2461918942453
3368.198452054235	85.21453840417021
3417.190026675413	85.18739814772798
3466.8942001585724	85.16159068135019
3517.3213374928373	85.13424931747193
3568.4819544295697	85.10326714080375
3620.386719675257	85.06760497373261
3673.0464571162966	85.02727154080628
3726.472148076138	84.9829847499167
3780.6749336052594	84.93582939262963
3835.6661168044484	84.88711400337485
3891.45716518188	84.83828726212724
3948.059713044477	84.7909033375426
4005.4855639240527	84.74652469261004
4063.746693038744	84.70669623112269
4122.855249790247	84.67268080473852
4182.823560297375	84.6450583419782
4243.664129966465	84.62327049461575
4305.389646099183	84.60543176841765
4368.012980538242	84.58869412877786
4431.5471923516225	84.56993155678246
4496.00553055582	84.54646907497153
4561.401436878714	84.51642747488324
4627.748548562617	84.4787123464034
4695.060701208099	84.43304481651388
4763.351931659176	84.38006152614085
4832.63648093046	84.32104734905316
4902.928797176889	84.25742135003256
4974.243538706657	84.19020567697129
5046.595577037959	84.11974281982634
5120.000000000202	84.04580612980124
5194.472114880326	83.96791025287932
5270.027451614888	83.88544574323052
5346.6817660285715	83.79765491012628
5424.451043119808	83.70370347781586
5503.351500394186	83.60313528551058
5583.399591246343	83.49663238490461
5664.612008391055	83.38652400044032
5747.005687344222	83.27649685478738
5830.597809954497	83.17097180748891
5915.405807986278	83.07432652921517
6001.447366754812	82.9898887650624
6088.740428814181	82.91899390014774
6177.303197698925	82.86094224779801
6267.154141720092	82.81398608534585
6358.3119978165005	82.77600311785349
6450.795775462017	82.74461429788002
6544.624760629676	82.71790856336975
6639.818519813445	82.69576540112791
6736.396904108505	82.68147321471406
6834.380053350861	82.68309583543763
6933.788400317181	82.71382805439201
7034.642674985712	82.79084344013368
7136.963908859177	82.932628479114
7240.773439350552	83.15552257357416
7346.092914232631	83.47099005074456
7452.944296152315	83.88311662943335
7561.349867210557	84.38399075476605
7671.332233608935	84.94642008200915
7782.914330363799	85.5167568444839
7896.119426088994	86.00837990968736
8010.971127848146	86.30306461428282
8127.49338607753	86.27085492403302
8245.710499580537	85.80507807462276
8365.647120594791	84.86064446941816
8487.328259932974	83.4785318996069
8610.77929219841	81.78282769989208
8736.025961076528	79.97082964937907
8863.094384703289	78.28502235749359
8992.011061111683	76.94871904950435
9122.802873757471	76.07774313342783
9255.497097125279	75.63064806524446
9390.121402416245	75.45517005906221
9526.7038633184	75.38849270299758
9665.272961860968	75.32564974115189
9805.857594353829	75.22909224839283
9948.487077413367	75.10528593348364
10093.19115407597	74.97708434123831
10240.000000000457	74.86640506510595
10388.944229760706	74.79074561905233
10540.05490322983	74.76269015376613
10693.363532057198	74.78934160004512
10848.902086239672	74.87373124485391
11006.703000788428	75.0128779854734
11166.799182492743	75.196693388813
11329.224016782166	75.40881839370259
11494.0113746885	75.62766841203127
11661.195619909053	75.83431605712762
11830.811615972614	76.02371675544627
12002.894733509682	76.21544577949919
12177.48085762842	76.46489016198005
12354.606395397908	76.86117912519585
12534.308283440243	77.50959535818576
12716.62399563306	78.50523887148992
12901.591550924093	79.82546836456423
13089.249521259411	81.21255136083262
13279.637039626952	82.17820645061022
13472.793808217073	82.21278118396611
13668.760106701786	81.09317980477796
13867.576800634426	79.08121930566767
14069.285349971487	76.74557849309802
14273.927817718419	74.59532209498273
14481.54687870117	72.91641640413111
14692.18582846533	71.7420241501043
14905.888592304698	70.96934092944475
15122.699734421185	70.51062466065868
15342.664467217943	70.32468822603246
15565.828660727671	70.40174864999442
15792.238852178061	70.75330898684662
16021.942255696367	71.40216859992455
16254.986772155136	72.34650119680097
16491.42099916115	73.4791634322788
16731.294241189662	74.50949894315814
16974.65651986603	75.0206858001997
17221.558584396902	74.68380983456723
17472.051922153143	73.47426596983222
17726.188769406665	71.68981069810071
17984.022122223458	69.7665375758832
18245.605747515034	68.06800201366994
18510.99419425065	66.78169663778164
18780.242804832582	65.91120815892798
19053.40772663689	65.31482972190366
19330.545923722028	64.77537779213016
19611.71518870775	64.15660309053105
19896.974154826825	63.5786989521432
20186.382308152035	63.22131912512107