20	83.62610859661694
20.290906698750476	83.6189037687569
20.586044732869844	83.6116867167017
20.885475648548283	83.60443683387214
21.189261887185914	83.59712653862132
21.49746679841394	83.5897243488815
21.810154653305165	83.58219708228017
22.12739065777668	83.57451155607512
22.449240966187475	83.56663606410022
22.77577269513385	83.55854135363329
23.107053937445478	83.55020124145271
23.44315377638505	83.54159298671891
23.784142300054445	83.53269738253174
24.130090616010463	83.52349841489058
24.481070866093134	83.51398238245041
24.837156241469714	83.50413653096301
25.1984209978975	83.49394715925229
25.56494047120865	83.48339768706232
25.936791093020236	83.47246722304709
26.3140504066728	83.46112980506938
26.69679708340074	83.44935418971535
27.08511093873791	83.43710407103656
27.47907294916184	83.42433845031933
27.878765268980047	83.41101214377694
28.284271247461966	83.397076880396
28.695675446220072	83.38248324181012
29.11306365684382	83.367182725048
29.536522918790062	83.3511289034081
29.966141537533712	83.33427708524162
30.402009102982383	83.31658278560643
30.844216508158908	83.2980008183408
31.29285596815558	83.27848624331442
31.74802103936409	83.2579967041327
32.20980663898519	83.23649413798526
32.67830906482211	83.21394466857325
33.153626015361866	83.19031749721543
33.63585661014871	83.16558399161815
34.125101410453844	83.13971714581064
34.62146244024586	83.11269039585461
35.12504320746613	83.08447548029262
35.635948725613716	83.05504061188365
36.15428553564419	83.02435016243535
36.68016172818701	82.99236512106727
37.21368696608603	82.95904267795032
37.754972507267915	82.9243351682011
38.30413122794313	82.88819012646982
38.86127764614443	82.85055227787646
39.4265279456077	82.81136589191597
40.000000000000206	82.77057531404358
40.58181339750116	82.7281246428059
41.1720894657399	82.68395862284812
41.77095129709678	82.63802492932031
42.37852377437204	82.59027598778358
42.9949335968281	82.54066945383128
43.62030930661056	82.48916808868945
44.25478131555359	82.43573921753618
44.89848193237519	82.38035379045326
45.55154539026795	82.3229866026257
46.21410787489121	82.26361855403569
46.88630755277036	82.20223975911951
47.56828460010916	82.13885106446122
48.260181232021196	82.07346385329097
48.962141732186545	82.00610009233698
49.674312482939705	81.9367933245518
50.39684199579528	81.86558934889301
51.129880942417586	81.79254680213941
51.873582186040764	81.71773837958887
52.628100813345895	81.64125218410791
53.393594166801776	81.56319205909828
54.17022187747612	81.48367771087139
54.95814589832399	81.40284613518229
55.75753053796041	81.32085336440596
56.56854249492426	81.23787414026071
57.39135089244048	81.15409880828368
58.226127313687975	81.06972929221814
59.073045837580466	80.98497658820388
59.932283075067765	80.9000598029209
60.804018205965114	80.81520421560785
61.68843301631817	80.73063709615772
62.58571193631152	80.64658350829366
63.49604207872855	80.56326143265706
64.41961327797075	80.48087619431824
65.35661812964459	80.3996149187806
66.3072520307241	80.31964161355576
67.27171322029778	80.24109358528867
68.25020282090806	80.16407896848064
69.2429248804921	80.0886745471645
70.25008641493265	80.01492364890154
71.27189745122783	79.94283348677921
72.30857107128878	79.87237349715626
73.36032345637442	79.80347582763196
74.42737393217246	79.73603760717177
75.50994501453623	79.66992477828029
76.60826245588666	79.60497593021468
77.72255529228926	79.54100565656296
78.85305589121582	79.477808675203
80.00000000000082	79.41516506068805
81.16362679500274	79.35284548719908
82.34417893148023	79.29061634139234
83.541902594194	79.22824408197013
84.75704754874454	79.16549920947496
85.98986719365665	79.102161142777
87.24061861322157	79.03802266050492
88.50956263110764	78.97289261045476
89.79696386475084	78.9065970548416
91.10309078053635	78.83897911493337
92.42821574978288	78.76989682477094
93.77261510554118	78.69922234076344
95.13656920021877	78.6268444885611
96.52036246404286	78.55267208165162
97.92428346437356	78.47663451271099
99.34862496587989	78.39867967619251
100.79368399159105	78.31877145604967
102.25976188483567	78.23688891555376
103.74716437208203	78.15302704274241
105.25620162669229	78.06719685670112
106.78718833360406	77.97942377736275
108.34044375495276	77.88974499802842
109.9162917966485	77.79820724781193
111.51506107592134	77.7048665341005
113.13708498984903	77.60978974712373
114.78270178488147	77.51305543812008
116.45225462737648	77.4147535263456
118.14609167516147	77.31498492927085
119.86456615013608	77.21385986566078
121.60803641193078	77.11149381240958
123.3768660326369	77.00800246365432
125.17142387262359	76.90350082287237
126.99208415745765	76.79810563449429
128.83922655594208	76.69193691077146
130.71323625928977	76.58511706304574
132.61450406144883	76.47776984838784
134.5434264405962	76.37002055382533
136.50040564181674	76.26199602770548
138.48584976098482	76.1538232052492
140.50017282986593	76.04562710740721
142.5437949024563	75.93753396722471
144.61714214257822	75.82967732789417
146.7206469127495	75.72219924360382
148.8547478643456	75.61524956250082
151.01989002907314	75.50898669021785
153.216524911774	75.40357818838159
155.4451105845792	75.29920047360365
157.70611178243232	75.19603832515665
160.00000000000236	75.09428449357192
162.3272535900062	74.99413807154919
164.6883578629612	74.89579995256598
167.08380518838874	74.79946667751517
169.51409509748981	74.70532492769675
171.97973438731407	74.61354692362795
174.4812372264439	74.52428571252874
177.01912526221608	74.43767109515639
179.5939277295025	74.35380957509419
182.20618156107355	74.27278824465401
184.85643149956664	74.1946800881659
187.54523021108326	74.11954854588616
190.27313840043846	74.04744842954713
193.04072492808663	73.97842353857935
195.84856692874806	73.91250229598816
198.69724993176072	73.84969268858202
201.58736798318304	73.78998028180281
204.5195237696723	73.7333306343507
207.49432874416505	73.67969384137334
210.5124032533856	73.62900931479943
213.57437666720915	73.58121241752812
216.68088750990657	73.53624240353253
219.83258359329807	73.49404727201976
223.03012215184378	73.45458320294206
226.2741699796992	73.4178127546365
229.5654035697641	73.38370479982542
232.90450925475412	73.35223510983322
236.2921833503241	73.32338603009194
239.72913230027333	73.29714511185571
243.21607282386276	73.27350320033362
246.75373206527502	73.25245140091114
250.34284774524843	73.2339772527346
253.9841683149166	73.21806294165597
257.67845311188546	73.20468510525436
261.42647251858085	73.19381469741586
265.22900812289896	73.18541689027097
269.08685288119375	73.1794516357549
273.0008112836349	73.17587347759101
276.97169952197106	73.17463153137558
281.00034565973334	73.17567086143798
285.0875898049141	73.17893311751052
289.23428428515797	73.18435614890153
293.44129382550057	73.19187306755668
297.7094957286928	73.20141254115813
302.0397800581479	73.21289787767124
306.4330498235497	73.22624538864031
310.89022116916016	73.2413633889503
315.41222356486645	73.25815262214005
320.00000000000654	73.27650822106614
324.6545071800142	73.29632292558635
329.3767157259242	73.31749153111178
334.16761037677935	73.33991360345327
339.02819019498156	73.36349254498695
343.95946877463007	73.38813267399226
348.9624744528898	73.41373810089979
354.03825052443415	73.44021381199975
359.187855459007	73.4674667519312
364.4123631221491	73.49540581710177
369.71286299913527	73.52394117554635
375.0904604221685	73.55298505669033
380.54627680087896	73.582453498608
386.08144985617537	73.61226807783027
391.6971338574982	73.64235607396141
397.3944998635236	73.67265000446402
403.1747359663683	73.7030876552397
409.0390475393468	73.73361282727228
414.9886574883323	73.7641757398797
421.0248065067734	73.79473171024678
427.1487533344206	73.82524022464479
433.3617750198154	73.85566577612843
439.6651671865984	73.88597999307439
446.06024430368984	73.91616411640899
452.54833995940066	73.94620933725666
459.13080713953053	73.97611513546957
465.8090185095106	74.00588820078394
472.58436670065066	74.03554175703165
479.45826460054917	74.06509187631112
486.432145647728	74.09455055347023
493.50746413055253	74.12391887752145
500.6856954904994	74.15318202397854
507.9683366298358	74.18230735206006
515.3569062237735	74.21124562416364
522.8529450371643	74.23993532226726
530.4580162458005	74.26830698337305
538.1737057623901	74.29629071937883
546.0016225672724	74.32382284919571
553.9433990439449	74.35084857123486
562.0006913194694	74.37732177711122
570.1751796098309	74.4032057060952
578.4685685703187	74.42847347958761
586.8825876510039	74.45310727144347
595.4189914573883	74.47709732606799
604.0795601162986	74.50044022355318
612.8660996471021	74.52313773200036
621.780442338323	74.54519663734744
630.8244471297356	74.56662883478371
640.0000000000159	74.58745089304809
649.3090143600314	74.60768270764012
658.7534314518515	74.62734836434909
668.3352207535618	74.64647934836134
678.0563803899662	74.66511656099796
687.9189375492632	74.68331119104035
697.9249489057827	74.70112793012005
708.0765010488715	74.71864765497135
718.3757109180171	74.73596774769113
728.8247262443015	74.75320110580607
739.425725998274	74.77047432092681
750.1809208443404	74.78792526792562
761.0925536017613	74.80570186645589
772.1628997123541	74.82396235672847
783.3942677149998	74.84287517670778
794.7889997270506	74.86261680164442
806.34947193274	74.88336773915415
818.0780950786972	74.90530865558249
829.9773149766683	74.92861711450509
842.0496130135506	74.95346404464783
854.2975066688449	74.98000924832743
866.7235500396347	75.00839624951445
879.3303343732008	75.03874795913298
892.1204886073838	75.07116346761484
905.0966799188055	75.10571605402923
918.2616142790653	75.14245457296298
931.6180370190256	75.18140299837333
945.1687334013056	75.22256019676449
958.9165292011028	75.26590261571478
972.8642912954606	75.31138744728943
987.0149282611097	75.35895599795914
1001.3713909810035	75.40854127219843
1015.9366732596762	75.46007796314657
1030.7138124475518	75.51351196199737
1045.7058900743334	75.56881070714273
1060.916032491606	75.62597513767325
1076.3474115247852	75.68505171374535
1092.0032451345498	75.74614498986652
1107.8867980878947	75.80942556897578
1124.0013826389438	75.8751338783023
1140.350359219667	75.94358309057867
1156.9371371406426	76.01515517540057
1173.765175302013	76.09029162304991
1190.837982914782	76.16947764532827
1208.1591202326028	76.2532247527763
1225.73219929421	76.34204576263255
1243.5608846766518	76.4364327454966
1261.648894259477	76.5368303790754
1280.0000000000375	76.6436112838446
1298.6180287200684	76.75705237414404
1317.5068629037087	76.877312117752
1336.6704415071292	77.00441330545587
1356.112760779938	77.1382450730429
1375.8378750985323	77.2785664550044
1395.8498978115715	77.42501579306874
1416.153002097749	77.57712494508895
1436.7514218360407	77.73433741773762
1457.6494524886093	77.89602866536829
1478.8514519965543	78.06153192419706
1500.3618416886875	78.23016313911931
1522.1851072035295	78.40124488147673
1544.3257994247153	78.57412714213754
1566.788535430007	78.7482021096381
1589.5779994541087	78.92291826807065
1612.6989438654878	79.0977899071624
1636.156190157402	79.27240140033064
1659.9546299533442	79.44640760600761
1684.099226027109	79.619535188663
1708.5950133376978	79.79158416452381
1733.4471000792773	79.9624229382249
1758.6606687464096	80.13197989955428
1784.2409772147755	80.30023532002504
1810.193359837619	80.46721158667869
1836.5232285581387	80.63296688108912
1863.2360740380593	80.79758825024652
1890.3374668026197	80.96117988563944
1917.833058402214	81.12385032889257
1945.7285825909298	81.2857026047873
1974.0298565222283	81.44681937071768
2002.7427819620161	81.6072474443997
2031.8733465193618	81.76699054782222
2061.4276248951132	81.92599650668537
2091.411780148677	82.08415311424226
2121.832064983222	82.24127991504103
2152.694823049581	82.39712998090098
2184.0064902691106	82.55139504683244
2215.7735961758003	82.70369724230285
2248.002765277899	82.8535876176268
2280.7007184393456	83.00053895197658
2313.874274281297	83.14394735581362
2347.530350604038	83.28313458135887
2381.6759658295764	83.41735598052448
2416.318240465218	83.54580746811293
2451.4643985884327	83.6676423984786
2487.1217693533167	83.78200791614522
2523.2977885189675	83.888074313217
2560.0000000000887	83.98507482464579
2597.236057440151	84.07232349958574
2635.0137258074315	84.14922315859356
2673.340883014273	84.21527932811718
2712.225521559891	84.2701359274717
2751.6757501970797	84.31360124135863
2791.699795623158	84.34568509267068
2832.3060041955137	84.36660636552232
2873.502843672097	84.37679277419049
2915.2989049772345	84.37685628201147
2957.7029039931244	84.36758792158045
3000.723683377391	84.3499779271622
3044.370214407075	84.32524758021714
3088.6515988494466	84.29487229241326
3133.57707086003	84.26058620554626
3179.1559989082334	84.22435189443371
3225.3978877309914	84.18825519330849
3272.3123803148205	84.15429239127754
3319.9092599067053	84.12407846666238
3368.198452054235	84.09852435197648
3417.190026675413	84.07755857063529
3466.8942001585724	84.0600299856358
3517.3213374928373	84.04392335655456
3568.4819544295697	84.02686673078763
3620.386719675257	84.00675908696343
3673.0464571162966	83.98225587602231
3726.472148076138	83.95296519580451
3780.6749336052594	83.91938249295248
3835.6661168044484	83.88265954354961
3891.45716518188	83.8442835463238
3948.059713044477	83.80574768603495
4005.4855639240527	83.76826118698109
4063.746693038744	83.73251036248196
4122.855249790247	83.69854825841685
4182.823560297375	83.66585364033216
4243.664129966465	83.63354392249468
4305.389646099183	83.60064211551236
4368.012980538242	83.5662851965168
4431.5471923516225	83.52980866599971
4496.00553055582	83.49069227304051
4561.401436878714	83.44846628365103
4627.748548562617	83.40263579049304
4695.060701208099	83.35262664907894
4763.351931659176	83.29779213824469
4832.63648093046	83.23749252091986
4902.928797176889	83.17116356810206
4974.243538706657	83.0983427011437
5046.595577037959	83.01866435532165
5120.000000000202	82.93187390100356
5194.472114880326	82.83789281712933
5270.027451614888	82.73694180453498
5346.6817660285715	82.62958856247127
5424.451043119808	82.51663630595347
5503.351500394186	82.39901484154672
5583.399591246343	82.27782981761135
5664.612008391055	82.1546498268528
5747.005687344222	82.03190142207241
5830.597809954497	81.91304491764818
5915.405807986278	81.80233877836811
6001.447366754812	81.70413924116185
6088.740428814181	81.62185715007865
6177.303197698925	81.556966766997
6267.154141720092	81.50859119815287
6358.3119978165005	81.47379131374116
6450.795775462017	81.44845206260295
6544.624760629676	81.42868571934989
6639.818519813445	81.4124450489445
6736.396904108505	81.40116426210524
6834.380053350861	81.40107601671652
6933.788400317181	81.42375698782597
7034.642674985712	81.48550271355995
7136.963908859177	81.60530727658734
7240.773439350552	81.80157294793041
7346.092914232631	82.08781381119314
7452.944296152315	82.46738969275187
7561.349867210557	82.92716092905495
7671.332233608935	83.43059353621067
7782.914330363799	83.91232530056446
7896.119426088994	84.27656066327268
8010.971127848146	84.40389304828014
8127.49338607753	84.17124447977508
8245.710499580537	83.4832740812014
8365.647120594791	82.30679571642634
8487.328259932974	80.69522057169102
8610.77929219841	78.79097046337
8736.025961076528	76.8073200464567
8863.094384703289	74.987062689269
8992.011061111683	73.5409443061234
9122.802873757471	72.58416117045176
9255.497097125279	72.10481900159108
9390.121402416245	71.98887467067745
9526.7038633184	72.08264009207227
9665.272961860968	72.25041081238261
9805.857594353829	72.40357299082763
9948.487077413367	72.50224457883066
10093.19115407597	72.54192448072415
10240.000000000457	72.53729300339272
10388.944229760706	72.51011463180093
10540.05490322983	72.48113899988203
10693.363532057198	72.46521727447085
10848.902086239672	72.46931304184908
11006.703000788428	72.49137032161684
11166.799182492743	72.52053718927506
11329.224016782166	72.5393714261582
11494.0113746885	72.52837940420619
11661.195619909053	72.47367941693736
11830.811615972614	72.37657401174029
12002.894733509682	72.26234431836072
12177.48085762842	72.18946215527205
12354.606395397908	72.25253570024199
12534.308283440243	72.57442634071585
12716.62399563306	73.28251247536404
12901.591550924093	74.44847602022699
13089.249521259411	76.01806817399047
13279.637039626952	77.7831484539756
13472.793808217073	79.35820922240649
13668.760106701786	80.27279261976614
13867.576800634426	80.20307168043438
14069.285349971487	79.16970682097529
14273.927817718419	77.52609099568573
14481.54687870117	75.74369193183236
14692.18582846533	74.18156025556937
14905.888592304698	72.99822794114456
15122.699734421185	72.20895629520268
15342.664467217943	71.77257689907323
15565.828660727671	71.64860329152226
15792.238852178061	71.8166002401062
16021.942255696367	72.26521723328842
16254.986772155136	72.95777628577865
16491.42099916115	73.78578024391074
16731.294241189662	74.54049047674633
16974.65651986603	74.9478897922867
17221.558584396902	74.7748767193422
17472.051922153143	73.95346853067433
17726.188769406665	72.62955797110014
17984.022122223458	71.09067530647711
18245.605747515034	69.62288035220251
18510.99419425065	68.38670637914326
18780.242804832582	67.37111115544965
19053.40772663689	66.44352959457375
19330.545923722028	65.4726692605698
19611.71518870775	64.46043305835809
19896.974154826825	63.55903933459275
20186.382308152035	62.853326334295105