* Measurement data measured by REW V5.31.3
* Source: Microphone (JadeAudio JA11), MICROPHONE (Master Volume), R, volume: 0.250
* Format: 512k Log Swept Sine, 1 sweep at -14.9 dBFS with no timing reference
* Dated: Apr 4, 2025 4:08:52 PM
* REW Settings:
*  C-weighting compensation: Off
*  Target level: 75.0 dB
* Note: 
* Measurement: R Wan'er S.G 2 (Standard)
* Smoothing: 1/24 octave
* Frequency Step: 1/48 octave
* Start Frequency: 20.300 Hz
*
* Freq(Hz)	SPL(dB)	Phase(degrees)
20.299999	93.608	-177.0114
20.600000	93.610	-177.3263
20.900000	93.610	-177.6869
21.200001	93.608	-178.0367
21.400000	93.607	-178.2594
21.799999	93.603	-178.6773
22.000000	93.600	-178.8781
22.400000	93.587	-179.3128
22.700001	93.574	-179.6278
23.000000	93.560	-179.9361
23.299999	93.545	179.7220
23.600000	93.529	179.3893
24.000000	93.507	178.9630
24.299999	93.491	178.6103
24.700001	93.468	178.1503
25.000000	93.452	177.8163
25.400000	93.432	177.3383
25.799999	93.415	176.8806
26.200001	93.400	176.4315
26.500000	93.391	176.0970
26.900000	93.378	175.6639
27.200001	93.369	175.3501
27.600000	93.357	174.9460
28.000000	93.346	174.5594
28.500000	93.334	174.1155
29.000000	93.321	173.6946
29.500000	93.305	173.2974
30.000000	93.288	172.9117
30.400000	93.271	172.6089
30.700001	93.257	172.3895
31.100000	93.238	172.1046
31.500000	93.217	171.8191
32.000000	93.189	171.4802
32.500000	93.160	171.1241
33.000000	93.130	170.7822
33.500000	93.099	170.4257
34.000000	93.069	170.0752
34.500000	93.040	169.7094
35.000000	93.014	169.3471
35.500000	92.990	168.9882
36.000000	92.967	168.6477
36.500000	92.941	168.3212
37.000000	92.914	168.0012
37.500000	92.888	167.6912
38.200001	92.856	167.2757
38.700001	92.833	166.9972
39.500000	92.793	166.5655
40.000000	92.765	166.3069
40.599998	92.729	166.0048
41.200001	92.693	165.7114
41.799999	92.657	165.4094
42.500000	92.616	165.0511
43.099998	92.582	164.7470
43.700001	92.548	164.4276
44.400002	92.505	164.0447
45.000000	92.469	163.7448
45.500000	92.442	163.5295
46.200001	92.406	163.2537
46.799999	92.373	163.0051
47.500000	92.332	162.7028
48.200001	92.291	162.4199
48.700001	92.262	162.2301
49.400002	92.224	161.9649
50.000000	92.191	161.7375
50.799999	92.145	161.4384
51.500000	92.104	161.1797
52.200001	92.063	160.9202
53.000000	92.017	160.6372
53.799999	91.970	160.3545
54.500000	91.928	160.0927
55.200001	91.887	159.8505
56.000000	91.841	159.6158
57.000000	91.785	159.3098
58.000000	91.732	158.9864
59.000000	91.671	158.5421
60.000000	91.608	158.0832
60.799999	91.566	157.9717
61.500000	91.532	157.9460
62.200001	91.497	157.8250
63.000000	91.454	157.6122
64.000000	91.398	157.3784
65.000000	91.340	157.1478
66.000000	91.283	156.9188
67.000000	91.227	156.6898
68.000000	91.172	156.4687
69.000000	91.117	156.2626
70.000000	91.062	156.0647
71.000000	91.007	155.8654
72.000000	90.953	155.6694
73.000000	90.899	155.4906
74.000000	90.845	155.3132
75.000000	90.791	155.1403
76.199997	90.729	154.9470
77.500000	90.660	154.7363
78.800003	90.592	154.5360
80.000000	90.531	154.3742
81.199997	90.470	154.2190
82.500000	90.404	154.0524
83.800003	90.336	153.8842
85.000000	90.276	153.7377
86.199997	90.218	153.6099
87.500000	90.153	153.4725
88.500000	90.102	153.3609
90.000000	90.028	153.1980
91.199997	89.969	153.0941
92.500000	89.906	152.9867
93.800003	89.845	152.8925
95.000000	89.790	152.8098
96.199997	89.734	152.7068
97.500000	89.672	152.6040
98.800003	89.611	152.5260
100.000000	89.557	152.4598
101.500000	89.490	152.3761
103.000000	89.422	152.2983
104.400002	89.359	152.2340
106.000000	89.287	152.1692
107.500000	89.223	152.1087
109.000000	89.158	152.0601
110.599998	89.090	152.0200
112.000000	89.031	151.9785
113.800003	88.957	151.9219
115.000000	88.907	151.9022
117.199997	88.816	151.8657
118.000000	88.783	151.8521
120.599998	88.679	151.8231
122.000000	88.625	151.8133
124.099998	88.542	151.8072
125.000000	88.506	151.8062
126.500000	88.447	151.8137
128.000000	88.392	151.8383
131.500000	88.264	151.8963
132.000000	88.245	151.9028
134.000000	88.171	151.9385
136.000000	88.096	151.9971
138.000000	88.024	152.0258
140.000000	87.960	152.0510
143.000000	87.858	152.1436
145.000000	87.785	152.2080
147.500000	87.699	152.2960
150.000000	87.617	152.4073
152.500000	87.537	152.5410
155.000000	87.458	152.6834
157.500000	87.382	152.8435
160.000000	87.311	152.9889
162.500000	87.243	153.1141
165.000000	87.174	153.2325
167.500000	87.105	153.3438
170.000000	87.035	153.4571
172.500000	86.965	153.5802
175.000000	86.897	153.7128
177.500000	86.830	153.8730
180.000000	86.759	154.0352
182.500000	86.685	154.2150
185.000000	86.615	154.4335
187.500000	86.547	154.6877
190.000000	86.484	154.9768
192.500000	86.433	155.2939
195.000000	86.395	155.5837
197.500000	86.363	155.7868
200.000000	86.331	155.8920
203.000000	86.279	155.9803
206.000000	86.216	156.1016
209.000000	86.152	156.2631
212.000000	86.089	156.4489
214.000000	86.048	156.5855
218.000000	85.965	156.8735
220.000000	85.925	157.0245
224.000000	85.850	157.3193
227.000000	85.796	157.5441
230.000000	85.743	157.7711
233.000000	85.691	157.9964
236.000000	85.639	158.2288
240.000000	85.568	158.5314
243.000000	85.516	158.7709
247.000000	85.449	159.1007
250.000000	85.401	159.3423
254.000000	85.338	159.6701
258.000000	85.276	159.9975
262.000000	85.217	160.3339
265.000000	85.176	160.5908
269.000000	85.124	160.9183
272.000000	85.085	161.1587
276.000000	85.034	161.4884
280.000000	84.983	161.8187
285.000000	84.921	162.2206
290.000000	84.860	162.6212
295.000000	84.800	163.0341
300.000000	84.742	163.4490
304.000000	84.698	163.7833
307.000000	84.666	164.0328
311.000000	84.623	164.3641
315.000000	84.582	164.6912
320.000000	84.533	165.1005
325.000000	84.482	165.5160
330.000000	84.433	165.9358
335.000000	84.387	166.3493
340.000000	84.342	166.7565
345.000000	84.299	167.1692
350.000000	84.258	167.5848
355.000000	84.220	168.0001
360.000000	84.182	168.4187
365.000000	84.144	168.8264
370.000000	84.109	169.2291
375.000000	84.075	169.6280
382.000000	84.030	170.1824
387.000000	83.998	170.5820
395.000000	83.947	171.2223
400.000000	83.917	171.6231
406.000000	83.884	172.1066
412.000000	83.851	172.5841
418.000000	83.818	173.0509
425.000000	83.782	173.6004
431.000000	83.754	174.0712
437.000000	83.726	174.5346
444.000000	83.696	175.0705
450.000000	83.670	175.5293
455.000000	83.650	175.9130
462.000000	83.624	176.4488
468.000000	83.603	176.9049
475.000000	83.580	177.4347
482.000000	83.558	177.9573
487.000000	83.543	178.3293
494.000000	83.522	178.8465
500.000000	83.505	179.2852
508.000000	83.486	179.8619
515.000000	83.471	-179.6443
522.000000	83.456	-179.1590
530.000000	83.440	-178.6319
538.000000	83.420	-178.1581
545.000000	83.393	-177.7868
552.000000	83.350	-177.3903
560.000000	83.289	-176.7345
570.000000	83.247	-175.6132
580.000000	83.252	-174.6110
590.000000	83.263	-173.7856
600.000000	83.266	-173.0233
608.000000	83.265	-172.4176
615.000000	83.264	-171.8776
622.000000	83.262	-171.3160
630.000000	83.266	-170.6366
640.000000	83.287	-169.7897
650.000000	83.317	-169.0716
660.000000	83.338	-168.4619
670.000000	83.348	-167.8401
680.000000	83.354	-167.1741
690.000000	83.362	-166.4793
700.000000	83.373	-165.7707
710.000000	83.386	-165.0538
720.000000	83.403	-164.3356
730.000000	83.423	-163.6192
740.000000	83.444	-162.9028
750.000000	83.468	-162.1848
762.000000	83.500	-161.3295
775.000000	83.538	-160.4036
788.000000	83.581	-159.4789
800.000000	83.624	-158.6239
812.000000	83.670	-157.7762
825.000000	83.725	-156.8666
838.000000	83.785	-155.9637
850.000000	83.843	-155.1316
862.000000	83.906	-154.3093
875.000000	83.978	-153.4315
885.000000	84.036	-152.7657
900.000000	84.130	-151.7860
912.000000	84.209	-151.0209
925.000000	84.299	-150.2157
938.000000	84.393	-149.4341
950.000000	84.483	-148.7319
962.000000	84.577	-148.0508
975.000000	84.681	-147.3426
988.000000	84.789	-146.6642
1000.000000	84.891	-146.0642
1015.000000	85.022	-145.3532
1030.000000	85.155	-144.6853
1044.000000	85.281	-144.1012
1060.000000	85.427	-143.4784
1075.000000	85.565	-142.9385
1090.000000	85.703	-142.4416
1106.000000	85.851	-141.9535
1120.000000	85.980	-141.5630
1138.000000	86.145	-141.1062
1150.000000	86.254	-140.8265
1172.000000	86.451	-140.3658
1180.000000	86.522	-140.2140
1206.000000	86.750	-139.7727
1220.000000	86.870	-139.5622
1241.000000	87.048	-139.2810
1250.000000	87.123	-139.1698
1265.000000	87.247	-138.9971
1280.000000	87.369	-138.8394
1315.000000	87.650	-138.5275
1320.000000	87.690	-138.4886
1340.000000	87.847	-138.3470
1360.000000	88.003	-138.2269
1380.000000	88.157	-138.1272
1400.000000	88.309	-138.0439
1430.000000	88.535	-137.9453
1450.000000	88.685	-137.8972
1475.000000	88.873	-137.8609
1500.000000	89.060	-137.8506
1525.000000	89.247	-137.8697
1550.000000	89.435	-137.9170
1575.000000	89.622	-137.9939
1600.000000	89.809	-138.1029
1625.000000	89.997	-138.2469
1650.000000	90.185	-138.4243
1675.000000	90.373	-138.6408
1700.000000	90.562	-138.8999
1725.000000	90.750	-139.2030
1750.000000	90.939	-139.5478
1775.000000	91.128	-139.9414
1800.000000	91.317	-140.3854
1825.000000	91.505	-140.8840
1850.000000	91.693	-141.4389
1875.000000	91.878	-142.0499
1900.000000	92.060	-142.7204
1925.000000	92.240	-143.4526
1950.000000	92.415	-144.2466
1975.000000	92.585	-145.1020
2000.000000	92.749	-146.0188
2030.000000	92.937	-147.1980
2060.000000	93.115	-148.4617
2090.000000	93.280	-149.8033
2120.000000	93.431	-151.2150
2140.000000	93.524	-152.1928
2180.000000	93.689	-154.2235
2200.000000	93.761	-155.2689
2240.000000	93.881	-157.4112
2270.000000	93.949	-159.0444
2300.000000	93.999	-160.6864
2330.000000	94.030	-162.3241
2360.000000	94.044	-163.9466
2400.000000	94.034	-166.0655
2430.000000	94.008	-167.6075
2470.000000	93.950	-169.5813
2500.000000	93.890	-170.9908
2540.000000	93.791	-172.7647
2580.000000	93.674	-174.4101
2620.000000	93.540	-175.9181
2650.000000	93.431	-176.9566
2690.000000	93.277	-178.2190
2720.000000	93.155	-179.0749
2760.000000	92.987	179.9059
2800.000000	92.813	179.0251
2850.000000	92.591	178.1189
2900.000000	92.365	177.4399
2950.000000	92.141	177.0441
3000.000000	91.938	177.0067
3040.000000	91.812	177.1623
3070.000000	91.742	177.2733
3110.000000	91.667	177.3161
3150.000000	91.599	177.2309
3200.000000	91.510	177.0352
3250.000000	91.415	176.8348
3300.000000	91.316	176.6728
3350.000000	91.220	176.5574
3400.000000	91.129	176.4823
3450.000000	91.044	176.4398
3500.000000	90.967	176.4154
3550.000000	90.898	176.3925
3600.000000	90.837	176.3513
3650.000000	90.783	176.2656
3700.000000	90.735	176.1004
3750.000000	90.684	175.7958
3820.000000	90.555	175.0265
3870.000000	90.346	174.5368
3950.000000	89.945	176.6665
4000.000000	90.039	178.9007
4060.000000	90.311	179.4389
4120.000000	90.472	178.7669
4180.000000	90.539	177.9705
4250.000000	90.567	177.0995
4310.000000	90.571	176.3620
4370.000000	90.562	175.5972
4440.000000	90.535	174.6581
4500.000000	90.496	173.8138
4550.000000	90.452	173.0859
4620.000000	90.371	172.0472
4680.000000	90.285	171.1536
4750.000000	90.164	170.1188
4820.000000	90.020	169.1084
4870.000000	89.903	168.4142
4940.000000	89.719	167.5012
5000.000000	89.543	166.7925
5080.000000	89.284	165.9952
5150.000000	89.040	165.4614
5220.000000	88.784	165.0926
5300.000000	88.483	164.8754
5380.000000	88.176	164.8795
5450.000000	87.908	165.0630
5520.000000	87.642	165.4112
5600.000000	87.343	166.0062
5700.000000	86.986	167.0396
5800.000000	86.654	168.3856
5900.000000	86.358	170.0095
6000.000000	86.106	171.8380
6080.000000	85.936	173.4048
6150.000000	85.812	174.8319
6220.000000	85.709	176.2997
6300.000000	85.617	178.0139
6400.000000	85.544	-179.8126
6500.000000	85.515	-177.6322
6600.000000	85.533	-175.4680
6700.000000	85.598	-173.3510
6800.000000	85.714	-171.3238
6900.000000	85.881	-169.4236
7000.000000	86.101	-167.7073
7100.000000	86.374	-166.2414
7200.000000	86.699	-165.0906
7300.000000	87.074	-164.3243
7400.000000	87.497	-164.0162
7500.000000	87.969	-164.2842
7620.000000	88.587	-165.6319
7750.000000	89.274	-168.7240
7880.000000	89.874	-173.8969
8000.000000	90.209	179.5302
8120.000000	90.206	171.8431
8250.000000	89.751	163.4938
8380.000000	88.881	156.4651
8500.000000	87.838	151.8884
8620.000000	86.696	149.2713
8750.000000	85.460	148.3925
8850.000000	84.556	148.8628
9000.000000	83.325	150.9597
9120.000000	82.460	153.4636
9250.000000	81.638	156.7087
9380.000000	80.922	160.3373
9500.000000	80.344	163.9337
9620.000000	79.838	167.7144
9750.000000	79.365	171.9785
9880.000000	78.966	176.3908
10000.000000	78.664	-179.4344
10150.000000	78.374	-174.1348
10300.000000	78.177	-168.7713
10440.000000	78.079	-163.7297
10600.000000	78.074	-157.9879
10750.000000	78.174	-152.7314
10900.000000	78.355	-147.6260
11060.000000	78.665	-142.0188
11200.000000	79.097	-137.2162
11380.000000	79.858	-131.7884
11500.000000	80.485	-128.7097
11720.000000	81.919	-124.6012
11800.000000	82.536	-123.8154
12060.000000	84.817	-125.4751
12200.000000	86.057	-130.0119
12410.000000	87.449	-142.0821
12500.000000	87.725	-148.6362
12650.000000	87.659	-159.8482
12800.000000	86.994	-169.6366
13150.000000	84.378	178.8444
13200.000000	84.003	178.4207
13400.000000	82.677	178.8151
13600.000000	81.694	-178.6360
13800.000000	81.053	-175.0475
14000.000000	80.727	-171.1142
14300.000000	80.790	-165.5155
14500.000000	81.221	-162.6426
14750.000000	82.214	-161.5343
15000.000000	83.540	-165.4290
15250.000000	84.681	-175.9761
15500.000000	84.934	168.1799
15750.000000	83.896	152.0931
16000.000000	81.892	141.4662
16250.000000	79.875	137.9207
16500.000000	78.704	136.9511
16750.000000	78.322	132.2826
17000.000000	77.931	121.3621
17250.000000	76.729	106.5348
17500.000000	74.460	92.7030
17750.000000	71.431	83.4299
18000.000000	68.127	79.4882
18250.000000	64.914	80.0310
18500.000000	61.979	83.8944
18750.000000	59.383	90.1710
19000.000000	57.128	98.2745
19250.000000	55.191	107.8347
19500.000000	53.555	118.6548
19750.000000	52.262	130.3066
20000.000000	51.532	139.9255
