* Measurement data measured by REW V5.31.3
* Source: Microphone (JadeAudio JA11), MICROPHONE (Master Volume), R, volume: 0.250
* Format: 512k Log Swept Sine, 1 sweep at -14.9 dBFS with no timing reference
* Dated: Apr 5, 2025 1:11:48 AM
* REW Settings:
*  C-weighting compensation: Off
*  Target level: 75.0 dB
* Note: 
* Measurement: R Wan'er S.G 2 (Velvet)
* Smoothing: 1/24 octave
* Frequency Step: 1/48 octave
* Start Frequency: 20.300 Hz
*
* Freq(Hz)	SPL(dB)	Phase(degrees)
20.299999	93.654	-176.5382
20.600000	93.660	-176.8202
20.900000	93.665	-177.1619
21.200001	93.667	-177.5130
21.400000	93.666	-177.7448
21.799999	93.660	-178.1866
22.000000	93.654	-178.3954
22.400000	93.637	-178.8284
22.700001	93.622	-179.1263
23.000000	93.609	-179.4084
23.299999	93.598	-179.7196
23.600000	93.587	179.9804
24.000000	93.573	179.6002
24.299999	93.560	179.2840
24.700001	93.539	178.8699
25.000000	93.521	178.5610
25.400000	93.498	178.0935
25.799999	93.480	177.6180
26.200001	93.467	177.1356
26.500000	93.460	176.7793
26.900000	93.452	176.3350
27.200001	93.446	176.0280
27.600000	93.436	175.6442
28.000000	93.425	175.2745
28.500000	93.411	174.8295
29.000000	93.396	174.3867
29.500000	93.381	173.9684
30.000000	93.363	173.5783
30.400000	93.349	173.2846
30.700001	93.337	173.0767
31.100000	93.322	172.8097
31.500000	93.305	172.5430
32.000000	93.280	172.2255
32.500000	93.251	171.8820
33.000000	93.219	171.5337
33.500000	93.187	171.1489
34.000000	93.160	170.7635
34.500000	93.135	170.3806
35.000000	93.112	170.0297
35.500000	93.087	169.6922
36.000000	93.062	169.3556
36.500000	93.037	169.0115
37.000000	93.015	168.6771
37.500000	92.995	168.3784
38.200001	92.964	167.9989
38.700001	92.939	167.7229
39.500000	92.896	167.2563
40.000000	92.871	166.9858
40.599998	92.839	166.6910
41.200001	92.806	166.4101
41.799999	92.773	166.1144
42.500000	92.734	165.7552
43.099998	92.699	165.4485
43.700001	92.665	165.1447
44.400002	92.626	164.8185
45.000000	92.595	164.5594
45.500000	92.569	164.3360
46.200001	92.530	163.9958
46.799999	92.496	163.7030
47.500000	92.458	163.3928
48.200001	92.421	163.1059
48.700001	92.394	162.9059
49.400002	92.354	162.6341
50.000000	92.320	162.4055
50.799999	92.276	162.0886
51.500000	92.237	161.8259
52.200001	92.197	161.5751
53.000000	92.156	161.2782
53.799999	92.106	161.0728
54.500000	92.052	161.0044
55.200001	92.005	160.8559
56.000000	91.973	160.4644
57.000000	91.935	159.9732
58.000000	91.881	159.6667
59.000000	91.823	159.3591
60.000000	91.764	159.0610
60.799999	91.720	158.8335
61.500000	91.682	158.6381
62.200001	91.645	158.4515
63.000000	91.602	158.2495
64.000000	91.544	158.0099
65.000000	91.487	157.7814
66.000000	91.434	157.5522
67.000000	91.380	157.3167
68.000000	91.326	157.0891
69.000000	91.274	156.8687
70.000000	91.221	156.6558
71.000000	91.168	156.4520
72.000000	91.117	156.2558
73.000000	91.064	156.0750
74.000000	91.010	155.8973
75.000000	90.956	155.7244
76.199997	90.894	155.5181
77.500000	90.828	155.2819
78.800003	90.762	155.0714
80.000000	90.701	154.8994
81.199997	90.641	154.7359
82.500000	90.577	154.5696
83.800003	90.511	154.4031
85.000000	90.449	154.2474
86.199997	90.389	154.0992
87.500000	90.325	153.9501
88.500000	90.276	153.8456
90.000000	90.202	153.7081
91.199997	90.144	153.6082
92.500000	90.083	153.4982
93.800003	90.023	153.3819
95.000000	89.968	153.2978
96.199997	89.912	153.2237
97.500000	89.853	153.1249
98.800003	89.794	153.0235
100.000000	89.740	152.9318
101.500000	89.675	152.8315
103.000000	89.608	152.7491
104.400002	89.546	152.6826
106.000000	89.476	152.6083
107.500000	89.411	152.5477
109.000000	89.347	152.4893
110.599998	89.277	152.4272
112.000000	89.218	152.3838
113.800003	89.143	152.3368
115.000000	89.094	152.3055
117.199997	89.006	152.2573
118.000000	88.974	152.2424
120.599998	88.870	152.2038
122.000000	88.814	152.1901
124.099998	88.732	152.1720
125.000000	88.697	152.1666
126.500000	88.640	152.1727
128.000000	88.584	152.1830
131.500000	88.451	152.2012
132.000000	88.432	152.2051
134.000000	88.355	152.2211
136.000000	88.281	152.2441
138.000000	88.214	152.2756
140.000000	88.144	152.3195
143.000000	88.035	152.4113
145.000000	87.965	152.4747
147.500000	87.876	152.5503
150.000000	87.787	152.6576
152.500000	87.700	152.7769
155.000000	87.611	152.9048
157.500000	87.524	153.0869
160.000000	87.442	153.3179
162.500000	87.371	153.5854
165.000000	87.307	153.8410
167.500000	87.244	154.0770
170.000000	87.190	154.3141
172.500000	87.142	154.4939
175.000000	87.094	154.5861
177.500000	87.044	154.6519
180.000000	86.987	154.7519
182.500000	86.928	154.8836
185.000000	86.868	155.0027
187.500000	86.807	155.1241
190.000000	86.748	155.2794
192.500000	86.689	155.4442
195.000000	86.630	155.5938
197.500000	86.574	155.7488
200.000000	86.520	155.9121
203.000000	86.455	156.1165
206.000000	86.386	156.3233
209.000000	86.315	156.5357
212.000000	86.247	156.7420
214.000000	86.202	156.9057
218.000000	86.110	157.2938
220.000000	86.066	157.5019
224.000000	85.986	157.9438
227.000000	85.934	158.3023
230.000000	85.890	158.6695
233.000000	85.856	159.0339
236.000000	85.836	159.3506
240.000000	85.815	159.6172
243.000000	85.788	159.7247
247.000000	85.735	159.8439
250.000000	85.687	159.9644
254.000000	85.622	160.1683
258.000000	85.558	160.4077
262.000000	85.493	160.6828
265.000000	85.446	160.8961
269.000000	85.386	161.1830
272.000000	85.344	161.4112
276.000000	85.290	161.7244
280.000000	85.236	162.0351
285.000000	85.170	162.4216
290.000000	85.106	162.8200
295.000000	85.042	163.2178
300.000000	84.982	163.6158
304.000000	84.936	163.9396
307.000000	84.902	164.1832
311.000000	84.857	164.5103
315.000000	84.814	164.8357
320.000000	84.762	165.2418
325.000000	84.712	165.6499
330.000000	84.663	166.0623
335.000000	84.616	166.4719
340.000000	84.569	166.8733
345.000000	84.526	167.2859
350.000000	84.484	167.7066
355.000000	84.441	168.1211
360.000000	84.400	168.5284
365.000000	84.361	168.9369
370.000000	84.324	169.3373
375.000000	84.290	169.7402
382.000000	84.245	170.3004
387.000000	84.214	170.6959
395.000000	84.162	171.3190
400.000000	84.130	171.7118
406.000000	84.094	172.1863
412.000000	84.060	172.6624
418.000000	84.027	173.1306
425.000000	83.992	173.6785
431.000000	83.962	174.1472
437.000000	83.934	174.6122
444.000000	83.903	175.1512
450.000000	83.877	175.6071
455.000000	83.856	175.9897
462.000000	83.827	176.5349
468.000000	83.805	176.9941
475.000000	83.779	177.5210
482.000000	83.756	178.0477
487.000000	83.741	178.4189
494.000000	83.721	178.9377
500.000000	83.705	179.3808
508.000000	83.685	179.9666
515.000000	83.670	-179.5322
522.000000	83.657	-179.0491
530.000000	83.643	-178.5217
538.000000	83.629	-178.0499
545.000000	83.610	-177.7039
552.000000	83.574	-177.4058
560.000000	83.501	-176.9679
570.000000	83.406	-175.9236
580.000000	83.380	-174.6687
590.000000	83.392	-173.6395
600.000000	83.405	-172.7694
608.000000	83.412	-172.1090
615.000000	83.417	-171.5375
622.000000	83.422	-170.9611
630.000000	83.430	-170.2867
640.000000	83.450	-169.4353
650.000000	83.484	-168.6573
660.000000	83.518	-168.0299
670.000000	83.535	-167.4556
680.000000	83.542	-166.8338
690.000000	83.549	-166.1604
700.000000	83.558	-165.4603
710.000000	83.570	-164.7531
720.000000	83.585	-164.0371
730.000000	83.601	-163.3136
740.000000	83.621	-162.5915
750.000000	83.644	-161.8676
762.000000	83.674	-160.9965
775.000000	83.710	-160.0533
788.000000	83.751	-159.1075
800.000000	83.793	-158.2366
812.000000	83.837	-157.3710
825.000000	83.890	-156.4379
838.000000	83.949	-155.5146
850.000000	84.007	-154.6701
862.000000	84.071	-153.8365
875.000000	84.145	-152.9440
885.000000	84.205	-152.2654
900.000000	84.300	-151.2689
912.000000	84.380	-150.4896
925.000000	84.472	-149.6669
938.000000	84.568	-148.8694
950.000000	84.660	-148.1547
962.000000	84.755	-147.4643
975.000000	84.862	-146.7456
988.000000	84.972	-146.0580
1000.000000	85.076	-145.4539
1015.000000	85.209	-144.7375
1030.000000	85.344	-144.0660
1044.000000	85.472	-143.4803
1060.000000	85.620	-142.8550
1075.000000	85.759	-142.3126
1090.000000	85.899	-141.8159
1106.000000	86.048	-141.3308
1120.000000	86.178	-140.9438
1138.000000	86.345	-140.4933
1150.000000	86.455	-140.2176
1172.000000	86.654	-139.7611
1180.000000	86.725	-139.6112
1206.000000	86.953	-139.1784
1220.000000	87.073	-138.9722
1241.000000	87.250	-138.6961
1250.000000	87.325	-138.5876
1265.000000	87.448	-138.4191
1280.000000	87.569	-138.2664
1315.000000	87.844	-137.9632
1320.000000	87.883	-137.9245
1340.000000	88.036	-137.7799
1360.000000	88.188	-137.6491
1380.000000	88.340	-137.5330
1400.000000	88.490	-137.4341
1430.000000	88.714	-137.3162
1450.000000	88.864	-137.2561
1475.000000	89.050	-137.2040
1500.000000	89.234	-137.1743
1525.000000	89.418	-137.1684
1550.000000	89.603	-137.1862
1575.000000	89.787	-137.2318
1600.000000	89.972	-137.3078
1625.000000	90.157	-137.4163
1650.000000	90.344	-137.5547
1675.000000	90.531	-137.7269
1700.000000	90.719	-137.9393
1725.000000	90.908	-138.1964
1750.000000	91.098	-138.4992
1775.000000	91.287	-138.8513
1800.000000	91.477	-139.2522
1825.000000	91.666	-139.7065
1850.000000	91.855	-140.2169
1875.000000	92.042	-140.7836
1900.000000	92.227	-141.4084
1925.000000	92.410	-142.0927
1950.000000	92.588	-142.8387
1975.000000	92.763	-143.6479
2000.000000	92.933	-144.5197
2030.000000	93.128	-145.6462
2060.000000	93.313	-146.8604
2090.000000	93.487	-148.1585
2120.000000	93.648	-149.5349
2140.000000	93.747	-150.4931
2180.000000	93.925	-152.4922
2200.000000	94.003	-153.5269
2240.000000	94.137	-155.6571
2270.000000	94.216	-157.2895
2300.000000	94.277	-158.9388
2330.000000	94.319	-160.5916
2360.000000	94.342	-162.2362
2400.000000	94.346	-164.3940
2430.000000	94.328	-165.9702
2470.000000	94.280	-167.9957
2500.000000	94.226	-169.4486
2540.000000	94.134	-171.2850
2580.000000	94.022	-172.9944
2620.000000	93.893	-174.5691
2650.000000	93.786	-175.6591
2690.000000	93.634	-176.9936
2720.000000	93.514	-177.9066
2760.000000	93.347	-179.0094
2800.000000	93.173	-179.9871
2850.000000	92.946	178.9646
2900.000000	92.709	178.1185
2950.000000	92.457	177.5432
3000.000000	92.201	177.3947
3040.000000	92.025	177.6409
3070.000000	91.930	177.9370
3110.000000	91.850	178.2512
3150.000000	91.793	178.3368
3200.000000	91.714	178.2323
3250.000000	91.615	178.0858
3300.000000	91.504	178.0062
3350.000000	91.394	178.0306
3400.000000	91.292	178.1569
3450.000000	91.207	178.3578
3500.000000	91.142	178.5782
3550.000000	91.096	178.7578
3600.000000	91.064	178.8560
3650.000000	91.039	178.8563
3700.000000	91.017	178.7521
3750.000000	90.990	178.5195
3820.000000	90.922	177.8797
3870.000000	90.795	177.2170
3950.000000	90.368	177.7549
4000.000000	90.281	-179.7986
4060.000000	90.530	-178.1608
4120.000000	90.759	-178.5186
4180.000000	90.863	-179.3325
4250.000000	90.907	179.7666
4310.000000	90.915	179.0414
4370.000000	90.907	178.3307
4440.000000	90.881	177.5154
4500.000000	90.849	176.8192
4550.000000	90.817	176.2258
4620.000000	90.761	175.3580
4680.000000	90.700	174.5735
4750.000000	90.610	173.6217
4820.000000	90.496	172.6621
4870.000000	90.400	171.9924
4940.000000	90.244	171.1009
5000.000000	90.093	170.3975
5080.000000	89.867	169.5812
5150.000000	89.651	169.0056
5220.000000	89.421	168.5784
5300.000000	89.147	168.2803
5380.000000	88.865	168.1900
5450.000000	88.616	168.2818
5520.000000	88.368	168.5302
5600.000000	88.089	169.0002
5700.000000	87.750	169.8559
5800.000000	87.429	170.9987
5900.000000	87.132	172.4093
6000.000000	86.865	174.0603
6080.000000	86.676	175.5389
6150.000000	86.532	176.9359
6220.000000	86.408	178.4179
6300.000000	86.295	-179.8016
6400.000000	86.197	-177.4752
6500.000000	86.151	-175.0708
6600.000000	86.160	-172.6331
6700.000000	86.226	-170.2086
6800.000000	86.352	-167.8440
6900.000000	86.539	-165.5852
7000.000000	86.791	-163.4845
7100.000000	87.109	-161.6086
7200.000000	87.500	-160.0471
7300.000000	87.966	-158.9321
7400.000000	88.501	-158.4421
7500.000000	89.086	-158.7379
7620.000000	89.823	-160.3013
7750.000000	90.619	-163.7387
7880.000000	91.315	-169.2799
8000.000000	91.739	-176.2321
8120.000000	91.827	175.6018
8250.000000	91.466	166.5348
8380.000000	90.664	158.5705
8500.000000	89.642	153.0388
8620.000000	88.482	149.5306
8750.000000	87.195	147.8453
8850.000000	86.239	147.8149
9000.000000	84.918	149.3646
9120.000000	83.980	151.6028
9250.000000	83.084	154.6964
9380.000000	82.301	158.2716
9500.000000	81.669	161.8942
9620.000000	81.117	165.7661
9750.000000	80.604	170.1835
9880.000000	80.177	174.7852
10000.000000	79.857	179.1575
10150.000000	79.559	-175.2767
10300.000000	79.371	-169.6706
10440.000000	79.290	-164.4555
10600.000000	79.310	-158.5777
10750.000000	79.435	-153.2283
10900.000000	79.647	-148.1123
11060.000000	79.967	-142.6234
11200.000000	80.393	-137.7672
11380.000000	81.158	-132.1685
11500.000000	81.790	-128.9668
11720.000000	83.233	-124.5049
11800.000000	83.857	-123.5271
12060.000000	86.212	-124.2911
12200.000000	87.555	-128.2710
12410.000000	89.196	-139.8920
12500.000000	89.599	-146.5623
12650.000000	89.726	-158.4547
12800.000000	89.190	-169.3557
13150.000000	86.603	176.6114
13200.000000	86.216	175.9270
13400.000000	84.838	175.5093
13600.000000	83.817	177.4742
13800.000000	83.164	-179.4577
14000.000000	82.849	-176.1186
14300.000000	82.959	-171.9046
14500.000000	83.403	-170.5199
14750.000000	84.311	-171.9840
15000.000000	85.330	-178.9860
15250.000000	85.834	167.8674
15500.000000	85.174	151.7031
15750.000000	83.205	138.4915
16000.000000	80.456	133.4642
16250.000000	77.985	137.8856
16500.000000	76.822	146.1255
16750.000000	76.920	150.2773
17000.000000	77.494	147.1894
17250.000000	77.816	137.1209
17500.000000	77.295	122.4528
17750.000000	75.651	107.4976
18000.000000	73.071	96.3477
18250.000000	70.023	90.7626
18500.000000	66.953	90.3615
18750.000000	64.132	93.8131
19000.000000	61.653	99.8778
19250.000000	59.510	107.7539
19500.000000	57.688	117.0777
19750.000000	56.239	127.3871
20000.000000	55.414	136.0857
