* Measurement data measured by REW V5.31.3
* Source: Microphone (JadeAudio JA11), MICROPHONE (Master Volume), R, volume: 0.250
* Format: 512k Log Swept Sine, 1 sweep at -14.9 dBFS with no timing reference
* Dated: Apr 5, 2025 3:17:21 AM
* REW Settings:
*  C-weighting compensation: Off
*  Target level: 75.0 dB
* Note: 
* Measurement: R Wan'er S.G 2 (ASMR)
* Smoothing: 1/24 octave
* Frequency Step: 1/48 octave
* Start Frequency: 20.300 Hz
*
* Freq(Hz)	SPL(dB)	Phase(degrees)
20.299999	93.723	-177.2543
20.600000	93.725	-177.5650
20.900000	93.724	-177.9203
21.200001	93.722	-178.2656
21.400000	93.721	-178.4865
21.799999	93.716	-178.9051
22.000000	93.713	-179.1082
22.400000	93.700	-179.5490
22.700001	93.688	-179.8682
23.000000	93.674	179.8209
23.299999	93.659	179.4780
23.600000	93.644	179.1451
24.000000	93.624	178.7183
24.299999	93.608	178.3645
24.700001	93.585	177.9023
25.000000	93.568	177.5670
25.400000	93.548	177.0880
25.799999	93.529	176.6291
26.200001	93.514	176.1762
26.500000	93.504	175.8365
26.900000	93.491	175.3941
27.200001	93.482	175.0731
27.600000	93.470	174.6616
28.000000	93.459	174.2713
28.500000	93.446	173.8264
29.000000	93.433	173.4050
29.500000	93.417	173.0058
30.000000	93.399	172.6180
30.400000	93.381	172.3154
30.700001	93.367	172.0980
31.100000	93.347	171.8185
31.500000	93.326	171.5404
32.000000	93.297	171.2090
32.500000	93.266	170.8508
33.000000	93.235	170.4937
33.500000	93.206	170.1161
34.000000	93.178	169.7526
34.500000	93.151	169.3882
35.000000	93.122	169.0336
35.500000	93.092	168.6733
36.000000	93.064	168.3169
36.500000	93.040	167.9706
37.000000	93.017	167.6406
37.500000	92.994	167.3338
38.200001	92.959	166.9299
38.700001	92.933	166.6579
39.500000	92.891	166.2354
40.000000	92.863	165.9765
40.599998	92.829	165.6587
41.200001	92.794	165.3424
41.799999	92.759	165.0300
42.500000	92.715	164.6745
43.099998	92.678	164.3731
43.700001	92.648	164.0615
44.400002	92.615	163.6998
45.000000	92.580	163.4065
45.500000	92.546	163.1763
46.200001	92.499	162.8670
46.799999	92.464	162.6044
47.500000	92.426	162.3026
48.200001	92.385	162.0140
48.700001	92.354	161.8134
49.400002	92.315	161.5334
50.000000	92.281	161.3011
50.799999	92.232	161.0038
51.500000	92.192	160.7509
52.200001	92.153	160.4991
53.000000	92.103	160.2128
53.799999	92.070	159.9237
54.500000	92.064	159.6812
55.200001	92.036	159.4533
56.000000	91.958	159.1929
57.000000	91.867	158.8808
58.000000	91.809	158.6037
59.000000	91.747	158.2988
60.000000	91.692	157.9959
60.799999	91.647	157.7807
61.500000	91.605	157.5925
62.200001	91.564	157.4006
63.000000	91.517	157.1918
64.000000	91.460	156.9455
65.000000	91.405	156.7016
66.000000	91.348	156.4672
67.000000	91.290	156.2416
68.000000	91.235	156.0250
69.000000	91.180	155.8136
70.000000	91.123	155.6120
71.000000	91.067	155.4313
72.000000	91.013	155.2542
73.000000	90.960	155.0696
74.000000	90.907	154.8831
75.000000	90.852	154.7126
76.199997	90.787	154.5170
77.500000	90.719	154.2956
78.800003	90.649	154.0844
80.000000	90.584	153.9008
81.199997	90.520	153.7389
82.500000	90.452	153.5782
83.800003	90.383	153.4311
85.000000	90.319	153.3011
86.199997	90.257	153.1669
87.500000	90.192	153.0258
88.500000	90.142	152.9188
90.000000	90.068	152.7631
91.199997	90.008	152.6548
92.500000	89.944	152.5524
93.800003	89.881	152.4344
95.000000	89.822	152.3241
96.199997	89.764	152.2366
97.500000	89.701	152.1550
98.800003	89.640	152.0674
100.000000	89.583	151.9922
101.500000	89.512	151.9106
103.000000	89.441	151.8417
104.400002	89.374	151.7831
106.000000	89.297	151.7283
107.500000	89.226	151.6839
109.000000	89.157	151.6503
110.599998	89.087	151.6430
112.000000	89.026	151.6373
113.800003	88.950	151.6351
115.000000	88.901	151.6391
117.199997	88.814	151.6447
118.000000	88.783	151.6427
120.599998	88.683	151.6235
122.000000	88.630	151.6057
124.099998	88.548	151.5994
125.000000	88.511	151.6033
126.500000	88.451	151.6122
128.000000	88.391	151.6304
131.500000	88.253	151.7065
132.000000	88.233	151.7195
134.000000	88.154	151.7762
136.000000	88.077	151.8571
138.000000	88.003	151.9558
140.000000	87.929	152.0129
143.000000	87.831	152.1102
145.000000	87.760	152.1989
147.500000	87.666	152.3553
150.000000	87.571	152.5509
152.500000	87.490	152.8282
155.000000	87.429	153.1654
157.500000	87.383	153.3983
160.000000	87.340	153.5134
162.500000	87.283	153.5522
165.000000	87.216	153.6183
167.500000	87.147	153.7728
170.000000	87.088	153.9343
172.500000	87.034	154.0793
175.000000	86.979	154.1877
177.500000	86.922	154.2886
180.000000	86.863	154.4047
182.500000	86.806	154.5182
185.000000	86.748	154.6456
187.500000	86.690	154.7839
190.000000	86.633	154.9116
192.500000	86.574	155.0272
195.000000	86.516	155.1497
197.500000	86.459	155.2771
200.000000	86.402	155.4117
203.000000	86.332	155.5884
206.000000	86.261	155.7854
209.000000	86.194	155.9897
212.000000	86.129	156.2094
214.000000	86.086	156.3730
218.000000	86.005	156.6996
220.000000	85.966	156.8640
224.000000	85.888	157.2005
227.000000	85.836	157.4432
230.000000	85.785	157.6952
233.000000	85.733	157.9454
236.000000	85.682	158.1664
240.000000	85.619	158.4756
243.000000	85.571	158.7123
247.000000	85.507	159.0089
250.000000	85.460	159.2261
254.000000	85.399	159.5348
258.000000	85.338	159.8376
262.000000	85.277	160.1405
265.000000	85.233	160.3744
269.000000	85.176	160.7042
272.000000	85.134	160.9508
276.000000	85.080	161.2750
280.000000	85.026	161.6019
285.000000	84.962	162.0137
290.000000	84.900	162.4246
295.000000	84.839	162.8369
300.000000	84.780	163.2612
304.000000	84.734	163.6078
307.000000	84.700	163.8589
311.000000	84.657	164.1835
315.000000	84.614	164.5086
320.000000	84.564	164.9243
325.000000	84.515	165.3483
330.000000	84.468	165.7694
335.000000	84.421	166.1834
340.000000	84.377	166.5951
345.000000	84.334	167.0103
350.000000	84.292	167.4201
355.000000	84.251	167.8408
360.000000	84.212	168.2578
365.000000	84.175	168.6610
370.000000	84.138	169.0664
375.000000	84.102	169.4749
382.000000	84.053	170.0491
387.000000	84.019	170.4577
395.000000	83.968	171.1146
400.000000	83.938	171.5260
406.000000	83.902	172.0207
412.000000	83.869	172.5141
418.000000	83.838	173.0131
425.000000	83.804	173.6026
431.000000	83.779	174.1006
437.000000	83.757	174.5812
444.000000	83.734	175.1226
450.000000	83.714	175.5721
455.000000	83.697	175.9399
462.000000	83.673	176.4520
468.000000	83.652	176.8863
475.000000	83.628	177.3893
482.000000	83.605	177.8956
487.000000	83.590	178.2600
494.000000	83.569	178.7682
500.000000	83.552	179.1973
508.000000	83.531	179.7635
515.000000	83.514	-179.7482
522.000000	83.497	-179.2674
530.000000	83.477	-178.7394
538.000000	83.454	-178.2469
545.000000	83.424	-177.8341
552.000000	83.382	-177.3708
560.000000	83.328	-176.6461
570.000000	83.301	-175.5223
580.000000	83.314	-174.5682
590.000000	83.327	-173.7892
600.000000	83.332	-173.0566
608.000000	83.331	-172.4705
615.000000	83.330	-171.9428
622.000000	83.330	-171.3888
630.000000	83.335	-170.7264
640.000000	83.355	-169.9220
650.000000	83.381	-169.2342
660.000000	83.398	-168.6183
670.000000	83.406	-167.9829
680.000000	83.413	-167.3127
690.000000	83.422	-166.6211
700.000000	83.434	-165.9157
710.000000	83.449	-165.2051
720.000000	83.466	-164.4919
730.000000	83.486	-163.7773
740.000000	83.508	-163.0621
750.000000	83.532	-162.3488
762.000000	83.565	-161.4953
775.000000	83.603	-160.5722
788.000000	83.647	-159.6510
800.000000	83.690	-158.8012
812.000000	83.738	-157.9576
825.000000	83.794	-157.0505
838.000000	83.856	-156.1520
850.000000	83.916	-155.3312
862.000000	83.980	-154.5212
875.000000	84.054	-153.6569
885.000000	84.114	-153.0012
900.000000	84.209	-152.0389
912.000000	84.289	-151.2889
925.000000	84.380	-150.4980
938.000000	84.476	-149.7291
950.000000	84.567	-149.0383
962.000000	84.662	-148.3709
975.000000	84.767	-147.6751
988.000000	84.876	-147.0089
1000.000000	84.979	-146.4234
1015.000000	85.110	-145.7309
1030.000000	85.245	-145.0830
1044.000000	85.372	-144.5175
1060.000000	85.519	-143.9180
1075.000000	85.658	-143.4006
1090.000000	85.798	-142.9251
1106.000000	85.947	-142.4635
1120.000000	86.077	-142.0975
1138.000000	86.243	-141.6714
1150.000000	86.352	-141.4137
1172.000000	86.549	-140.9930
1180.000000	86.619	-140.8554
1206.000000	86.846	-140.4581
1220.000000	86.965	-140.2719
1241.000000	87.143	-140.0281
1250.000000	87.218	-139.9338
1265.000000	87.341	-139.7895
1280.000000	87.463	-139.6591
1315.000000	87.742	-139.4196
1320.000000	87.781	-139.3922
1340.000000	87.936	-139.2965
1360.000000	88.088	-139.2206
1380.000000	88.238	-139.1651
1400.000000	88.385	-139.1247
1430.000000	88.601	-139.0870
1450.000000	88.742	-139.0750
1475.000000	88.916	-139.0688
1500.000000	89.087	-139.0608
1525.000000	89.257	-139.0379
1550.000000	89.430	-138.9799
1575.000000	89.612	-138.8773
1600.000000	89.812	-138.7559
1625.000000	90.039	-138.7215
1650.000000	90.281	-138.9024
1675.000000	90.516	-139.3262
1700.000000	90.730	-139.8954
1725.000000	90.925	-140.5124
1750.000000	91.107	-141.1322
1775.000000	91.283	-141.7523
1800.000000	91.456	-142.3783
1825.000000	91.629	-143.0294
1850.000000	91.802	-143.7296
1875.000000	91.975	-144.5026
1900.000000	92.142	-145.3576
1925.000000	92.300	-146.2858
1950.000000	92.449	-147.2720
1975.000000	92.588	-148.3059
2000.000000	92.718	-149.3829
2030.000000	92.859	-150.7290
2060.000000	92.985	-152.1324
2090.000000	93.094	-153.5823
2120.000000	93.183	-155.0634
2140.000000	93.231	-156.0609
2180.000000	93.302	-158.0552
2200.000000	93.323	-159.0400
2240.000000	93.341	-160.9620
2270.000000	93.333	-162.3516
2300.000000	93.307	-163.6882
2330.000000	93.258	-164.9311
2360.000000	93.191	-166.0196
2400.000000	93.092	-167.1687
2430.000000	93.023	-167.8166
2470.000000	92.952	-168.4182
2500.000000	92.934	-168.7138
2540.000000	92.974	-169.1890
2580.000000	93.051	-170.1383
2620.000000	93.096	-171.5414
2650.000000	93.090	-172.6809
2690.000000	93.046	-174.1243
2720.000000	92.998	-175.1494
2760.000000	92.916	-176.4951
2800.000000	92.805	-177.8028
2850.000000	92.619	-179.2423
2900.000000	92.394	179.6768
2950.000000	92.148	179.0669
3000.000000	91.914	179.0547
3040.000000	91.775	179.4367
3070.000000	91.717	179.7963
3110.000000	91.692	-179.8557
3150.000000	91.699	-179.8001
3200.000000	91.712	179.8788
3250.000000	91.696	179.2818
3300.000000	91.640	178.6222
3350.000000	91.554	178.0783
3400.000000	91.458	177.7296
3450.000000	91.372	177.5574
3500.000000	91.306	177.4838
3550.000000	91.264	177.4243
3600.000000	91.245	177.3053
3650.000000	91.244	177.0557
3700.000000	91.251	176.6013
3750.000000	91.250	175.8587
3820.000000	91.149	174.2869
3870.000000	90.917	173.3658
3950.000000	90.548	175.3772
4000.000000	90.705	176.9893
4060.000000	90.983	176.6123
4120.000000	91.119	175.1829
4180.000000	91.149	173.6866
4250.000000	91.120	172.0355
4310.000000	91.062	170.6716
4370.000000	90.981	169.3260
4440.000000	90.857	167.7668
4500.000000	90.726	166.4412
4550.000000	90.599	165.3495
4620.000000	90.390	163.8627
4680.000000	90.180	162.6632
4750.000000	89.902	161.4103
4820.000000	89.593	160.3734
4870.000000	89.359	159.7829
4940.000000	89.019	159.1695
5000.000000	88.722	158.8318
5080.000000	88.323	158.6348
5150.000000	87.974	158.6867
5220.000000	87.628	158.9379
5300.000000	87.239	159.4554
5380.000000	86.862	160.2136
5450.000000	86.544	161.0653
5520.000000	86.239	162.0782
5600.000000	85.910	163.4178
5700.000000	85.532	165.3391
5800.000000	85.194	167.4985
5900.000000	84.899	169.8478
6000.000000	84.649	172.3446
6080.000000	84.479	174.4260
6150.000000	84.355	176.2997
6220.000000	84.251	178.2189
6300.000000	84.160	-179.5384
6400.000000	84.089	-176.6779
6500.000000	84.067	-173.7759
6600.000000	84.096	-170.8513
6700.000000	84.180	-167.9256
6800.000000	84.325	-165.0288
6900.000000	84.534	-162.1943
7000.000000	84.812	-159.4585
7100.000000	85.170	-156.8705
7200.000000	85.620	-154.5214
7300.000000	86.173	-152.5748
7400.000000	86.830	-151.2385
7500.000000	87.589	-150.7410
7620.000000	88.619	-151.6756
7750.000000	89.813	-155.3175
7880.000000	90.897	-162.4559
8000.000000	91.535	-172.0718
8120.000000	91.595	176.6934
8250.000000	90.943	165.0847
8380.000000	89.726	156.1789
8500.000000	88.359	151.0615
8620.000000	86.959	148.6460
8750.000000	85.535	148.3596
8850.000000	84.539	149.3419
9000.000000	83.224	152.1614
9120.000000	82.322	155.2068
9250.000000	81.479	159.0267
9380.000000	80.760	163.2234
9500.000000	80.197	167.3414
9620.000000	79.721	171.6359
9750.000000	79.299	176.4337
9880.000000	78.971	-178.6596
10000.000000	78.749	-174.0707
10150.000000	78.582	-168.3117
10300.000000	78.534	-162.5782
10440.000000	78.600	-157.2972
10600.000000	78.811	-151.4280
10750.000000	79.144	-146.2257
10900.000000	79.597	-141.3497
11060.000000	80.259	-136.2531
11200.000000	81.064	-132.3242
11380.000000	82.406	-128.9535
11500.000000	83.485	-128.2222
11720.000000	85.734	-131.8784
11800.000000	86.541	-135.3571
12060.000000	88.263	-154.6935
12200.000000	88.205	-167.6047
12410.000000	86.818	176.2133
12500.000000	85.928	171.6082
12650.000000	84.340	167.2033
12800.000000	82.836	166.1563
13150.000000	80.190	171.1223
13200.000000	79.914	172.2875
13400.000000	79.035	177.4887
13600.000000	78.483	-176.8732
13800.000000	78.227	-171.2045
14000.000000	78.244	-165.8306
14300.000000	78.761	-158.9232
14500.000000	79.453	-155.5858
14750.000000	80.736	-154.0957
15000.000000	82.345	-157.6610
15250.000000	83.822	-168.0435
15500.000000	84.490	175.5968
15750.000000	83.889	157.6791
16000.000000	82.243	143.9066
16250.000000	80.521	135.9272
16500.000000	79.495	128.1799
16750.000000	78.596	115.4907
17000.000000	76.852	100.1300
17250.000000	74.091	87.4872
17500.000000	70.781	80.2982
17750.000000	67.426	78.1485
18000.000000	64.287	79.7057
18250.000000	61.455	84.0339
18500.000000	58.959	90.5278
18750.000000	56.796	98.6372
19000.000000	54.941	107.9813
19250.000000	53.362	118.4615
19500.000000	52.041	130.0669
19750.000000	51.009	142.2908
20000.000000	50.441	152.2158
