* Measurement data measured by REW V5.31.3
* Source: Microphone (JadeAudio JA11), MICROPHONE (Master Volume), R, volume: 0.000
* Format: 256k Log Swept Sine, 1 sweep at -12.0 dBFS with no timing reference
* Dated: Mar 16, 2025 3:39:55 AM
* REW Settings:
*  C-weighting compensation: Off
*  Target level: 75.0 dB
* Note: 
* Measurement: R Wan'er SE (Sancai)
* Smoothing: 1/24 octave
* Frequency Step: 1/48 octave
* Start Frequency: 20.000 Hz
*
* Freq(Hz)	SPL(dB)	Phase(degrees)
20.000000	88.466	25.2822
20.299999	88.504	24.8834
20.600000	88.540	24.5034
20.900000	88.573	24.1407
21.200001	88.602	23.7866
21.400000	88.620	23.5572
21.799999	88.651	23.1193
22.000000	88.665	22.9060
22.400000	88.688	22.4530
22.700001	88.702	22.1247
23.000000	88.715	21.8021
23.299999	88.726	21.4439
23.600000	88.734	21.0923
24.000000	88.744	20.6382
24.299999	88.750	20.2698
24.700001	88.758	19.7926
25.000000	88.765	19.4489
25.400000	88.776	18.9626
25.799999	88.789	18.4952
26.200001	88.804	18.0327
26.500000	88.817	17.6853
26.900000	88.835	17.2312
27.200001	88.848	16.8998
27.600000	88.865	16.4737
28.000000	88.880	16.0705
28.500000	88.900	15.6191
29.000000	88.920	15.1971
29.500000	88.939	14.7947
30.000000	88.952	14.3970
30.400000	88.958	14.0890
30.700001	88.960	13.8730
31.100000	88.961	13.6045
31.500000	88.962	13.3427
32.000000	88.964	13.0282
32.500000	88.966	12.6829
33.000000	88.967	12.3326
33.500000	88.967	11.9584
34.000000	88.967	11.5898
34.500000	88.967	11.2129
35.000000	88.966	10.8572
35.500000	88.969	10.5162
36.000000	88.975	10.1855
36.500000	88.984	9.8407
37.000000	88.990	9.4818
37.500000	88.990	9.1447
38.200001	88.983	8.7605
38.700001	88.983	8.5386
39.500000	88.988	8.1671
40.000000	88.989	7.9072
40.599998	88.984	7.5911
41.200001	88.976	7.2965
41.799999	88.969	7.0052
42.500000	88.960	6.6508
43.099998	88.951	6.3545
43.700001	88.944	6.0728
44.400002	88.941	5.7367
45.000000	88.936	5.4225
45.500000	88.927	5.1657
46.200001	88.910	4.8717
46.799999	88.899	4.6781
47.500000	88.893	4.4566
48.200001	88.888	4.2096
48.700001	88.883	4.0193
49.400002	88.874	3.7356
50.000000	88.863	3.4938
50.799999	88.850	3.1781
51.500000	88.841	2.8810
52.200001	88.831	2.5982
53.000000	88.833	2.3120
53.799999	88.850	1.8440
54.500000	88.831	1.3013
55.200001	88.771	0.9944
56.000000	88.727	1.0506
57.000000	88.737	1.0826
58.000000	88.741	0.8872
59.000000	88.734	0.6687
60.000000	88.713	0.4245
60.799999	88.693	0.2558
61.500000	88.680	0.0892
62.200001	88.665	-0.1082
63.000000	88.646	-0.3293
64.000000	88.627	-0.5837
65.000000	88.612	-0.8399
66.000000	88.596	-1.0787
67.000000	88.581	-1.2909
68.000000	88.565	-1.5003
69.000000	88.544	-1.7021
70.000000	88.520	-1.8787
71.000000	88.499	-2.0404
72.000000	88.481	-2.2205
73.000000	88.463	-2.4282
74.000000	88.444	-2.6372
75.000000	88.423	-2.8226
76.199997	88.400	-3.0225
77.500000	88.372	-3.2144
78.800003	88.347	-3.3796
80.000000	88.324	-3.5672
81.199997	88.296	-3.7634
82.500000	88.266	-3.9375
83.800003	88.242	-4.1037
85.000000	88.223	-4.2672
86.199997	88.202	-4.4363
87.500000	88.175	-4.5926
88.500000	88.156	-4.7041
90.000000	88.125	-4.8714
91.199997	88.101	-5.0037
92.500000	88.074	-5.1574
93.800003	88.048	-5.2871
95.000000	88.025	-5.4174
96.199997	87.999	-5.5478
97.500000	87.970	-5.6625
98.800003	87.944	-5.7698
100.000000	87.920	-5.8812
101.500000	87.889	-6.0169
103.000000	87.858	-6.1292
104.400002	87.831	-6.2232
106.000000	87.799	-6.3338
107.500000	87.765	-6.4297
109.000000	87.733	-6.5090
110.599998	87.703	-6.6140
112.000000	87.676	-6.7276
113.800003	87.641	-6.8363
115.000000	87.619	-6.8918
117.199997	87.576	-6.9807
118.000000	87.560	-7.0078
120.599998	87.503	-7.0932
122.000000	87.474	-7.1129
124.099998	87.436	-7.1619
125.000000	87.419	-7.1900
126.500000	87.389	-7.2263
128.000000	87.358	-7.2523
131.500000	87.290	-7.3076
132.000000	87.281	-7.3179
134.000000	87.241	-7.3522
136.000000	87.202	-7.3535
138.000000	87.165	-7.3473
140.000000	87.130	-7.3792
143.000000	87.076	-7.3321
145.000000	87.053	-7.3035
147.500000	87.022	-7.2907
150.000000	86.989	-7.2917
152.500000	86.950	-7.3165
155.000000	86.905	-7.3236
157.500000	86.854	-7.3398
160.000000	86.800	-7.3578
162.500000	86.746	-7.3349
165.000000	86.687	-7.2243
167.500000	86.623	-7.0154
170.000000	86.569	-6.7042
172.500000	86.548	-6.3128
175.000000	86.552	-5.9152
177.500000	86.562	-5.6428
180.000000	86.559	-5.6076
182.500000	86.546	-5.7008
185.000000	86.529	-5.7995
187.500000	86.505	-5.8252
190.000000	86.481	-5.7781
192.500000	86.462	-5.7081
195.000000	86.446	-5.6442
197.500000	86.426	-5.6138
200.000000	86.402	-5.5942
203.000000	86.366	-5.5478
206.000000	86.329	-5.4431
209.000000	86.298	-5.3828
212.000000	86.263	-5.3654
214.000000	86.238	-5.3031
218.000000	86.199	-5.1172
220.000000	86.182	-5.0318
224.000000	86.149	-4.8804
227.000000	86.124	-4.7643
230.000000	86.097	-4.6110
233.000000	86.072	-4.4847
236.000000	86.047	-4.4067
240.000000	86.012	-4.2493
243.000000	85.985	-4.1120
247.000000	85.950	-3.9515
250.000000	85.925	-3.8288
254.000000	85.893	-3.6694
258.000000	85.860	-3.5399
262.000000	85.826	-3.3684
265.000000	85.800	-3.2265
269.000000	85.766	-3.0389
272.000000	85.744	-2.8824
276.000000	85.715	-2.6528
280.000000	85.688	-2.4189
285.000000	85.650	-2.1697
290.000000	85.610	-1.9395
295.000000	85.577	-1.6906
300.000000	85.548	-1.4057
304.000000	85.523	-1.1783
307.000000	85.502	-1.0154
311.000000	85.473	-0.7964
315.000000	85.448	-0.5700
320.000000	85.421	-0.2747
325.000000	85.396	0.0145
330.000000	85.372	0.3037
335.000000	85.349	0.5951
340.000000	85.328	0.8978
345.000000	85.302	1.1724
350.000000	85.276	1.4434
355.000000	85.255	1.7443
360.000000	85.234	2.0252
365.000000	85.214	2.2998
370.000000	85.195	2.5782
375.000000	85.177	2.8725
382.000000	85.152	3.2941
387.000000	85.134	3.5913
395.000000	85.106	4.0765
400.000000	85.089	4.3722
406.000000	85.072	4.7304
412.000000	85.056	5.0931
418.000000	85.039	5.4586
425.000000	85.019	5.8648
431.000000	85.003	6.2139
437.000000	84.988	6.5614
444.000000	84.972	6.9760
450.000000	84.961	7.3448
455.000000	84.951	7.6514
462.000000	84.938	8.0702
468.000000	84.926	8.4347
475.000000	84.915	8.8588
482.000000	84.903	9.2799
487.000000	84.895	9.5809
494.000000	84.885	9.9963
500.000000	84.878	10.3540
508.000000	84.869	10.8481
515.000000	84.862	11.2812
522.000000	84.855	11.7112
530.000000	84.849	12.1977
538.000000	84.845	12.6900
545.000000	84.841	13.1232
552.000000	84.837	13.5530
560.000000	84.834	14.0401
570.000000	84.833	14.6662
580.000000	84.833	15.2873
590.000000	84.835	15.9164
600.000000	84.838	16.5434
608.000000	84.841	17.0480
615.000000	84.845	17.4856
622.000000	84.849	17.9237
630.000000	84.856	18.4343
640.000000	84.864	19.0729
650.000000	84.874	19.7080
660.000000	84.885	20.3527
670.000000	84.899	20.9979
680.000000	84.915	21.6412
690.000000	84.933	22.2873
700.000000	84.952	22.9396
710.000000	84.972	23.5939
720.000000	84.995	24.2532
730.000000	85.021	24.9193
740.000000	85.049	25.5914
750.000000	85.079	26.2625
762.000000	85.117	27.0597
775.000000	85.163	27.9182
788.000000	85.212	28.7838
800.000000	85.262	29.5892
812.000000	85.317	30.3918
825.000000	85.380	31.2565
838.000000	85.449	32.1100
850.000000	85.519	32.8898
862.000000	85.596	33.6582
875.000000	85.682	34.4079
885.000000	85.743	34.9429
900.000000	85.824	35.8256
912.000000	85.897	36.6309
925.000000	85.992	37.4976
938.000000	86.096	38.2903
950.000000	86.195	38.9754
962.000000	86.297	39.6314
975.000000	86.410	40.3064
988.000000	86.525	40.9558
1000.000000	86.635	41.5337
1015.000000	86.774	42.2107
1030.000000	86.917	42.8434
1044.000000	87.053	43.3901
1060.000000	87.209	43.9664
1075.000000	87.356	44.4651
1090.000000	87.503	44.9169
1106.000000	87.660	45.3531
1120.000000	87.797	45.6992
1138.000000	87.970	46.0939
1150.000000	88.085	46.3310
1172.000000	88.292	46.7113
1180.000000	88.365	46.8334
1206.000000	88.600	47.1850
1220.000000	88.724	47.3495
1241.000000	88.905	47.5670
1250.000000	88.981	47.6507
1265.000000	89.106	47.7809
1280.000000	89.229	47.8999
1315.000000	89.510	48.1409
1320.000000	89.549	48.1718
1340.000000	89.705	48.2885
1360.000000	89.859	48.3939
1380.000000	90.011	48.4918
1400.000000	90.161	48.5806
1430.000000	90.384	48.6955
1450.000000	90.531	48.7669
1475.000000	90.714	48.8538
1500.000000	90.898	48.9349
1525.000000	91.085	48.9992
1550.000000	91.273	49.0397
1575.000000	91.462	49.0579
1600.000000	91.652	49.0516
1625.000000	91.843	49.0270
1650.000000	92.037	48.9818
1675.000000	92.232	48.9131
1700.000000	92.431	48.8111
1725.000000	92.633	48.6674
1750.000000	92.838	48.4816
1775.000000	93.043	48.2508
1800.000000	93.250	47.9730
1825.000000	93.458	47.6450
1850.000000	93.668	47.2647
1875.000000	93.878	46.8286
1900.000000	94.088	46.3333
1925.000000	94.297	45.7792
1950.000000	94.505	45.1642
1975.000000	94.712	44.4821
2000.000000	94.916	43.7322
2030.000000	95.156	42.7464
2060.000000	95.391	41.6590
2090.000000	95.617	40.4657
2120.000000	95.830	39.1651
2140.000000	95.961	38.2460
2180.000000	96.190	36.3117
2200.000000	96.288	35.2936
2240.000000	96.458	33.1443
2270.000000	96.562	31.4626
2300.000000	96.648	29.7503
2330.000000	96.716	28.0135
2360.000000	96.769	26.2798
2400.000000	96.824	23.9996
2430.000000	96.856	22.3047
2470.000000	96.892	20.0422
2500.000000	96.912	18.3096
2540.000000	96.925	15.9308
2580.000000	96.920	13.5153
2620.000000	96.895	11.1397
2650.000000	96.865	9.4329
2690.000000	96.811	7.2807
2720.000000	96.759	5.7766
2760.000000	96.675	3.9334
2800.000000	96.576	2.2605
2850.000000	96.433	0.4067
2900.000000	96.275	-1.2168
2950.000000	96.103	-2.6350
3000.000000	95.917	-3.8541
3040.000000	95.759	-4.6959
3070.000000	95.636	-5.2603
3110.000000	95.472	-5.9260
3150.000000	95.310	-6.4898
3200.000000	95.114	-7.0428
3250.000000	94.930	-7.4230
3300.000000	94.764	-7.6676
3350.000000	94.619	-7.8272
3400.000000	94.495	-7.9463
3450.000000	94.388	-8.0492
3500.000000	94.296	-8.1543
3550.000000	94.216	-8.2832
3600.000000	94.146	-8.4401
3650.000000	94.084	-8.6301
3700.000000	94.026	-8.8498
3750.000000	93.971	-9.0955
3820.000000	93.898	-9.4727
3870.000000	93.848	-9.7558
3950.000000	93.775	-10.2357
4000.000000	93.735	-10.5669
4060.000000	93.689	-11.0257
4120.000000	93.638	-11.5725
4180.000000	93.568	-12.1773
4250.000000	93.450	-12.6424
4310.000000	93.400	-12.5253
4370.000000	93.459	-12.8094
4440.000000	93.488	-14.0941
4500.000000	93.438	-15.3049
4550.000000	93.370	-16.2511
4620.000000	93.252	-17.5183
4680.000000	93.133	-18.5780
4750.000000	92.970	-19.7845
4820.000000	92.780	-20.9272
4870.000000	92.627	-21.6828
4940.000000	92.393	-22.6309
5000.000000	92.173	-23.3124
5080.000000	91.861	-23.9816
5150.000000	91.579	-24.3156
5220.000000	91.299	-24.4191
5300.000000	90.993	-24.3112
5380.000000	90.704	-24.0247
5450.000000	90.464	-23.6699
5520.000000	90.235	-23.2338
5600.000000	89.982	-22.6383
5700.000000	89.683	-21.7404
5800.000000	89.404	-20.6690
5900.000000	89.149	-19.4345
6000.000000	88.922	-18.0552
6080.000000	88.763	-16.8621
6150.000000	88.642	-15.7640
6220.000000	88.538	-14.6241
6300.000000	88.442	-13.2863
6400.000000	88.357	-11.5887
6500.000000	88.311	-9.8940
6600.000000	88.306	-8.2345
6700.000000	88.341	-6.6336
6800.000000	88.419	-5.1194
6900.000000	88.541	-3.7361
7000.000000	88.710	-2.5325
7100.000000	88.925	-1.5723
7200.000000	89.187	-0.9284
7300.000000	89.491	-0.6902
7400.000000	89.832	-0.9359
7500.000000	90.201	-1.7682
7620.000000	90.660	-3.7060
7750.000000	91.132	-7.1619
7880.000000	91.499	-12.1454
8000.000000	91.658	-17.9902
8120.000000	91.568	-24.6246
8250.000000	91.139	-31.9430
8380.000000	90.384	-38.5160
8500.000000	89.465	-43.3271
8620.000000	88.418	-46.6776
8750.000000	87.229	-48.6882
8850.000000	86.319	-49.2184
9000.000000	85.011	-48.6521
9120.000000	84.032	-47.2651
9250.000000	83.051	-45.0280
9380.000000	82.156	-42.1918
9500.000000	81.406	-39.1680
9620.000000	80.727	-35.8391
9750.000000	80.065	-31.9674
9880.000000	79.479	-27.8878
10000.000000	78.998	-23.9792
10150.000000	78.476	-18.9454
10300.000000	78.037	-13.7825
10440.000000	77.698	-8.8891
10600.000000	77.388	-3.2483
10750.000000	77.170	2.0887
10900.000000	77.022	7.4659
11060.000000	76.944	13.2206
11200.000000	76.943	18.2501
11380.000000	77.029	24.6776
11500.000000	77.146	28.9567
11720.000000	77.500	36.7127
11800.000000	77.675	39.4855
12060.000000	78.441	48.1920
12200.000000	78.989	52.5779
12410.000000	80.019	58.5396
12500.000000	80.546	60.7683
12650.000000	81.547	63.8177
12800.000000	82.693	65.7129
13150.000000	85.779	63.7882
13200.000000	86.262	62.6604
13400.000000	88.265	54.9175
13600.000000	89.854	40.0147
13800.000000	90.069	20.2867
14000.000000	88.750	3.0414
14300.000000	85.494	-9.8009
14500.000000	83.459	-11.1423
14750.000000	81.490	-8.6969
15000.000000	80.124	-4.4127
15250.000000	79.241	0.2096
15500.000000	78.748	4.3402
15750.000000	78.580	7.3326
16000.000000	78.666	8.5000
16250.000000	78.899	7.1610
16500.000000	79.107	2.8488
16750.000000	79.065	-4.2788
17000.000000	78.574	-13.1858
17250.000000	77.552	-22.3388
17500.000000	76.039	-30.4263
17750.000000	74.123	-36.6799
18000.000000	71.861	-40.6048
18250.000000	69.281	-41.5108
18500.000000	66.436	-38.2587
18750.000000	63.477	-29.1363
19000.000000	60.804	-12.1715
19250.000000	59.170	11.0894
19500.000000	58.862	32.0797
19750.000000	59.160	45.8449
20000.000000	59.371	52.8380
