* Measurement data measured by REW V5.31.3
* Source: Microphone (JadeAudio JA11), MICROPHONE (Master Volume), R, volume: 0.250
* Format: 512k Log Swept Sine, 1 sweep at -10.8 dBFS with no timing reference
* Dated: Apr 6, 2025 7:33:17 AM
* REW Settings:
*  C-weighting compensation: Off
*  Target level: 75.0 dB
* Note: BT20XS
* Measurement: R Wan'er S.G 2 (SBC, Pro01)
* Smoothing: 1/24 octave
* Frequency Step: 1/48 octave
* Start Frequency: 20.300 Hz
*
* Freq(Hz)	SPL(dB)	Phase(degrees)
20.299999	85.807	132.7308
20.600000	85.813	129.0483
20.900000	85.820	125.0436
21.200001	85.830	121.0329
21.400000	85.838	118.3770
21.799999	85.854	113.1190
22.000000	85.862	110.5158
22.400000	85.870	105.3483
22.700001	85.872	101.4938
23.000000	85.872	97.6496
23.299999	85.872	93.8160
23.600000	85.874	89.9974
24.000000	85.879	84.9371
24.299999	85.882	81.1665
24.700001	85.883	76.1672
25.000000	85.881	72.4359
25.400000	85.877	67.4877
25.799999	85.873	62.5775
26.200001	85.871	57.7078
26.500000	85.869	54.0757
26.900000	85.866	49.2453
27.200001	85.862	45.6260
27.600000	85.855	40.8089
28.000000	85.847	36.0186
28.500000	85.835	30.0907
29.000000	85.823	24.2215
29.500000	85.810	18.3758
30.000000	85.798	12.5376
30.400000	85.789	7.8858
30.700001	85.781	4.4180
31.100000	85.769	-0.1731
31.500000	85.756	-4.7313
32.000000	85.739	-10.3988
32.500000	85.722	-16.0449
33.000000	85.705	-21.6727
33.500000	85.685	-27.2792
34.000000	85.664	-32.8575
34.500000	85.644	-38.3965
35.000000	85.626	-43.8953
35.500000	85.608	-49.3739
36.000000	85.591	-54.8550
36.500000	85.573	-60.3323
37.000000	85.554	-65.7710
37.500000	85.532	-71.1486
38.200001	85.497	-78.6276
38.700001	85.472	-83.9924
39.500000	85.437	-92.5806
40.000000	85.414	-97.8717
40.599998	85.382	-104.1296
41.200001	85.350	-110.3599
41.799999	85.327	-116.6045
42.500000	85.301	-123.8691
43.099998	85.272	-130.0596
43.700001	85.237	-136.2278
44.400002	85.204	-143.3629
45.000000	85.179	-149.4115
45.500000	85.156	-154.4486
46.200001	85.119	-161.5619
46.799999	85.085	-167.6812
47.500000	85.044	-174.7569
48.200001	85.006	178.2534
48.700001	84.984	173.2946
49.400002	84.949	166.3684
50.000000	84.914	160.4371
50.799999	84.872	152.5732
51.500000	84.836	145.7217
52.200001	84.795	138.8821
53.000000	84.752	131.1811
53.799999	84.715	123.3564
54.500000	84.682	116.1192
55.200001	84.655	109.0131
56.000000	84.610	101.7222
57.000000	84.529	92.8662
58.000000	84.479	83.4034
59.000000	84.441	74.0624
60.000000	84.391	64.6956
60.799999	84.343	57.2145
61.500000	84.298	50.7387
62.200001	84.259	44.2654
63.000000	84.222	36.8732
64.000000	84.172	27.6926
65.000000	84.115	18.5623
66.000000	84.056	9.4706
67.000000	84.002	0.4083
68.000000	83.952	-8.6082
69.000000	83.904	-17.5713
70.000000	83.852	-26.5192
71.000000	83.797	-35.4451
72.000000	83.741	-44.3057
73.000000	83.688	-53.1309
74.000000	83.639	-61.9315
75.000000	83.589	-70.7066
76.199997	83.522	-81.2358
77.500000	83.450	-92.5791
78.800003	83.386	-103.8033
80.000000	83.332	-114.0944
81.199997	83.270	-124.3600
82.500000	83.201	-135.4777
83.800003	83.135	-146.5427
85.000000	83.078	-156.6830
86.199997	83.021	-166.7687
87.500000	82.956	-177.6643
88.500000	82.907	173.9540
90.000000	82.836	161.4153
91.199997	82.778	151.4660
92.500000	82.713	140.7532
93.800003	82.651	130.0802
95.000000	82.591	120.2358
96.199997	82.534	110.3843
97.500000	82.474	99.7776
98.800003	82.414	89.2573
100.000000	82.360	79.5911
101.500000	82.289	67.5206
103.000000	82.219	55.4617
104.400002	82.153	44.2803
106.000000	82.078	31.6031
107.500000	82.008	19.8391
109.000000	81.938	8.1056
110.599998	81.875	-4.4702
112.000000	81.824	-15.4583
113.800003	81.756	-29.4886
115.000000	81.708	-38.7618
117.199997	81.613	-55.7690
118.000000	81.580	-61.9456
120.599998	81.475	-81.9425
122.000000	81.419	-92.6434
124.099998	81.329	-108.6122
125.000000	81.290	-115.4180
126.500000	81.224	-126.7284
128.000000	81.160	-138.0000
131.500000	81.012	-164.0662
132.000000	80.989	-167.7544
134.000000	80.895	177.5793
136.000000	80.807	163.0071
138.000000	80.739	148.4199
140.000000	80.706	133.9883
143.000000	80.704	112.0564
145.000000	80.668	97.2396
147.500000	80.586	78.9495
150.000000	80.503	60.8403
152.500000	80.435	42.9401
155.000000	80.357	25.0635
157.500000	80.278	7.2843
160.000000	80.204	-10.4556
162.500000	80.137	-28.0751
165.000000	80.071	-45.5695
167.500000	80.000	-63.0356
170.000000	79.930	-80.4541
172.500000	79.866	-97.7850
175.000000	79.802	-115.0148
177.500000	79.737	-132.1752
180.000000	79.667	-149.2903
182.500000	79.599	-166.3169
185.000000	79.536	176.7002
187.500000	79.479	159.7885
190.000000	79.420	142.9756
192.500000	79.357	126.2458
195.000000	79.293	109.5740
197.500000	79.227	92.9230
200.000000	79.166	76.3062
203.000000	79.105	56.5305
206.000000	79.047	36.8777
209.000000	78.977	17.3264
212.000000	78.897	-2.1726
214.000000	78.848	-15.1316
218.000000	78.762	-40.9008
220.000000	78.725	-53.7327
224.000000	78.661	-79.3174
227.000000	78.625	-98.4360
230.000000	78.590	-117.5027
233.000000	78.551	-136.5205
236.000000	78.508	-155.4448
240.000000	78.442	179.4070
243.000000	78.389	160.6333
247.000000	78.320	135.6621
250.000000	78.273	117.0178
254.000000	78.214	92.3381
258.000000	78.149	67.7864
262.000000	78.082	43.3472
265.000000	78.038	25.0927
269.000000	77.985	0.8563
272.000000	77.945	-17.2310
276.000000	77.891	-41.2646
280.000000	77.841	-65.2041
285.000000	77.780	-95.0278
290.000000	77.723	-124.7102
295.000000	77.667	-154.1284
300.000000	77.606	176.6221
304.000000	77.557	153.2827
307.000000	77.523	135.8306
311.000000	77.482	112.6575
315.000000	77.442	89.5979
320.000000	77.393	60.9221
325.000000	77.344	32.4175
330.000000	77.294	3.9922
335.000000	77.251	-24.3293
340.000000	77.210	-52.4504
345.000000	77.168	-80.4277
350.000000	77.126	-108.2957
355.000000	77.084	-136.0457
360.000000	77.044	-163.6487
365.000000	77.006	168.8906
370.000000	76.970	141.5557
375.000000	76.936	114.3884
382.000000	76.881	76.5220
387.000000	76.847	49.5425
395.000000	76.802	6.6697
400.000000	76.773	-19.9211
406.000000	76.737	-51.6941
412.000000	76.702	-83.3511
418.000000	76.670	-114.8542
425.000000	76.637	-151.3755
431.000000	76.611	177.5073
437.000000	76.582	146.5684
444.000000	76.546	110.6021
450.000000	76.521	79.8777
455.000000	76.504	54.4177
462.000000	76.481	19.0127
468.000000	76.457	-11.1558
475.000000	76.431	-46.2363
482.000000	76.410	-81.1687
487.000000	76.395	-105.9878
494.000000	76.378	-140.5659
500.000000	76.366	-170.0422
508.000000	76.347	150.8809
515.000000	76.326	116.7979
522.000000	76.311	82.8215
530.000000	76.303	44.2510
538.000000	76.294	5.9583
545.000000	76.277	-27.3660
552.000000	76.246	-60.5955
560.000000	76.193	-98.3774
570.000000	76.131	-145.0217
580.000000	76.120	168.7900
590.000000	76.131	122.8225
600.000000	76.131	76.9958
608.000000	76.131	40.4963
615.000000	76.136	8.7651
622.000000	76.140	-22.7583
630.000000	76.141	-58.5659
640.000000	76.150	-103.1023
650.000000	76.177	-147.4802
660.000000	76.204	168.3674
670.000000	76.223	124.4580
680.000000	76.239	80.9160
690.000000	76.247	37.6738
700.000000	76.253	-5.3955
710.000000	76.266	-48.1733
720.000000	76.288	-90.6182
730.000000	76.312	-132.7651
740.000000	76.332	-174.6855
750.000000	76.353	143.5337
762.000000	76.383	93.7236
775.000000	76.422	40.2241
788.000000	76.471	-12.8037
800.000000	76.517	-61.3623
812.000000	76.559	-109.7407
825.000000	76.612	-161.8140
838.000000	76.679	146.5723
850.000000	76.741	99.2866
862.000000	76.802	52.2427
875.000000	76.879	1.5684
885.000000	76.941	-37.1265
900.000000	77.033	-94.8184
912.000000	77.118	-140.6279
925.000000	77.217	170.1577
938.000000	77.313	121.1519
950.000000	77.401	76.0923
962.000000	77.496	31.3096
975.000000	77.608	-16.8311
988.000000	77.722	-64.6587
1000.000000	77.826	-108.6084
1015.000000	77.960	-163.2856
1030.000000	78.100	142.4727
1044.000000	78.229	92.1841
1060.000000	78.383	35.1045
1075.000000	78.534	-17.9795
1090.000000	78.676	-70.8213
1106.000000	78.822	-126.9468
1120.000000	78.954	-175.6689
1138.000000	79.130	122.3027
1150.000000	79.243	81.2124
1172.000000	79.439	6.2222
1180.000000	79.512	-20.8633
1206.000000	79.742	-108.0996
1220.000000	79.859	-154.7520
1241.000000	80.045	135.8408
1250.000000	80.126	106.3540
1265.000000	80.257	57.4097
1280.000000	80.380	8.6655
1315.000000	80.663	-103.8882
1320.000000	80.704	-119.7930
1340.000000	80.869	176.9204
1360.000000	81.029	114.0088
1380.000000	81.186	51.6191
1400.000000	81.339	-10.1719
1430.000000	81.564	-101.9209
1450.000000	81.719	-162.4697
1475.000000	81.916	122.6240
1500.000000	82.101	48.3706
1525.000000	82.286	-25.1162
1550.000000	82.477	-97.7930
1575.000000	82.664	-169.9292
1600.000000	82.853	118.6401
1625.000000	83.044	48.0903
1650.000000	83.225	-21.9707
1675.000000	83.409	-91.5415
1700.000000	83.604	-160.2095
1725.000000	83.795	131.8706
1750.000000	83.973	64.3408
1775.000000	84.149	-2.6196
1800.000000	84.331	-68.8032
1825.000000	84.506	-134.5166
1850.000000	84.677	160.2686
1875.000000	84.844	95.8950
1900.000000	84.997	32.1436
1925.000000	85.139	-31.3242
1950.000000	85.287	-94.2051
1975.000000	85.448	-156.2422
2000.000000	85.615	142.3555
2030.000000	85.805	69.0840
2060.000000	85.976	-3.7002
2090.000000	86.130	-75.7168
2120.000000	86.265	-147.0625
2140.000000	86.343	165.7871
2180.000000	86.476	72.7920
2200.000000	86.527	26.8320
2240.000000	86.598	-64.3994
2270.000000	86.631	-132.1211
2300.000000	86.662	161.2627
2330.000000	86.667	95.4160
2360.000000	86.645	29.7129
2400.000000	86.603	-56.2578
2430.000000	86.560	-119.6289
2470.000000	86.478	156.5762
2500.000000	86.406	94.6357
2540.000000	86.305	13.7461
2580.000000	86.187	-65.8740
2620.000000	86.051	-144.8164
2650.000000	85.947	156.7188
2690.000000	85.811	80.2646
2720.000000	85.702	23.6016
2760.000000	85.554	-51.0527
2800.000000	85.410	-124.3789
2850.000000	85.224	145.4111
2900.000000	85.035	56.9287
2950.000000	84.843	-29.7148
3000.000000	84.648	-114.3447
3040.000000	84.482	179.0547
3070.000000	84.358	129.6855
3110.000000	84.230	65.1240
3150.000000	84.171	1.7861
3200.000000	84.167	-76.8271
3250.000000	84.181	-154.2412
3300.000000	84.174	130.1768
3350.000000	84.140	55.7500
3400.000000	84.098	-17.7061
3450.000000	84.072	-89.5684
3500.000000	84.058	-160.0312
3550.000000	84.043	130.5498
3600.000000	84.026	62.4277
3650.000000	84.009	-4.2344
3700.000000	83.993	-69.7158
3750.000000	83.976	-134.1973
3820.000000	83.924	137.7656
3870.000000	83.793	76.1357
3950.000000	83.264	-19.6641
4000.000000	83.057	-76.3525
4060.000000	83.310	-142.9307
4120.000000	83.610	150.4756
4180.000000	83.737	84.6201
4250.000000	83.765	9.5361
4310.000000	83.742	-53.1328
4370.000000	83.679	-114.4668
4440.000000	83.563	176.2051
4500.000000	83.427	118.6504
4550.000000	83.283	71.4336
4620.000000	83.050	6.8906
4680.000000	82.832	-46.3047
4750.000000	82.549	-106.4707
4820.000000	82.235	-164.9424
4870.000000	82.003	154.7676
4940.000000	81.672	100.5361
5000.000000	81.379	55.5693
5080.000000	80.975	-2.6514
5150.000000	80.625	-51.3701
5220.000000	80.286	-97.8975
5300.000000	79.909	-148.9336
5380.000000	79.542	162.2471
5450.000000	79.233	121.7979
5520.000000	78.934	83.2246
5600.000000	78.606	40.8916
5700.000000	78.233	-8.8457
5800.000000	77.903	-54.5166
5900.000000	77.594	-97.2383
6000.000000	77.311	-136.9463
6080.000000	77.122	-165.9043
6150.000000	76.971	170.2314
6220.000000	76.830	147.4854
6300.000000	76.685	123.4561
6400.000000	76.557	97.1113
6500.000000	76.472	73.3623
6600.000000	76.447	52.0078
6700.000000	76.506	33.8701
6800.000000	76.646	18.2617
6900.000000	76.874	5.0117
7000.000000	77.199	-5.4248
7100.000000	77.611	-13.3418
7200.000000	78.112	-19.1582
7300.000000	78.720	-22.7354
7400.000000	79.442	-24.3301
7500.000000	80.260	-24.5781
7620.000000	81.319	-23.3574
7750.000000	82.471	-20.6816
7880.000000	83.440	-17.9619
8000.000000	83.905	-15.9365
8120.000000	83.763	-12.2695
8250.000000	82.921	-2.8838
8380.000000	81.570	13.5127
8500.000000	80.130	35.2715
8620.000000	78.701	63.4941
8750.000000	77.266	100.0098
8850.000000	76.265	131.1416
9000.000000	74.941	-177.2930
9120.000000	74.036	-131.2324
9250.000000	73.176	-78.2266
9380.000000	72.427	-22.1133
9500.000000	71.839	33.5977
9620.000000	71.353	93.1963
9750.000000	70.923	159.9561
9880.000000	70.563	-135.9648
10000.000000	70.293	-78.0088
10150.000000	70.070	-1.7188
10300.000000	69.959	77.9922
10440.000000	69.948	154.2041
10600.000000	70.061	-113.1348
10750.000000	70.297	-21.2061
10900.000000	70.649	72.0977
11060.000000	71.132	173.8418
11200.000000	71.715	-89.8457
11380.000000	72.751	38.4062
11500.000000	73.590	123.1768
11720.000000	75.431	-74.0791
11800.000000	76.171	-13.7031
12060.000000	78.398	172.7783
12200.000000	79.121	-96.0713
12410.000000	79.102	39.2617
12500.000000	78.683	101.4951
12650.000000	77.596	-149.3965
12800.000000	76.267	-26.0723
13150.000000	73.422	-50.3672
13200.000000	73.096	-2.0605
13400.000000	72.007	-171.6396
13600.000000	71.269	32.9766
13800.000000	70.861	-114.5176
14000.000000	70.746	92.5508
14300.000000	71.120	54.5791
14500.000000	71.774	-68.1289
14750.000000	73.078	-151.2549
15000.000000	74.893	144.5430
15250.000000	76.885	85.7900
15500.000000	78.089	-11.5312
15750.000000	77.526	-150.6934
16000.000000	75.115	139.2891
16250.000000	71.950	75.9810
16500.000000	69.649	79.4673
16750.000000	68.636	92.5332
17000.000000	67.748	66.1450
17250.000000	66.049	18.0107
17500.000000	63.471	0.3496
17750.000000	60.374	22.7119
18000.000000	57.116	12.5308
18250.000000	53.928	-15.0933
18500.000000	50.897	-9.6343
18750.000000	48.045	-85.7490
19000.000000	45.371	-83.6812
19250.000000	42.907	0.1504
19500.000000	40.615	-24.8037
19750.000000	38.501	-61.9253
20000.000000	37.067	-69.9751
