* Measurement data measured by REW V5.31.3
* Source: Microphone (JadeAudio JA11), MICROPHONE (Master Volume), R, volume: 0.250
* Format: 512k Log Swept Sine, 1 sweep at -10.8 dBFS with no timing reference
* Dated: Apr 6, 2025 7:36:25 AM
* REW Settings:
*  C-weighting compensation: Off
*  Target level: 75.0 dB
* Note: BT20XS
* Measurement: L Wan'er S.G 2 (SBC, Pro01)
* Smoothing: 1/24 octave
* Frequency Step: 1/48 octave
* Start Frequency: 20.300 Hz
*
* Freq(Hz)	SPL(dB)	Phase(degrees)
20.299999	86.061	152.5999
20.600000	86.070	149.1268
20.900000	86.079	145.3549
21.200001	86.089	141.5798
21.400000	86.096	139.0779
21.799999	86.112	134.1113
22.000000	86.119	131.6445
22.400000	86.131	126.7377
22.700001	86.136	123.0794
23.000000	86.140	119.4404
23.299999	86.143	115.8213
23.600000	86.145	112.2204
24.000000	86.148	107.4408
24.299999	86.150	103.8683
24.700001	86.153	99.1230
25.000000	86.155	95.5853
25.400000	86.158	90.9116
25.799999	86.160	86.2958
26.200001	86.159	81.7298
26.500000	86.158	78.3252
26.900000	86.153	73.7947
27.200001	86.149	70.3976
27.600000	86.144	65.8724
28.000000	86.139	61.3660
28.500000	86.133	55.7807
29.000000	86.126	50.2511
29.500000	86.116	44.7568
30.000000	86.104	39.2821
30.400000	86.095	34.9222
30.700001	86.090	31.6710
31.100000	86.082	27.3649
31.500000	86.072	23.0851
32.000000	86.055	17.7506
32.500000	86.039	12.4204
33.000000	86.024	7.1099
33.500000	86.010	1.8431
34.000000	85.993	-3.3798
34.500000	85.973	-8.5781
35.000000	85.954	-13.7635
35.500000	85.939	-18.9285
36.000000	85.923	-24.0603
36.500000	85.902	-29.1533
37.000000	85.877	-34.2101
37.500000	85.852	-39.2395
38.200001	85.828	-46.2628
38.700001	85.814	-51.2753
39.500000	85.782	-59.2544
40.000000	85.756	-64.2023
40.599998	85.726	-70.1150
41.200001	85.703	-76.0060
41.799999	85.680	-81.8626
42.500000	85.646	-88.6533
43.099998	85.615	-94.4442
43.700001	85.587	-100.2066
44.400002	85.557	-106.9254
45.000000	85.530	-112.7060
45.500000	85.510	-117.5045
46.200001	85.480	-124.1152
46.799999	85.448	-129.6961
47.500000	85.410	-136.2053
48.200001	85.380	-142.7448
48.700001	85.359	-147.4054
49.400002	85.323	-153.8865
50.000000	85.291	-159.4161
50.799999	85.250	-166.7757
51.500000	85.211	-173.1617
52.200001	85.170	-179.5066
53.000000	85.135	173.2188
53.799999	85.076	166.0561
54.500000	84.970	159.9394
55.200001	84.884	153.7395
56.000000	84.896	146.4610
57.000000	84.940	137.4465
58.000000	84.887	128.6401
59.000000	84.830	119.9413
60.000000	84.773	111.2015
60.799999	84.730	104.2052
61.500000	84.698	98.1415
62.200001	84.667	92.0976
63.000000	84.629	85.1924
64.000000	84.574	76.6175
65.000000	84.517	68.0979
66.000000	84.465	59.5860
67.000000	84.417	51.1186
68.000000	84.366	42.7072
69.000000	84.310	34.3325
70.000000	84.257	26.0083
71.000000	84.207	17.7050
72.000000	84.155	9.3869
73.000000	84.104	1.1132
74.000000	84.056	-7.0641
75.000000	84.005	-15.2055
76.199997	83.944	-24.9940
77.500000	83.877	-35.5303
78.800003	83.803	-45.9730
80.000000	83.737	-55.6254
81.199997	83.674	-65.2357
82.500000	83.604	-75.5427
83.800003	83.538	-85.7738
85.000000	83.482	-95.1536
86.199997	83.431	-104.4899
87.500000	83.379	-114.5944
88.500000	83.344	-122.3782
90.000000	83.291	-134.0383
91.199997	83.237	-143.3457
92.500000	83.173	-153.4135
93.800003	83.115	-163.4282
95.000000	83.065	-172.6118
96.199997	83.009	178.2477
97.500000	82.947	168.3641
98.800003	82.892	158.5374
100.000000	82.841	149.5349
101.500000	82.775	138.2881
103.000000	82.710	127.0756
104.400002	82.649	116.6780
106.000000	82.580	104.8545
107.500000	82.514	93.7772
109.000000	82.451	82.7543
110.599998	82.388	71.1016
112.000000	82.328	60.9136
113.800003	82.251	47.8106
115.000000	82.201	39.1255
117.199997	82.109	23.3289
118.000000	82.074	17.5862
120.599998	81.964	-1.0513
122.000000	81.911	-10.9715
124.099998	81.821	-25.7427
125.000000	81.781	-32.0792
126.500000	81.719	-42.6243
128.000000	81.659	-53.1144
131.500000	81.513	-77.3368
132.000000	81.493	-80.7759
134.000000	81.423	-94.4465
136.000000	81.369	-107.9724
138.000000	81.345	-121.6768
140.000000	81.339	-135.3052
143.000000	81.246	-155.5938
145.000000	81.170	-169.3693
147.500000	81.082	173.6036
150.000000	80.997	156.8588
152.500000	80.902	140.1375
155.000000	80.825	123.5352
157.500000	80.752	107.0452
160.000000	80.677	90.6176
162.500000	80.606	74.2235
165.000000	80.542	57.9425
167.500000	80.474	41.7650
170.000000	80.398	25.5846
172.500000	80.327	9.4727
175.000000	80.260	-6.5349
177.500000	80.189	-22.4702
180.000000	80.116	-38.3538
182.500000	80.047	-54.1649
185.000000	79.981	-69.8937
187.500000	79.916	-85.5610
190.000000	79.850	-101.2015
192.500000	79.790	-116.7377
195.000000	79.730	-132.1851
197.500000	79.667	-147.5690
200.000000	79.607	-162.9214
203.000000	79.537	178.7599
206.000000	79.466	160.5233
209.000000	79.400	142.3563
212.000000	79.338	124.2731
214.000000	79.299	112.3169
218.000000	79.223	88.6509
220.000000	79.190	76.8027
224.000000	79.154	53.0474
227.000000	79.137	35.2941
230.000000	79.116	17.5498
233.000000	79.088	-0.2310
236.000000	79.048	-17.9758
240.000000	78.979	-41.4298
243.000000	78.924	-58.8960
247.000000	78.855	-82.0961
250.000000	78.806	-99.3958
254.000000	78.738	-122.2985
258.000000	78.675	-145.1118
262.000000	78.615	-167.8527
265.000000	78.569	175.1967
269.000000	78.506	152.6945
272.000000	78.459	135.8501
276.000000	78.403	113.4861
280.000000	78.352	91.3062
285.000000	78.286	63.7128
290.000000	78.224	36.1917
295.000000	78.165	8.8743
300.000000	78.104	-18.2965
304.000000	78.060	-39.9810
307.000000	78.030	-56.1719
311.000000	77.989	-77.6233
315.000000	77.945	-98.9775
320.000000	77.892	-125.6287
325.000000	77.845	-152.1206
330.000000	77.797	-178.4258
335.000000	77.746	155.3459
340.000000	77.702	129.2051
345.000000	77.660	103.2588
350.000000	77.613	77.4390
355.000000	77.569	51.7041
360.000000	77.529	26.0837
365.000000	77.491	0.6199
370.000000	77.452	-24.7207
375.000000	77.417	-49.9949
382.000000	77.376	-85.1731
387.000000	77.341	-110.1177
395.000000	77.286	-149.8794
400.000000	77.259	-174.6135
406.000000	77.226	155.9216
412.000000	77.189	126.5933
418.000000	77.158	97.3271
425.000000	77.128	63.4443
431.000000	77.096	34.6064
437.000000	77.063	5.8521
444.000000	77.035	-27.5376
450.000000	77.011	-55.9382
455.000000	76.986	-79.5039
462.000000	76.950	-112.4019
468.000000	76.930	-140.4790
475.000000	76.907	-172.9956
482.000000	76.876	154.6887
487.000000	76.855	131.6499
494.000000	76.837	99.5010
500.000000	76.824	72.1445
508.000000	76.796	35.8914
515.000000	76.769	4.2517
522.000000	76.750	-27.2285
530.000000	76.720	-62.9133
538.000000	76.677	-98.3953
545.000000	76.640	-129.2925
552.000000	76.612	-159.8989
560.000000	76.592	165.4253
570.000000	76.586	122.2185
580.000000	76.601	79.1707
590.000000	76.612	36.4453
600.000000	76.606	-6.0542
608.000000	76.606	-39.8962
615.000000	76.610	-69.2988
622.000000	76.609	-98.5327
630.000000	76.601	-131.8076
640.000000	76.597	-173.2302
650.000000	76.606	145.7258
660.000000	76.607	105.0229
670.000000	76.607	64.4729
680.000000	76.621	24.1909
690.000000	76.646	-15.7322
700.000000	76.670	-55.4473
710.000000	76.700	-95.0220
720.000000	76.744	-134.3428
730.000000	76.788	-173.3970
740.000000	76.824	147.7112
750.000000	76.860	108.9521
762.000000	76.915	62.8242
775.000000	76.965	13.2905
788.000000	77.005	-36.0073
800.000000	77.056	-81.1455
812.000000	77.111	-125.8779
825.000000	77.160	-174.0996
838.000000	77.220	137.9463
850.000000	77.290	94.1416
862.000000	77.356	50.6416
875.000000	77.424	3.6797
885.000000	77.487	-32.2319
900.000000	77.589	-85.6489
912.000000	77.668	-128.1162
925.000000	77.758	-173.9097
938.000000	77.858	140.6660
950.000000	77.956	99.0239
962.000000	78.052	57.5801
975.000000	78.159	12.8555
988.000000	78.274	-31.5474
1000.000000	78.386	-72.2397
1015.000000	78.523	-122.8491
1030.000000	78.657	-173.2056
1044.000000	78.792	140.1572
1060.000000	78.953	87.3271
1075.000000	79.094	38.0410
1090.000000	79.233	-11.0337
1106.000000	79.391	-62.9141
1120.000000	79.529	-107.9751
1138.000000	79.696	-165.6670
1150.000000	79.806	156.0854
1172.000000	80.013	86.6353
1180.000000	80.089	61.5522
1206.000000	80.319	-19.4893
1220.000000	80.437	-62.8110
1241.000000	80.624	-127.1582
1250.000000	80.702	-154.5312
1265.000000	80.823	159.9731
1280.000000	80.941	114.6904
1315.000000	81.228	10.4829
1320.000000	81.267	-4.2983
1340.000000	81.417	-63.2358
1360.000000	81.568	-121.5957
1380.000000	81.725	-179.2773
1400.000000	81.873	123.3750
1430.000000	82.087	38.1265
1450.000000	82.235	-17.9458
1475.000000	82.416	-87.4854
1500.000000	82.595	-156.3579
1525.000000	82.772	135.6279
1550.000000	82.952	68.1255
1575.000000	83.132	1.2646
1600.000000	83.312	-64.7705
1625.000000	83.493	-130.2349
1650.000000	83.673	164.7646
1675.000000	83.852	100.4966
1700.000000	84.032	36.9722
1725.000000	84.212	-26.1016
1750.000000	84.383	-88.8120
1775.000000	84.553	-150.8594
1800.000000	84.725	147.9409
1825.000000	84.890	87.1494
1850.000000	85.046	26.7349
1875.000000	85.198	-32.9365
1900.000000	85.340	-92.0713
1925.000000	85.478	-150.8384
1950.000000	85.613	150.9292
1975.000000	85.746	93.3086
2000.000000	85.881	36.2280
2030.000000	86.043	-31.7583
2060.000000	86.194	-99.1812
2090.000000	86.328	-165.6924
2120.000000	86.441	128.4946
2140.000000	86.501	84.8242
2180.000000	86.594	-1.5615
2200.000000	86.629	-44.0674
2240.000000	86.667	-128.3135
2270.000000	86.672	168.9199
2300.000000	86.666	107.1211
2330.000000	86.649	46.4102
2360.000000	86.610	-13.8184
2400.000000	86.532	-93.6895
2430.000000	86.466	-152.4990
2470.000000	86.367	130.6484
2500.000000	86.275	73.5508
2540.000000	86.144	-1.7607
2580.000000	86.011	-75.3760
2620.000000	85.868	-147.7734
2650.000000	85.753	158.3701
2690.000000	85.601	87.5498
2720.000000	85.486	35.2783
2760.000000	85.337	-33.2705
2800.000000	85.185	-100.9160
2850.000000	84.999	176.0078
2900.000000	84.827	94.9297
2950.000000	84.653	15.0586
3000.000000	84.489	-63.2207
3040.000000	84.373	-124.4717
3070.000000	84.290	-169.8105
3110.000000	84.177	130.1719
3150.000000	84.068	70.9209
3200.000000	83.953	-1.3145
3250.000000	83.854	-71.9189
3300.000000	83.752	-141.7490
3350.000000	83.661	149.7295
3400.000000	83.595	82.9512
3450.000000	83.542	17.5449
3500.000000	83.487	-47.2295
3550.000000	83.446	-110.8369
3600.000000	83.426	-172.6133
3650.000000	83.396	126.5391
3700.000000	83.348	66.3408
3750.000000	83.295	7.6992
3820.000000	83.158	-72.1445
3870.000000	82.994	-128.0732
3950.000000	82.985	145.8848
4000.000000	83.155	93.3926
4060.000000	83.269	30.5918
4120.000000	83.286	-30.9434
4180.000000	83.280	-90.4648
4250.000000	83.263	-158.3916
4310.000000	83.232	144.3672
4370.000000	83.188	88.7148
4440.000000	83.112	26.0293
4500.000000	83.016	-26.2002
4550.000000	82.915	-68.7373
4620.000000	82.742	-126.8389
4680.000000	82.576	-174.9355
4750.000000	82.361	130.7930
4820.000000	82.117	78.0908
4870.000000	81.932	41.6758
4940.000000	81.660	-7.3848
5000.000000	81.409	-48.1611
5080.000000	81.068	-100.7109
5150.000000	80.774	-144.5449
5220.000000	80.475	173.2656
5300.000000	80.130	126.6309
5380.000000	79.803	82.4551
5450.000000	79.530	46.0059
5520.000000	79.259	11.2559
5600.000000	78.958	-26.8184
5700.000000	78.612	-71.4268
5800.000000	78.302	-111.9795
5900.000000	78.014	-149.7422
6000.000000	77.758	174.8701
6080.000000	77.588	149.2148
6150.000000	77.454	128.3945
6220.000000	77.324	108.5186
6300.000000	77.186	87.1943
6400.000000	77.054	63.9961
6500.000000	76.966	44.0088
6600.000000	76.925	26.1006
6700.000000	76.972	11.1484
6800.000000	77.121	-0.8516
6900.000000	77.361	-10.7959
7000.000000	77.691	-18.4883
7100.000000	78.120	-23.5801
7200.000000	78.650	-26.6064
7300.000000	79.274	-28.2363
7400.000000	79.987	-28.3584
7500.000000	80.793	-26.7783
7620.000000	81.854	-23.6045
7750.000000	82.998	-20.0117
7880.000000	83.899	-16.4355
8000.000000	84.265	-12.3574
8120.000000	84.008	-6.3867
8250.000000	83.058	4.6768
8380.000000	81.665	22.7246
8500.000000	80.233	45.4844
8620.000000	78.824	73.3643
8750.000000	77.424	109.2520
8850.000000	76.454	140.8877
9000.000000	75.149	-166.8350
9120.000000	74.218	-121.9893
9250.000000	73.342	-69.5928
9380.000000	72.603	-12.6787
9500.000000	72.019	42.5234
9620.000000	71.518	99.6602
9750.000000	71.080	165.1074
9880.000000	70.738	-126.3906
10000.000000	70.480	-64.2383
10150.000000	70.248	13.9404
10300.000000	70.138	97.9971
10440.000000	70.141	-178.1250
10600.000000	70.254	-81.9111
10750.000000	70.477	8.9941
10900.000000	70.853	108.0996
11060.000000	71.399	-142.1250
11200.000000	71.998	-47.0127
11380.000000	72.978	79.8086
11500.000000	73.769	169.6592
11720.000000	75.439	-24.7588
11800.000000	76.075	33.7656
12060.000000	77.815	-138.7705
12200.000000	78.239	-44.5195
12410.000000	77.892	96.4795
12500.000000	77.415	161.8916
12650.000000	76.338	-78.4443
12800.000000	75.095	48.4609
13150.000000	72.440	23.3594
13200.000000	72.128	70.7734
13400.000000	71.070	-96.1543
13600.000000	70.318	113.5127
13800.000000	69.846	-38.8760
14000.000000	69.617	170.2666
14300.000000	69.708	136.0723
14500.000000	70.071	15.9629
14750.000000	70.903	-71.9790
15000.000000	72.242	-145.2798
15250.000000	74.063	169.9893
15500.000000	75.707	118.5869
15750.000000	76.015	-27.7134
16000.000000	74.541	-123.8032
16250.000000	72.201	-160.7178
16500.000000	70.191	165.3218
16750.000000	69.022	112.6973
17000.000000	68.543	158.6177
17250.000000	68.150	-152.4692
17500.000000	67.073	37.0483
17750.000000	64.881	61.3960
18000.000000	61.746	-2.0303
18250.000000	58.196	-18.0527
18500.000000	54.694	-60.7212
18750.000000	51.476	-66.6670
19000.000000	48.568	-39.2754
19250.000000	45.911	-31.2539
19500.000000	43.423	-119.0029
19750.000000	41.146	-131.1475
20000.000000	39.627	-164.9111
