* Measurement data measured by REW V5.31.3
* Source: Microphone (JadeAudio JA11), MICROPHONE (Master Volume), R, volume: 0.250
* Format: 512k Log Swept Sine, 1 sweep at -10.8 dBFS with no timing reference
* Dated: Apr 6, 2025 7:13:39 AM
* REW Settings:
*  C-weighting compensation: Off
*  Target level: 75.0 dB
* Note: BT20XS
* Measurement: R Wan'er S.G 2 (SBC, Velvet)
* Smoothing: 1/24 octave
* Frequency Step: 1/48 octave
* Start Frequency: 20.300 Hz
*
* Freq(Hz)	SPL(dB)	Phase(degrees)
20.299999	85.835	117.3495
20.600000	85.842	113.5070
20.900000	85.847	109.3299
21.200001	85.854	105.1479
21.400000	85.859	102.3777
21.799999	85.872	96.8845
22.000000	85.878	94.1584
22.400000	85.888	88.7334
22.700001	85.894	84.6800
23.000000	85.897	80.6374
23.299999	85.900	76.6095
23.600000	85.903	72.6020
24.000000	85.905	67.2957
24.299999	85.906	63.3426
24.700001	85.907	58.0988
25.000000	85.907	54.1814
25.400000	85.908	48.9776
25.799999	85.908	43.8016
26.200001	85.906	38.6611
26.500000	85.903	34.8307
26.900000	85.896	29.7539
27.200001	85.890	25.9651
27.600000	85.883	20.9329
28.000000	85.876	15.9200
28.500000	85.869	9.6817
29.000000	85.858	3.4790
29.500000	85.844	-2.6844
30.000000	85.830	-8.8060
30.400000	85.822	-13.6718
30.700001	85.817	-17.3039
31.100000	85.810	-22.1285
31.500000	85.799	-26.9404
32.000000	85.779	-32.9452
32.500000	85.757	-38.9283
33.000000	85.737	-44.8660
33.500000	85.720	-50.7531
34.000000	85.701	-56.6146
34.500000	85.680	-62.4759
35.000000	85.661	-68.3300
35.500000	85.643	-74.1464
36.000000	85.627	-79.9056
36.500000	85.610	-85.6142
37.000000	85.590	-91.2916
37.500000	85.567	-96.9552
38.200001	85.530	-104.8831
38.700001	85.503	-110.5382
39.500000	85.468	-119.5133
40.000000	85.450	-125.0614
40.599998	85.426	-131.6882
41.200001	85.395	-138.3142
41.799999	85.362	-144.9324
42.500000	85.329	-152.5978
43.099998	85.303	-159.1121
43.700001	85.277	-165.6212
44.400002	85.245	-173.2578
45.000000	85.222	-179.7845
45.500000	85.200	174.8530
46.200001	85.157	167.4503
46.799999	85.113	161.1006
47.500000	85.070	153.6510
48.200001	85.037	146.2663
48.700001	85.013	141.0413
49.400002	84.974	133.7141
50.000000	84.941	127.4264
50.799999	84.894	119.1521
51.500000	84.852	111.9472
52.200001	84.817	104.7068
53.000000	84.778	96.5421
53.799999	84.751	88.2844
54.500000	84.764	80.7617
55.200001	84.775	73.4120
56.000000	84.706	65.6330
57.000000	84.572	56.0518
58.000000	84.518	46.1315
59.000000	84.466	36.1751
60.000000	84.413	26.2001
60.799999	84.374	18.2964
61.500000	84.337	11.4044
62.200001	84.301	4.5039
63.000000	84.261	-3.3523
64.000000	84.208	-13.0602
65.000000	84.148	-22.7074
66.000000	84.090	-32.3552
67.000000	84.038	-41.9421
68.000000	83.984	-51.4791
69.000000	83.926	-61.0101
70.000000	83.873	-70.5048
71.000000	83.823	-79.9233
72.000000	83.768	-89.3176
73.000000	83.712	-98.7007
74.000000	83.659	-108.0115
75.000000	83.605	-117.2595
76.199997	83.541	-128.3380
77.500000	83.476	-140.2659
78.800003	83.416	-152.1147
80.000000	83.366	-163.0555
81.199997	83.314	-173.9927
82.500000	83.249	174.2072
83.800003	83.181	162.4760
85.000000	83.125	151.6948
86.199997	83.065	140.9692
87.500000	82.997	129.3861
88.500000	82.947	120.5022
90.000000	82.879	107.2853
91.199997	82.819	96.7371
92.500000	82.755	85.2820
93.800003	82.700	73.9466
95.000000	82.644	63.5687
96.199997	82.583	53.1552
97.500000	82.517	41.8901
98.800003	82.458	30.6884
100.000000	82.405	20.4023
101.500000	82.336	7.5857
103.000000	82.269	-5.1980
104.400002	82.209	-17.0536
106.000000	82.139	-30.5267
107.500000	82.073	-43.1428
109.000000	82.011	-55.7113
110.599998	81.944	-69.0153
112.000000	81.881	-80.6276
113.800003	81.801	-95.5370
115.000000	81.751	-105.4518
117.199997	81.660	-123.5247
118.000000	81.626	-130.0627
120.599998	81.525	-151.2323
122.000000	81.474	-162.5594
124.099998	81.386	-179.5076
125.000000	81.346	173.2419
126.500000	81.286	161.2026
128.000000	81.229	149.2128
131.500000	81.085	121.3815
132.000000	81.066	117.4182
134.000000	80.991	101.5950
136.000000	80.914	85.8501
138.000000	80.827	70.1324
140.000000	80.735	54.5825
143.000000	80.620	31.5404
145.000000	80.539	16.4077
147.500000	80.470	-2.4611
150.000000	80.439	-21.4668
152.500000	80.419	-40.5774
155.000000	80.375	-59.7236
157.500000	80.308	-78.7153
160.000000	80.233	-97.5596
162.500000	80.154	-116.3406
165.000000	80.080	-134.9960
167.500000	80.006	-153.5452
170.000000	79.935	-172.0115
172.500000	79.868	169.5919
175.000000	79.805	151.2673
177.500000	79.743	132.9825
180.000000	79.680	114.7889
182.500000	79.611	96.7275
185.000000	79.541	78.7129
187.500000	79.477	60.7324
190.000000	79.411	42.8335
192.500000	79.349	25.0416
195.000000	79.281	7.3667
197.500000	79.212	-10.2814
200.000000	79.154	-27.8676
203.000000	79.096	-48.8256
206.000000	79.035	-69.6526
209.000000	78.980	-90.4210
212.000000	78.928	-111.2815
214.000000	78.892	-125.1577
218.000000	78.812	-152.6448
220.000000	78.773	-166.3179
224.000000	78.697	166.3938
227.000000	78.639	146.0337
230.000000	78.584	125.7727
233.000000	78.536	105.5592
236.000000	78.488	85.4049
240.000000	78.422	58.6992
243.000000	78.379	38.7966
247.000000	78.320	12.2971
250.000000	78.269	-7.5312
254.000000	78.202	-33.8273
258.000000	78.143	-59.9421
262.000000	78.092	-85.9468
265.000000	78.057	-105.3628
269.000000	78.005	-131.1350
272.000000	77.962	-150.4421
276.000000	77.907	-176.0862
280.000000	77.855	158.4326
285.000000	77.789	126.7686
290.000000	77.720	95.2153
295.000000	77.659	63.8511
300.000000	77.600	32.7039
304.000000	77.549	7.8398
307.000000	77.515	-10.7456
311.000000	77.476	-35.3892
315.000000	77.434	-59.8950
320.000000	77.379	-90.4385
325.000000	77.329	-120.8479
330.000000	77.282	-151.0510
335.000000	77.232	178.8672
340.000000	77.185	148.8982
345.000000	77.147	119.1008
350.000000	77.109	89.4668
355.000000	77.065	59.9495
360.000000	77.025	30.5288
365.000000	76.991	1.2644
370.000000	76.957	-27.8010
375.000000	76.918	-56.7727
382.000000	76.871	-97.1880
387.000000	76.841	-125.8357
395.000000	76.787	-171.4167
400.000000	76.756	160.1726
406.000000	76.721	126.2832
412.000000	76.684	92.6128
418.000000	76.650	59.0769
425.000000	76.615	20.1248
431.000000	76.587	-13.0251
437.000000	76.557	-46.0051
444.000000	76.525	-84.3491
450.000000	76.501	-117.0251
455.000000	76.480	-144.0911
462.000000	76.448	178.1575
468.000000	76.424	145.9216
475.000000	76.401	108.5366
482.000000	76.378	71.3804
487.000000	76.360	44.9600
494.000000	76.337	8.0823
500.000000	76.321	-23.3677
508.000000	76.300	-65.0388
515.000000	76.278	-101.3108
522.000000	76.262	-137.4702
530.000000	76.253	-178.5420
538.000000	76.239	140.6599
545.000000	76.220	105.0759
552.000000	76.199	69.5750
560.000000	76.164	29.3040
570.000000	76.093	-20.4341
580.000000	76.055	-69.7964
590.000000	76.065	-118.8345
600.000000	76.071	-167.5989
608.000000	76.072	153.5183
615.000000	76.074	119.6570
622.000000	76.074	86.0098
630.000000	76.071	47.7441
640.000000	76.069	0.1523
650.000000	76.085	-47.1143
660.000000	76.117	-94.0640
670.000000	76.142	-140.8296
680.000000	76.154	172.6084
690.000000	76.165	126.3711
700.000000	76.179	80.4922
710.000000	76.190	34.9126
720.000000	76.202	-10.4614
730.000000	76.220	-55.5479
740.000000	76.242	-100.3213
750.000000	76.260	-144.8345
762.000000	76.286	162.0229
775.000000	76.328	104.9346
788.000000	76.365	48.3198
800.000000	76.403	-3.7056
812.000000	76.456	-55.2905
825.000000	76.514	-110.7104
838.000000	76.566	-165.8711
850.000000	76.626	143.5093
862.000000	76.693	93.3345
875.000000	76.763	39.3184
885.000000	76.820	-2.0601
900.000000	76.914	-63.6846
912.000000	76.993	-112.6255
925.000000	77.083	-165.3442
938.000000	77.176	142.2437
950.000000	77.265	94.1743
962.000000	77.359	46.3779
975.000000	77.467	-5.0625
988.000000	77.573	-56.2080
1000.000000	77.670	-103.2310
1015.000000	77.803	-161.6074
1030.000000	77.942	140.5020
1044.000000	78.066	86.7471
1060.000000	78.211	25.6768
1075.000000	78.357	-31.0981
1090.000000	78.498	-87.4814
1106.000000	78.641	-147.3994
1120.000000	78.772	160.6006
1138.000000	78.943	94.3242
1150.000000	79.051	50.3462
1172.000000	79.242	-29.8330
1180.000000	79.314	-58.7505
1206.000000	79.545	-151.9927
1220.000000	79.661	158.1084
1241.000000	79.837	83.8784
1250.000000	79.913	52.3271
1265.000000	80.038	-0.0156
1280.000000	80.158	-52.1064
1315.000000	80.433	-172.2910
1320.000000	80.471	170.6875
1340.000000	80.624	102.8975
1360.000000	80.777	35.6982
1380.000000	80.926	-30.8545
1400.000000	81.073	-96.9360
1430.000000	81.303	164.9336
1450.000000	81.451	100.2373
1475.000000	81.633	20.0000
1500.000000	81.824	-59.3760
1525.000000	82.003	-138.1045
1550.000000	82.178	143.9609
1575.000000	82.369	66.9995
1600.000000	82.557	-9.2539
1625.000000	82.737	-85.0361
1650.000000	82.928	-159.8198
1675.000000	83.121	126.0908
1700.000000	83.308	52.5015
1725.000000	83.497	-20.2817
1750.000000	83.688	-92.4297
1775.000000	83.880	-164.0811
1800.000000	84.073	125.0684
1825.000000	84.263	54.9639
1850.000000	84.449	-14.7822
1875.000000	84.640	-83.9326
1900.000000	84.830	-152.1797
1925.000000	85.010	140.0439
1950.000000	85.186	72.5791
1975.000000	85.365	5.7461
2000.000000	85.539	-60.3047
2030.000000	85.729	-138.9580
2060.000000	85.916	143.0820
2090.000000	86.098	66.0771
2120.000000	86.256	-10.2871
2140.000000	86.353	-60.8701
2180.000000	86.535	-160.7920
2200.000000	86.616	149.7471
2240.000000	86.754	51.9697
2270.000000	86.835	-20.3730
2300.000000	86.895	-92.1992
2330.000000	86.939	-163.3750
2360.000000	86.968	126.5400
2400.000000	86.975	34.2900
2430.000000	86.955	-34.4795
2470.000000	86.909	-124.9795
2500.000000	86.860	168.3828
2540.000000	86.773	80.8203
2580.000000	86.658	-6.0283
2620.000000	86.536	-90.9814
2650.000000	86.433	-153.6279
2690.000000	86.281	123.6484
2720.000000	86.160	62.3252
2760.000000	85.994	-18.1836
2800.000000	85.817	-97.6865
2850.000000	85.589	164.7598
2900.000000	85.356	69.3623
2950.000000	85.116	-24.1406
3000.000000	84.861	-116.0498
3040.000000	84.651	172.0059
3070.000000	84.494	118.8906
3110.000000	84.310	48.8994
3150.000000	84.200	-19.7275
3200.000000	84.168	-103.9980
3250.000000	84.171	172.5654
3300.000000	84.156	90.3516
3350.000000	84.117	9.8555
3400.000000	84.059	-69.3213
3450.000000	84.001	-147.0020
3500.000000	83.947	136.7715
3550.000000	83.883	61.4863
3600.000000	83.822	-12.3789
3650.000000	83.774	-84.4121
3700.000000	83.731	-155.2803
3750.000000	83.686	135.0488
3820.000000	83.615	39.8740
3870.000000	83.532	-26.6855
3950.000000	83.166	-130.6230
4000.000000	82.891	167.3076
4060.000000	82.976	94.2959
4120.000000	83.267	21.9277
4180.000000	83.433	-48.7930
4250.000000	83.493	-129.5234
4310.000000	83.494	162.3369
4370.000000	83.488	96.3311
4440.000000	83.476	21.8486
4500.000000	83.452	-41.0977
4550.000000	83.434	-92.3867
4620.000000	83.407	-161.7539
4680.000000	83.364	140.0977
4750.000000	83.290	73.9189
4820.000000	83.196	10.2637
4870.000000	83.108	-34.1455
4940.000000	82.960	-94.9756
5000.000000	82.816	-145.3105
5080.000000	82.603	150.3496
5150.000000	82.391	95.7803
5220.000000	82.166	42.8555
5300.000000	81.903	-14.8418
5380.000000	81.625	-69.7783
5450.000000	81.370	-116.2559
5520.000000	81.116	-160.8809
5600.000000	80.836	151.0127
5700.000000	80.481	94.1289
5800.000000	80.149	40.7109
5900.000000	79.852	-9.0195
6000.000000	79.578	-55.5400
6080.000000	79.387	-90.1484
6150.000000	79.255	-118.2695
6220.000000	79.144	-144.7861
6300.000000	79.038	-173.4971
6400.000000	78.951	153.5498
6500.000000	78.920	123.8838
6600.000000	78.936	97.0957
6700.000000	79.014	73.5410
6800.000000	79.151	52.7676
6900.000000	79.338	34.2539
7000.000000	79.600	18.6523
7100.000000	79.937	5.8086
7200.000000	80.339	-4.7080
7300.000000	80.814	-12.9023
7400.000000	81.374	-18.9922
7500.000000	81.999	-23.5342
7620.000000	82.766	-27.1582
7750.000000	83.531	-28.7129
7880.000000	84.115	-28.1445
8000.000000	84.372	-25.4189
8120.000000	84.277	-19.8955
8250.000000	83.754	-10.4580
8380.000000	82.872	4.0762
8500.000000	81.859	23.2480
8620.000000	80.746	47.1621
8750.000000	79.515	78.2598
8850.000000	78.601	106.5557
9000.000000	77.324	155.2012
9120.000000	76.397	-161.7383
9250.000000	75.498	-110.8896
9380.000000	74.716	-55.7295
9500.000000	74.096	-1.6992
9620.000000	73.560	55.2480
9750.000000	73.067	121.0859
9880.000000	72.658	-169.4453
10000.000000	72.348	-105.0742
10150.000000	72.048	-23.8486
10300.000000	71.864	63.1221
10440.000000	71.781	146.8574
10600.000000	71.798	-113.6611
10750.000000	71.937	-14.5771
10900.000000	72.171	86.8252
11060.000000	72.508	-163.7412
11200.000000	72.926	-58.7900
11380.000000	73.689	81.0352
11500.000000	74.328	173.8047
11720.000000	75.801	-7.9951
11800.000000	76.439	59.5957
12060.000000	78.844	-78.7217
12200.000000	80.226	39.8379
12410.000000	81.947	-144.7383
12500.000000	82.375	-78.4951
12650.000000	82.514	26.2197
12800.000000	81.956	137.3418
13150.000000	79.251	115.2393
13200.000000	78.842	165.8809
13400.000000	77.388	14.1426
13600.000000	76.326	-120.1553
13800.000000	75.645	104.1016
14000.000000	75.313	-35.1797
14300.000000	75.453	-25.0039
14500.000000	75.942	-156.3770
14750.000000	76.926	154.6836
15000.000000	78.085	109.4062
15250.000000	78.802	45.7715
15500.000000	78.376	-45.2236
15750.000000	76.569	-90.5039
16000.000000	73.764	-121.5381
16250.000000	70.833	-172.5771
16500.000000	69.056	-51.4331
16750.000000	69.045	-34.5967
17000.000000	69.877	-120.5186
17250.000000	70.435	-101.3379
17500.000000	69.997	-78.4214
17750.000000	68.326	-128.6387
18000.000000	65.702	-94.1113
18250.000000	62.583	0.2568
18500.000000	59.383	113.9639
18750.000000	56.359	56.7705
19000.000000	53.599	33.0557
19250.000000	51.080	99.0186
19500.000000	48.751	-20.2334
19750.000000	46.686	107.3223
20000.000000	45.329	120.7480
