* Measurement data measured by REW V5.31.3
* Source: Microphone (JadeAudio JA11), MICROPHONE (Master Volume), R, volume: 0.250
* Format: 512k Log Swept Sine, 1 sweep at -14.9 dBFS with no timing reference
* Dated: Apr 4, 2025 3:33:32 PM
* REW Settings:
*  C-weighting compensation: Off
*  Target level: 75.0 dB
* Note: 
* Measurement: R Wan'er S.G 2 (Sancai)
* Smoothing: 1/24 octave
* Frequency Step: 1/48 octave
* Start Frequency: 20.300 Hz
*
* Freq(Hz)	SPL(dB)	Phase(degrees)
20.299999	91.757	-172.6203
20.600000	91.763	-172.8995
20.900000	91.767	-173.2214
21.200001	91.771	-173.5367
21.400000	91.773	-173.7404
21.799999	91.775	-174.1299
22.000000	91.774	-174.3196
22.400000	91.768	-174.7318
22.700001	91.760	-175.0254
23.000000	91.752	-175.3070
23.299999	91.742	-175.6182
23.600000	91.731	-175.9189
24.000000	91.716	-176.3053
24.299999	91.704	-176.6320
24.700001	91.688	-177.0617
25.000000	91.676	-177.3750
25.400000	91.663	-177.8262
25.799999	91.652	-178.2582
26.200001	91.643	-178.6840
26.500000	91.638	-179.0026
26.900000	91.631	-179.4158
27.200001	91.627	-179.7152
27.600000	91.622	179.8996
28.000000	91.618	179.5302
28.500000	91.613	179.1060
29.000000	91.606	178.7084
29.500000	91.598	178.3458
30.000000	91.588	178.0046
30.400000	91.579	177.7380
30.700001	91.572	177.5431
31.100000	91.560	177.2874
31.500000	91.547	177.0299
32.000000	91.527	176.7277
32.500000	91.505	176.4059
33.000000	91.482	176.0889
33.500000	91.459	175.7514
34.000000	91.437	175.4265
34.500000	91.416	175.0972
35.000000	91.396	174.7731
35.500000	91.377	174.4444
36.000000	91.359	174.1292
36.500000	91.341	173.8318
37.000000	91.324	173.5416
37.500000	91.309	173.2509
38.200001	91.291	172.8466
38.700001	91.277	172.5872
39.500000	91.248	172.2174
40.000000	91.226	171.9938
40.599998	91.200	171.7147
41.200001	91.175	171.4330
41.799999	91.151	171.1378
42.500000	91.122	170.7899
43.099998	91.099	170.5301
43.700001	91.075	170.2984
44.400002	91.044	170.0024
45.000000	91.016	169.7054
45.500000	90.993	169.4598
46.200001	90.964	169.1611
46.799999	90.939	168.9249
47.500000	90.910	168.6402
48.200001	90.880	168.3690
48.700001	90.860	168.1910
49.400002	90.834	167.9431
50.000000	90.810	167.7260
50.799999	90.775	167.4405
51.500000	90.742	167.1999
52.200001	90.709	166.9603
53.000000	90.676	166.6940
53.799999	90.642	166.4448
54.500000	90.611	166.2358
55.200001	90.581	166.0159
56.000000	90.549	165.7631
57.000000	90.503	165.4972
58.000000	90.456	165.2394
59.000000	90.392	165.0138
60.000000	90.319	164.7911
60.799999	90.302	164.5122
61.500000	90.299	164.2564
62.200001	90.281	164.0500
63.000000	90.246	163.8519
64.000000	90.204	163.6172
65.000000	90.159	163.3943
66.000000	90.115	163.1624
67.000000	90.072	162.9325
68.000000	90.028	162.7118
69.000000	89.986	162.5062
70.000000	89.944	162.3118
71.000000	89.901	162.1170
72.000000	89.857	161.9257
73.000000	89.813	161.7496
74.000000	89.771	161.5730
75.000000	89.729	161.3937
76.199997	89.681	161.1971
77.500000	89.627	160.9918
78.800003	89.570	160.7925
80.000000	89.519	160.6255
81.199997	89.470	160.4668
82.500000	89.417	160.3023
83.800003	89.367	160.1567
85.000000	89.321	160.0034
86.199997	89.275	159.8449
87.500000	89.224	159.6903
88.500000	89.185	159.5708
90.000000	89.126	159.3976
91.199997	89.080	159.2811
92.500000	89.030	159.1619
93.800003	88.979	159.0173
95.000000	88.935	158.8829
96.199997	88.888	158.7809
97.500000	88.837	158.6793
98.800003	88.787	158.5716
100.000000	88.743	158.4669
101.500000	88.686	158.3455
103.000000	88.629	158.2358
104.400002	88.577	158.1463
106.000000	88.517	158.0505
107.500000	88.461	157.9536
109.000000	88.406	157.8655
110.599998	88.348	157.7862
112.000000	88.297	157.7244
113.800003	88.232	157.6580
115.000000	88.188	157.6182
117.199997	88.110	157.5186
118.000000	88.082	157.4812
120.599998	87.987	157.3925
122.000000	87.939	157.3702
124.099998	87.866	157.3350
125.000000	87.835	157.3130
126.500000	87.781	157.2837
128.000000	87.728	157.2669
131.500000	87.607	157.2183
132.000000	87.589	157.2097
134.000000	87.518	157.1865
136.000000	87.447	157.1781
138.000000	87.378	157.2029
140.000000	87.300	157.2384
143.000000	87.180	157.2754
145.000000	87.095	157.3488
147.500000	86.979	157.5270
150.000000	86.862	157.9227
152.500000	86.772	158.6281
155.000000	86.734	159.3964
157.500000	86.760	159.9799
160.000000	86.797	160.1461
162.500000	86.812	159.9793
165.000000	86.794	159.7640
167.500000	86.754	159.5785
170.000000	86.702	159.4538
172.500000	86.646	159.3958
175.000000	86.589	159.4004
177.500000	86.533	159.4224
180.000000	86.471	159.4547
182.500000	86.409	159.4878
185.000000	86.349	159.5539
187.500000	86.292	159.6238
190.000000	86.234	159.7025
192.500000	86.174	159.7898
195.000000	86.116	159.8905
197.500000	86.062	160.0247
200.000000	86.011	160.1613
203.000000	85.948	160.3176
206.000000	85.886	160.4879
209.000000	85.826	160.6672
212.000000	85.766	160.8787
214.000000	85.727	161.0385
218.000000	85.657	161.3379
220.000000	85.623	161.4941
224.000000	85.555	161.7658
227.000000	85.503	161.9712
230.000000	85.453	162.2223
233.000000	85.409	162.4886
236.000000	85.371	162.7053
240.000000	85.318	162.9757
243.000000	85.277	163.1959
247.000000	85.227	163.5123
250.000000	85.198	163.7218
254.000000	85.164	163.9750
258.000000	85.121	164.1820
262.000000	85.070	164.3633
265.000000	85.029	164.5088
269.000000	84.973	164.7336
272.000000	84.931	164.9207
276.000000	84.879	165.1752
280.000000	84.827	165.4441
285.000000	84.764	165.7924
290.000000	84.705	166.1682
295.000000	84.650	166.5319
300.000000	84.602	166.8876
304.000000	84.563	167.1646
307.000000	84.532	167.3780
311.000000	84.492	167.6638
315.000000	84.454	167.9537
320.000000	84.408	168.3237
325.000000	84.362	168.6853
330.000000	84.317	169.0445
335.000000	84.274	169.3985
340.000000	84.233	169.7424
345.000000	84.192	170.1016
350.000000	84.151	170.4805
355.000000	84.111	170.8646
360.000000	84.074	171.2440
365.000000	84.039	171.6161
370.000000	84.005	171.9861
375.000000	83.974	172.3580
382.000000	83.931	172.8701
387.000000	83.900	173.2347
395.000000	83.854	173.8145
400.000000	83.825	174.1789
406.000000	83.791	174.6120
412.000000	83.757	175.0546
418.000000	83.726	175.4968
425.000000	83.693	176.0031
431.000000	83.668	176.4396
437.000000	83.643	176.8690
444.000000	83.613	177.3716
450.000000	83.589	177.8018
455.000000	83.570	178.1606
462.000000	83.546	178.6639
468.000000	83.527	179.0876
475.000000	83.505	179.5780
482.000000	83.484	-179.9343
487.000000	83.470	-179.5861
494.000000	83.451	-179.1020
500.000000	83.435	-178.6923
508.000000	83.415	-178.1511
515.000000	83.400	-177.6868
522.000000	83.385	-177.2372
530.000000	83.368	-176.7545
538.000000	83.348	-176.3181
545.000000	83.320	-175.9703
552.000000	83.274	-175.5853
560.000000	83.211	-174.9296
570.000000	83.171	-173.8191
580.000000	83.177	-172.8368
590.000000	83.190	-172.0407
600.000000	83.196	-171.3105
608.000000	83.196	-170.7299
615.000000	83.195	-170.2070
622.000000	83.195	-169.6604
630.000000	83.202	-169.0077
640.000000	83.224	-168.2153
650.000000	83.252	-167.5476
660.000000	83.269	-166.9606
670.000000	83.277	-166.3511
680.000000	83.283	-165.7020
690.000000	83.291	-165.0268
700.000000	83.302	-164.3395
710.000000	83.316	-163.6434
720.000000	83.332	-162.9391
730.000000	83.351	-162.2336
740.000000	83.373	-161.5284
750.000000	83.397	-160.8241
762.000000	83.428	-159.9806
775.000000	83.466	-159.0736
788.000000	83.508	-158.1724
800.000000	83.550	-157.3382
812.000000	83.596	-156.5138
825.000000	83.650	-155.6268
838.000000	83.708	-154.7401
850.000000	83.767	-153.9282
862.000000	83.829	-153.1238
875.000000	83.900	-152.2663
885.000000	83.958	-151.6180
900.000000	84.050	-150.6609
912.000000	84.128	-149.9098
925.000000	84.217	-149.1143
938.000000	84.310	-148.3415
950.000000	84.399	-147.6477
962.000000	84.492	-146.9763
975.000000	84.595	-146.2763
988.000000	84.702	-145.6040
1000.000000	84.802	-145.0111
1015.000000	84.931	-144.3040
1030.000000	85.062	-143.6370
1044.000000	85.187	-143.0516
1060.000000	85.331	-142.4260
1075.000000	85.467	-141.8834
1090.000000	85.605	-141.3796
1106.000000	85.752	-140.8851
1120.000000	85.881	-140.4907
1138.000000	86.046	-140.0293
1150.000000	86.156	-139.7480
1172.000000	86.354	-139.2840
1180.000000	86.425	-139.1301
1206.000000	86.653	-138.6841
1220.000000	86.774	-138.4738
1241.000000	86.951	-138.1926
1250.000000	87.026	-138.0820
1265.000000	87.150	-137.9102
1280.000000	87.272	-137.7533
1315.000000	87.551	-137.4394
1320.000000	87.590	-137.4000
1340.000000	87.747	-137.2549
1360.000000	87.902	-137.1282
1380.000000	88.056	-137.0188
1400.000000	88.209	-136.9279
1430.000000	88.435	-136.8245
1450.000000	88.586	-136.7755
1475.000000	88.773	-136.7408
1500.000000	88.958	-136.7328
1525.000000	89.143	-136.7512
1550.000000	89.326	-136.7880
1575.000000	89.510	-136.8447
1600.000000	89.695	-136.9235
1625.000000	89.882	-137.0335
1650.000000	90.070	-137.1776
1675.000000	90.258	-137.3602
1700.000000	90.447	-137.5851
1725.000000	90.637	-137.8535
1750.000000	90.828	-138.1660
1775.000000	91.018	-138.5269
1800.000000	91.207	-138.9365
1825.000000	91.396	-139.3999
1850.000000	91.584	-139.9176
1875.000000	91.771	-140.4901
1900.000000	91.955	-141.1199
1925.000000	92.137	-141.8090
1950.000000	92.316	-142.5604
1975.000000	92.491	-143.3747
2000.000000	92.661	-144.2506
2030.000000	92.856	-145.3805
2060.000000	93.042	-146.5980
2090.000000	93.215	-147.8985
2120.000000	93.376	-149.2765
2140.000000	93.475	-150.2357
2180.000000	93.653	-152.2365
2200.000000	93.732	-153.2722
2240.000000	93.866	-155.4065
2270.000000	93.946	-157.0456
2300.000000	94.007	-158.7062
2330.000000	94.048	-160.3744
2360.000000	94.070	-162.0354
2400.000000	94.069	-164.2116
2430.000000	94.047	-165.7968
2470.000000	93.992	-167.8257
2500.000000	93.932	-169.2704
2540.000000	93.831	-171.0760
2580.000000	93.708	-172.7222
2620.000000	93.570	-174.1893
2650.000000	93.459	-175.1682
2690.000000	93.309	-176.3193
2720.000000	93.198	-177.0821
2760.000000	93.054	-178.0024
2800.000000	92.913	-178.8523
2850.000000	92.733	-179.8338
2900.000000	92.544	179.3084
2950.000000	92.347	178.6387
3000.000000	92.151	178.2125
3040.000000	92.007	178.0486
3070.000000	91.913	177.9950
3110.000000	91.806	177.9500
3150.000000	91.715	177.8646
3200.000000	91.610	177.6820
3250.000000	91.503	177.4678
3300.000000	91.394	177.2769
3350.000000	91.286	177.1295
3400.000000	91.183	177.0197
3450.000000	91.084	176.9415
3500.000000	90.989	176.8860
3550.000000	90.898	176.8503
3600.000000	90.813	176.8317
3650.000000	90.734	176.8148
3700.000000	90.663	176.7600
3750.000000	90.591	176.5938
3820.000000	90.436	176.0676
3870.000000	90.215	175.8534
3950.000000	89.863	178.3825
4000.000000	89.979	-179.5705
4060.000000	90.222	-179.1164
4120.000000	90.356	-179.6109
4180.000000	90.413	179.8357
4250.000000	90.444	179.2387
4310.000000	90.458	178.7142
4370.000000	90.464	178.1391
4440.000000	90.457	177.3871
4500.000000	90.437	176.6761
4550.000000	90.408	176.0454
4620.000000	90.350	175.1334
4680.000000	90.282	174.3475
4750.000000	90.185	173.4411
4820.000000	90.070	172.5534
4870.000000	89.977	171.9320
4940.000000	89.828	171.0854
5000.000000	89.684	170.3944
5080.000000	89.464	169.5661
5150.000000	89.249	168.9698
5220.000000	89.017	168.5207
5300.000000	88.737	168.2022
5380.000000	88.448	168.0992
5450.000000	88.189	168.1916
5520.000000	87.928	168.4632
5600.000000	87.633	169.0036
5700.000000	87.280	170.0258
5800.000000	86.958	171.3885
5900.000000	86.677	173.0124
6000.000000	86.438	174.8190
6080.000000	86.277	176.3560
6150.000000	86.158	177.7523
6220.000000	86.057	179.1896
6300.000000	85.965	-179.1231
6400.000000	85.884	-176.9568
6500.000000	85.846	-174.7341
6600.000000	85.851	-172.4702
6700.000000	85.905	-170.1899
6800.000000	86.013	-167.9267
6900.000000	86.180	-165.7245
7000.000000	86.409	-163.6339
7100.000000	86.706	-161.7233
7200.000000	87.075	-160.0891
7300.000000	87.519	-158.8461
7400.000000	88.036	-158.1279
7500.000000	88.622	-158.0990
7620.000000	89.399	-159.2820
7750.000000	90.273	-162.5239
7880.000000	91.055	-168.2152
8000.000000	91.531	-175.5837
8120.000000	91.626	175.7260
8250.000000	91.223	166.2279
8380.000000	90.356	158.1371
8500.000000	89.287	152.7200
8620.000000	88.104	149.4170
8750.000000	86.818	147.9501
8850.000000	85.877	148.0318
9000.000000	84.590	149.5911
9120.000000	83.674	151.7181
9250.000000	82.788	154.6449
9380.000000	82.005	158.0590
9500.000000	81.367	161.5493
9620.000000	80.805	165.2998
9750.000000	80.278	169.5951
9880.000000	79.834	174.0865
10000.000000	79.498	178.3629
10150.000000	79.175	-176.1810
10300.000000	78.956	-170.6562
10440.000000	78.845	-165.4875
10600.000000	78.829	-159.6422
10750.000000	78.916	-154.3174
10900.000000	79.084	-149.1410
11060.000000	79.376	-143.4930
11200.000000	79.777	-138.6702
11380.000000	80.476	-133.0847
11500.000000	81.054	-129.7937
11720.000000	82.378	-124.9589
11800.000000	82.953	-123.7460
12060.000000	85.155	-123.1045
12200.000000	86.465	-125.8124
12410.000000	88.235	-135.1591
12500.000000	88.772	-141.0017
12650.000000	89.196	-152.1618
12800.000000	88.973	-163.3432
13150.000000	86.777	179.7214
13200.000000	86.402	178.6040
13400.000000	85.010	176.7296
13600.000000	83.927	177.6702
13800.000000	83.198	-179.9823
14000.000000	82.802	-177.1646
14300.000000	82.787	-173.4329
14500.000000	83.153	-172.2228
14750.000000	83.962	-173.9061
15000.000000	84.823	178.9888
15250.000000	85.116	166.5095
15500.000000	84.329	152.1998
15750.000000	82.510	141.1620
16000.000000	80.213	136.3548
16250.000000	78.095	137.6014
16500.000000	76.682	142.4661
16750.000000	76.226	146.8820
17000.000000	76.520	146.5581
17250.000000	76.934	139.2752
17500.000000	76.738	126.1533
17750.000000	75.480	111.1521
18000.000000	73.213	98.7751
18250.000000	70.351	91.5223
18500.000000	67.359	89.5022
18750.000000	64.551	91.5732
19000.000000	62.063	96.5117
19250.000000	59.912	103.4388
19500.000000	58.090	111.7879
19750.000000	56.639	120.9319
20000.000000	55.814	128.5557
