* Measurement data measured by REW V5.31.3
* Source: Microphone (JadeAudio JA11), MICROPHONE (Master Volume), R, volume: 0.250
* Format: 512k Log Swept Sine, 1 sweep at -14.9 dBFS with no timing reference
* Dated: Apr 5, 2025 1:09:23 AM
* REW Settings:
*  C-weighting compensation: Off
*  Target level: 75.0 dB
* Note: 
* Measurement: L Wan'er S.G 2 (Velvet)
* Smoothing: 1/24 octave
* Frequency Step: 1/48 octave
* Start Frequency: 20.300 Hz
*
* Freq(Hz)	SPL(dB)	Phase(degrees)
20.299999	94.081	-175.5860
20.600000	94.085	-175.8912
20.900000	94.087	-176.2386
21.200001	94.088	-176.5748
21.400000	94.088	-176.7892
21.799999	94.087	-177.1941
22.000000	94.084	-177.3903
22.400000	94.075	-177.8181
22.700001	94.064	-178.1292
23.000000	94.053	-178.4339
23.299999	94.040	-178.7720
23.600000	94.026	-179.1005
24.000000	94.007	-179.5208
24.299999	93.992	-179.8692
24.700001	93.972	179.6746
25.000000	93.958	179.3409
25.400000	93.941	178.8600
25.799999	93.926	178.3967
26.200001	93.914	177.9422
26.500000	93.905	177.6055
26.900000	93.894	177.1722
27.200001	93.887	176.8594
27.600000	93.878	176.4559
28.000000	93.871	176.0668
28.500000	93.863	175.6151
29.000000	93.853	175.1851
29.500000	93.840	174.7831
30.000000	93.824	174.4004
30.400000	93.810	174.1053
30.700001	93.799	173.8935
31.100000	93.783	173.6186
31.500000	93.765	173.3403
32.000000	93.739	173.0037
32.500000	93.711	172.6435
33.000000	93.684	172.2948
33.500000	93.658	171.9319
34.000000	93.632	171.5758
34.500000	93.606	171.2036
35.000000	93.581	170.8347
35.500000	93.558	170.4708
36.000000	93.536	170.1286
36.500000	93.514	169.8016
37.000000	93.489	169.4773
37.500000	93.465	169.1570
38.200001	93.433	168.7267
38.700001	93.412	168.4469
39.500000	93.376	168.0222
40.000000	93.352	167.7606
40.599998	93.324	167.4481
41.200001	93.294	167.1504
41.799999	93.261	166.8511
42.500000	93.221	166.4906
43.099998	93.189	166.1885
43.700001	93.158	165.8890
44.400002	93.122	165.5269
45.000000	93.092	165.2072
45.500000	93.066	164.9554
46.200001	93.029	164.6477
46.799999	92.997	164.4079
47.500000	92.961	164.1218
48.200001	92.925	163.8289
48.700001	92.898	163.6261
49.400002	92.861	163.3509
50.000000	92.829	163.1136
50.799999	92.784	162.7941
51.500000	92.746	162.5428
52.200001	92.709	162.2981
53.000000	92.664	161.9943
53.799999	92.623	161.7805
54.500000	92.595	161.6970
55.200001	92.562	161.5206
56.000000	92.509	161.1118
57.000000	92.445	160.6454
58.000000	92.397	160.3591
59.000000	92.346	160.0578
60.000000	92.292	159.7609
60.799999	92.248	159.5238
61.500000	92.209	159.3227
62.200001	92.172	159.1323
63.000000	92.131	158.9238
64.000000	92.079	158.6802
65.000000	92.027	158.4431
66.000000	91.975	158.1958
67.000000	91.924	157.9492
68.000000	91.871	157.7148
69.000000	91.818	157.4974
70.000000	91.765	157.2886
71.000000	91.712	157.0816
72.000000	91.661	156.8834
73.000000	91.610	156.6883
74.000000	91.559	156.4989
75.000000	91.507	156.3303
76.199997	91.443	156.1292
77.500000	91.378	155.9106
78.800003	91.314	155.7012
80.000000	91.255	155.5115
81.199997	91.197	155.3392
82.500000	91.133	155.1580
83.800003	91.069	154.9823
85.000000	91.010	154.8247
86.199997	90.951	154.6749
87.500000	90.889	154.5259
88.500000	90.841	154.4109
90.000000	90.770	154.2426
91.199997	90.715	154.1254
92.500000	90.655	154.0037
93.800003	90.594	153.8889
95.000000	90.536	153.7969
96.199997	90.480	153.7124
97.500000	90.422	153.6152
98.800003	90.365	153.5162
100.000000	90.313	153.4386
101.500000	90.249	153.3492
103.000000	90.185	153.2576
104.400002	90.125	153.1728
106.000000	90.057	153.0811
107.500000	89.993	152.9980
109.000000	89.930	152.9214
110.599998	89.865	152.8552
112.000000	89.807	152.8079
113.800003	89.733	152.7450
115.000000	89.684	152.7082
117.199997	89.594	152.6533
118.000000	89.562	152.6392
120.599998	89.459	152.5760
122.000000	89.404	152.5537
124.099998	89.322	152.5435
125.000000	89.288	152.5359
126.500000	89.231	152.5282
128.000000	89.175	152.5268
131.500000	89.045	152.5174
132.000000	89.026	152.5177
134.000000	88.952	152.5357
136.000000	88.880	152.5919
138.000000	88.808	152.6406
140.000000	88.736	152.6717
143.000000	88.633	152.6944
145.000000	88.564	152.7410
147.500000	88.476	152.8241
150.000000	88.385	152.9197
152.500000	88.300	153.0400
155.000000	88.216	153.1731
157.500000	88.130	153.3420
160.000000	88.045	153.5580
162.500000	87.967	153.8164
165.000000	87.902	154.0876
167.500000	87.855	154.3083
170.000000	87.810	154.4681
172.500000	87.761	154.6119
175.000000	87.709	154.7535
177.500000	87.658	154.8922
180.000000	87.600	154.9946
182.500000	87.542	155.0434
185.000000	87.482	155.1216
187.500000	87.420	155.2452
190.000000	87.358	155.3860
192.500000	87.296	155.5207
195.000000	87.236	155.6425
197.500000	87.177	155.8043
200.000000	87.118	155.9912
203.000000	87.048	156.2067
206.000000	86.983	156.4777
209.000000	86.927	156.7423
212.000000	86.872	156.9387
214.000000	86.833	157.0798
218.000000	86.751	157.4193
220.000000	86.710	157.6087
224.000000	86.637	158.0051
227.000000	86.593	158.3154
230.000000	86.555	158.5927
233.000000	86.519	158.7996
236.000000	86.480	158.9942
240.000000	86.426	159.2784
243.000000	86.385	159.4590
247.000000	86.328	159.6566
250.000000	86.287	159.8208
254.000000	86.235	160.0605
258.000000	86.177	160.3023
262.000000	86.115	160.5548
265.000000	86.070	160.7465
269.000000	86.011	161.0133
272.000000	85.966	161.2290
276.000000	85.910	161.5218
280.000000	85.856	161.8201
285.000000	85.789	162.1916
290.000000	85.724	162.5669
295.000000	85.661	162.9496
300.000000	85.601	163.3377
304.000000	85.554	163.6509
307.000000	85.520	163.8841
311.000000	85.475	164.1982
315.000000	85.431	164.5166
320.000000	85.378	164.9102
325.000000	85.328	165.3040
330.000000	85.279	165.7076
335.000000	85.231	166.1121
340.000000	85.186	166.5086
345.000000	85.141	166.9047
350.000000	85.099	167.3057
355.000000	85.057	167.7068
360.000000	85.014	168.1037
365.000000	84.973	168.4969
370.000000	84.936	168.9037
375.000000	84.901	169.3162
382.000000	84.858	169.8782
387.000000	84.828	170.2635
395.000000	84.777	170.8640
400.000000	84.746	171.2432
406.000000	84.711	171.6957
412.000000	84.677	172.1465
418.000000	84.643	172.5981
425.000000	84.603	173.1254
431.000000	84.571	173.5722
437.000000	84.540	174.0184
444.000000	84.506	174.5394
450.000000	84.478	174.9827
455.000000	84.455	175.3517
462.000000	84.425	175.8660
468.000000	84.400	176.3077
475.000000	84.372	176.8220
482.000000	84.345	177.3326
487.000000	84.326	177.6947
494.000000	84.300	178.1985
500.000000	84.278	178.6246
508.000000	84.250	179.1826
515.000000	84.225	179.6656
522.000000	84.197	-179.8493
530.000000	84.161	-179.2785
538.000000	84.120	-178.6624
545.000000	84.085	-178.0589
552.000000	84.057	-177.3881
560.000000	84.041	-176.5906
570.000000	84.042	-175.6667
580.000000	84.049	-174.8639
590.000000	84.053	-174.1274
600.000000	84.051	-173.4124
608.000000	84.047	-172.8375
615.000000	84.042	-172.3251
622.000000	84.038	-171.8063
630.000000	84.033	-171.2106
640.000000	84.029	-170.4506
650.000000	84.028	-169.6698
660.000000	84.030	-168.8717
670.000000	84.037	-168.0548
680.000000	84.051	-167.2273
690.000000	84.072	-166.4018
700.000000	84.100	-165.5905
710.000000	84.133	-164.8093
720.000000	84.170	-164.0653
730.000000	84.208	-163.3571
740.000000	84.245	-162.6761
750.000000	84.281	-162.0094
762.000000	84.324	-161.2209
775.000000	84.370	-160.3699
788.000000	84.417	-159.5130
800.000000	84.463	-158.7139
812.000000	84.512	-157.9148
825.000000	84.568	-157.0509
838.000000	84.628	-156.1859
850.000000	84.687	-155.3884
862.000000	84.750	-154.5943
875.000000	84.823	-153.7433
885.000000	84.883	-153.0967
900.000000	84.979	-152.1426
912.000000	85.060	-151.3914
925.000000	85.153	-150.5999
938.000000	85.251	-149.8357
950.000000	85.345	-149.1510
962.000000	85.442	-148.4910
975.000000	85.550	-147.8083
988.000000	85.662	-147.1553
1000.000000	85.767	-146.5811
1015.000000	85.902	-145.9064
1030.000000	86.039	-145.2816
1044.000000	86.168	-144.7391
1060.000000	86.318	-144.1674
1075.000000	86.459	-143.6793
1090.000000	86.601	-143.2379
1106.000000	86.753	-142.8136
1120.000000	86.884	-142.4806
1138.000000	87.051	-142.1015
1150.000000	87.161	-141.8766
1172.000000	87.360	-141.5177
1180.000000	87.431	-141.4033
1206.000000	87.657	-141.0863
1220.000000	87.776	-140.9425
1241.000000	87.951	-140.7623
1250.000000	88.024	-140.6943
1265.000000	88.144	-140.5912
1280.000000	88.262	-140.5006
1315.000000	88.530	-140.3387
1320.000000	88.568	-140.3198
1340.000000	88.716	-140.2524
1360.000000	88.863	-140.1955
1380.000000	89.008	-140.1483
1400.000000	89.152	-140.1124
1430.000000	89.367	-140.0851
1450.000000	89.509	-140.0827
1475.000000	89.686	-140.1006
1500.000000	89.862	-140.1392
1525.000000	90.038	-140.2003
1550.000000	90.214	-140.2857
1575.000000	90.391	-140.3986
1600.000000	90.569	-140.5404
1625.000000	90.748	-140.7154
1650.000000	90.929	-140.9255
1675.000000	91.111	-141.1751
1700.000000	91.294	-141.4701
1725.000000	91.478	-141.8136
1750.000000	91.661	-142.2047
1775.000000	91.843	-142.6474
1800.000000	92.023	-143.1414
1825.000000	92.202	-143.6917
1850.000000	92.379	-144.3010
1875.000000	92.554	-144.9691
1900.000000	92.725	-145.6946
1925.000000	92.892	-146.4796
1950.000000	93.054	-147.3249
1975.000000	93.212	-148.2319
2000.000000	93.363	-149.2009
2030.000000	93.534	-150.4378
2060.000000	93.694	-151.7525
2090.000000	93.840	-153.1397
2120.000000	93.972	-154.5911
2140.000000	94.052	-155.5909
2180.000000	94.188	-157.6507
2200.000000	94.244	-158.7028
2240.000000	94.333	-160.8394
2270.000000	94.378	-162.4517
2300.000000	94.406	-164.0607
2330.000000	94.416	-165.6555
2360.000000	94.409	-167.2277
2400.000000	94.375	-169.2690
2430.000000	94.331	-170.7462
2470.000000	94.250	-172.6274
2500.000000	94.175	-173.9628
2540.000000	94.057	-175.6335
2580.000000	93.923	-177.1673
2620.000000	93.774	-178.5567
2650.000000	93.656	-179.5048
2690.000000	93.492	179.3520
2720.000000	93.365	178.5826
2760.000000	93.192	177.6700
2800.000000	93.018	176.8817
2850.000000	92.800	176.0628
2900.000000	92.584	175.4138
2950.000000	92.372	174.9212
3000.000000	92.165	174.5729
3040.000000	92.004	174.3915
3070.000000	91.887	174.3090
3110.000000	91.734	174.2719
3150.000000	91.587	174.3161
3200.000000	91.414	174.4894
3250.000000	91.257	174.7897
3300.000000	91.124	175.1863
3350.000000	91.017	175.6190
3400.000000	90.934	176.0133
3450.000000	90.865	176.3330
3500.000000	90.803	176.5814
3550.000000	90.743	176.7825
3600.000000	90.684	176.9564
3650.000000	90.623	177.1119
3700.000000	90.560	177.2488
3750.000000	90.485	177.3699
3820.000000	90.338	177.7521
3870.000000	90.238	178.6308
3950.000000	90.322	-179.6552
4000.000000	90.440	-179.5577
4060.000000	90.511	-179.9175
4120.000000	90.529	179.7274
4180.000000	90.529	179.4263
4250.000000	90.518	179.0891
4310.000000	90.501	178.8065
4370.000000	90.480	178.5376
4440.000000	90.455	178.2385
4500.000000	90.436	177.9645
4550.000000	90.421	177.6965
4620.000000	90.399	177.2396
4680.000000	90.373	176.7706
4750.000000	90.329	176.1483
4820.000000	90.267	175.4730
4870.000000	90.210	174.9749
4940.000000	90.114	174.2761
5000.000000	90.015	173.6930
5080.000000	89.862	172.9706
5150.000000	89.709	172.4127
5220.000000	89.539	171.9434
5300.000000	89.328	171.5341
5380.000000	89.102	171.2813
5450.000000	88.895	171.2040
5520.000000	88.681	171.2731
5600.000000	88.432	171.5435
5700.000000	88.125	172.1746
5800.000000	87.832	173.1227
5900.000000	87.561	174.3626
6000.000000	87.322	175.8565
6080.000000	87.157	177.2070
6150.000000	87.033	178.4842
6220.000000	86.931	179.8356
6300.000000	86.841	-178.5465
6400.000000	86.769	-176.4454
6500.000000	86.747	-174.2867
6600.000000	86.774	-172.1111
6700.000000	86.855	-169.9610
6800.000000	86.990	-167.8716
6900.000000	87.183	-165.8834
7000.000000	87.437	-164.0503
7100.000000	87.757	-162.4413
7200.000000	88.145	-161.1557
7300.000000	88.603	-160.3086
7400.000000	89.128	-160.0400
7500.000000	89.711	-160.5284
7620.000000	90.460	-162.4225
7750.000000	91.255	-166.4603
7880.000000	91.897	-172.7459
8000.000000	92.212	179.7698
8120.000000	92.161	171.4704
8250.000000	91.669	162.7464
8380.000000	90.792	155.3929
8500.000000	89.754	150.4037
8620.000000	88.608	147.2662
8750.000000	87.345	145.7738
8850.000000	86.400	145.7933
9000.000000	85.076	147.4151
9120.000000	84.130	149.8012
9250.000000	83.237	153.1165
9380.000000	82.473	156.8926
9500.000000	81.869	160.6320
9620.000000	81.348	164.5443
9750.000000	80.869	168.9303
9880.000000	80.474	173.4410
10000.000000	80.180	177.6848
10150.000000	79.907	-176.9606
10300.000000	79.736	-171.5972
10440.000000	79.665	-166.6271
10600.000000	79.687	-161.0344
10750.000000	79.808	-155.8961
10900.000000	80.035	-150.8681
11060.000000	80.408	-145.7580
11200.000000	80.845	-141.6071
11380.000000	81.574	-136.8121
11500.000000	82.177	-134.0988
11720.000000	83.546	-130.6789
11800.000000	84.130	-130.1496
12060.000000	86.243	-132.5312
12200.000000	87.359	-137.2216
12410.000000	88.562	-148.9411
12500.000000	88.778	-155.1351
12650.000000	88.661	-165.6250
12800.000000	88.004	-174.7722
13150.000000	85.486	174.1446
13200.000000	85.120	173.6802
13400.000000	83.802	173.7876
13600.000000	82.781	175.9611
13800.000000	82.062	179.1460
14000.000000	81.614	-177.3423
14300.000000	81.371	-172.3580
14500.000000	81.462	-169.6418
14750.000000	81.836	-167.4954
15000.000000	82.462	-167.5747
15250.000000	83.211	-171.1434
15500.000000	83.737	-179.0387
15750.000000	83.575	170.1612
16000.000000	82.566	160.3316
16250.000000	81.089	154.5970
16500.000000	79.709	152.8875
16750.000000	78.788	153.0162
17000.000000	78.431	152.3506
17250.000000	78.540	148.1252
17500.000000	78.686	138.1095
17750.000000	78.139	122.9050
18000.000000	76.392	107.0453
18250.000000	73.593	95.7214
18500.000000	70.330	91.0061
18750.000000	67.152	91.9376
19000.000000	64.332	96.6548
19250.000000	61.918	103.7381
19500.000000	59.878	112.3983
19750.000000	58.236	121.9425
20000.000000	57.277	129.8975
