* Measurement data measured by REW V5.31.3
* Source: Microphone (JadeAudio JA11), MICROPHONE (Master Volume), R, volume: 0.250
* Format: 256k Log Swept Sine, 1 sweep at -12.0 dBFS with no timing reference
* Dated: Mar 16, 2025 3:34:46 AM
* REW Settings:
*  C-weighting compensation: Off
*  Target level: 75.0 dB
* Note: 
* Measurement: L Wan'er SE (Sancai)
* Smoothing: 1/24 octave
* Frequency Step: 1/48 octave
* Start Frequency: 20.000 Hz
*
* Freq(Hz)	SPL(dB)	Phase(degrees)
20.000000	90.031	18.0038
20.299999	90.058	17.5774
20.600000	90.082	17.1720
20.900000	90.103	16.7907
21.200001	90.120	16.4259
21.400000	90.130	16.1924
21.799999	90.149	15.7474
22.000000	90.157	15.5287
22.400000	90.169	15.0592
22.700001	90.175	14.7153
23.000000	90.179	14.3781
23.299999	90.181	14.0082
23.600000	90.182	13.6475
24.000000	90.182	13.1816
24.299999	90.182	12.8002
24.700001	90.181	12.2975
25.000000	90.180	11.9303
25.400000	90.180	11.4126
25.799999	90.180	10.9204
26.200001	90.182	10.4432
26.500000	90.186	10.0900
26.900000	90.192	9.6312
27.200001	90.198	9.2950
27.600000	90.206	8.8560
28.000000	90.213	8.4307
28.500000	90.219	7.9428
29.000000	90.225	7.4878
29.500000	90.228	7.0687
30.000000	90.230	6.6674
30.400000	90.229	6.3530
30.700001	90.227	6.1232
31.100000	90.223	5.8224
31.500000	90.216	5.5177
32.000000	90.206	5.1500
32.500000	90.195	4.7650
33.000000	90.184	4.3880
33.500000	90.172	3.9919
34.000000	90.160	3.6021
34.500000	90.148	3.2047
35.000000	90.136	2.8287
35.500000	90.126	2.4666
36.000000	90.121	2.1154
36.500000	90.117	1.7537
37.000000	90.112	1.3796
37.500000	90.100	1.0223
38.200001	90.079	0.5931
38.700001	90.066	0.3340
39.500000	90.050	-0.0771
40.000000	90.039	-0.3436
40.599998	90.024	-0.6639
41.200001	90.008	-0.9770
41.799999	89.993	-1.3019
42.500000	89.974	-1.6980
43.099998	89.957	-2.0334
43.700001	89.938	-2.3578
44.400002	89.917	-2.7072
45.000000	89.901	-2.9812
45.500000	89.891	-3.2078
46.200001	89.878	-3.5472
46.799999	89.860	-3.8469
47.500000	89.833	-4.1565
48.200001	89.806	-4.4193
48.700001	89.789	-4.6115
49.400002	89.763	-4.9066
50.000000	89.737	-5.1552
50.799999	89.706	-5.4814
51.500000	89.681	-5.7975
52.200001	89.656	-6.1104
53.000000	89.638	-6.4732
53.799999	89.622	-6.9925
54.500000	89.574	-7.4551
55.200001	89.511	-7.6384
56.000000	89.481	-7.5929
57.000000	89.490	-7.7577
58.000000	89.473	-8.0926
59.000000	89.445	-8.3534
60.000000	89.410	-8.6136
60.799999	89.379	-8.8103
61.500000	89.353	-8.9891
62.200001	89.325	-9.1769
63.000000	89.293	-9.3871
64.000000	89.258	-9.6555
65.000000	89.224	-9.9416
66.000000	89.189	-10.2143
67.000000	89.155	-10.4539
68.000000	89.123	-10.6827
69.000000	89.089	-10.9044
70.000000	89.053	-11.1087
71.000000	89.016	-11.3076
72.000000	88.980	-11.5016
73.000000	88.946	-11.6931
74.000000	88.913	-11.9038
75.000000	88.878	-12.1153
76.199997	88.835	-12.3323
77.500000	88.791	-12.5311
78.800003	88.750	-12.7324
80.000000	88.708	-12.9319
81.199997	88.663	-13.1111
82.500000	88.617	-13.2957
83.800003	88.570	-13.4868
85.000000	88.528	-13.6442
86.199997	88.487	-13.7922
87.500000	88.445	-13.9586
88.500000	88.411	-14.0837
90.000000	88.360	-14.2576
91.199997	88.318	-14.3897
92.500000	88.274	-14.5048
93.800003	88.234	-14.6229
95.000000	88.197	-14.7577
96.199997	88.155	-14.8897
97.500000	88.108	-14.9957
98.800003	88.064	-15.0810
100.000000	88.027	-15.1656
101.500000	87.982	-15.2810
103.000000	87.937	-15.4009
104.400002	87.894	-15.5011
106.000000	87.844	-15.5927
107.500000	87.798	-15.6612
109.000000	87.754	-15.7387
110.599998	87.706	-15.8387
112.000000	87.661	-15.9191
113.800003	87.606	-15.9967
115.000000	87.570	-16.0436
117.199997	87.503	-16.0921
118.000000	87.478	-16.1091
120.599998	87.398	-16.1325
122.000000	87.359	-16.1507
124.099998	87.300	-16.2079
125.000000	87.275	-16.2312
126.500000	87.234	-16.2577
128.000000	87.194	-16.2742
131.500000	87.098	-16.2645
132.000000	87.084	-16.2622
134.000000	87.028	-16.2521
136.000000	86.977	-16.2569
138.000000	86.931	-16.2388
140.000000	86.885	-16.1758
143.000000	86.816	-16.0135
145.000000	86.763	-15.9762
147.500000	86.697	-15.9809
150.000000	86.639	-15.9780
152.500000	86.582	-15.9271
155.000000	86.518	-15.7984
157.500000	86.457	-15.6178
160.000000	86.403	-15.4401
162.500000	86.356	-15.2665
165.000000	86.316	-15.1086
167.500000	86.283	-14.9811
170.000000	86.247	-14.8823
172.500000	86.203	-14.7056
175.000000	86.170	-14.4844
177.500000	86.145	-14.3664
180.000000	86.123	-14.3010
182.500000	86.105	-14.2840
185.000000	86.076	-14.2865
187.500000	86.040	-14.2649
190.000000	86.001	-14.2651
192.500000	85.957	-14.2568
195.000000	85.914	-14.2116
197.500000	85.871	-14.1389
200.000000	85.827	-14.0551
203.000000	85.772	-13.9411
206.000000	85.719	-13.7998
209.000000	85.672	-13.6310
212.000000	85.628	-13.4577
214.000000	85.600	-13.3473
218.000000	85.549	-13.1780
220.000000	85.525	-13.1077
224.000000	85.467	-12.9111
227.000000	85.423	-12.7278
230.000000	85.380	-12.5776
233.000000	85.338	-12.4185
236.000000	85.300	-12.2191
240.000000	85.253	-11.9520
243.000000	85.221	-11.7615
247.000000	85.181	-11.4996
250.000000	85.155	-11.3004
254.000000	85.119	-11.0799
258.000000	85.075	-10.9029
262.000000	85.028	-10.7414
265.000000	84.995	-10.5927
269.000000	84.956	-10.3694
272.000000	84.931	-10.2080
276.000000	84.896	-9.9834
280.000000	84.854	-9.7629
285.000000	84.806	-9.4705
290.000000	84.762	-9.1714
295.000000	84.715	-8.8495
300.000000	84.675	-8.5243
304.000000	84.645	-8.2750
307.000000	84.622	-8.0941
311.000000	84.592	-7.8487
315.000000	84.561	-7.5990
320.000000	84.523	-7.2897
325.000000	84.489	-6.9851
330.000000	84.455	-6.6832
335.000000	84.421	-6.3713
340.000000	84.391	-6.0471
345.000000	84.361	-5.7310
350.000000	84.330	-5.4286
355.000000	84.300	-5.1211
360.000000	84.274	-4.8124
365.000000	84.246	-4.5123
370.000000	84.220	-4.2096
375.000000	84.194	-3.9099
382.000000	84.159	-3.4995
387.000000	84.134	-3.2032
395.000000	84.095	-2.7157
400.000000	84.072	-2.4117
406.000000	84.046	-2.0538
412.000000	84.022	-1.7010
418.000000	84.001	-1.3347
425.000000	83.975	-0.8913
431.000000	83.950	-0.5185
437.000000	83.926	-0.1526
444.000000	83.902	0.2710
450.000000	83.882	0.6330
455.000000	83.865	0.9290
462.000000	83.842	1.3471
468.000000	83.825	1.7142
475.000000	83.806	2.1385
482.000000	83.787	2.5591
487.000000	83.774	2.8556
494.000000	83.757	3.2813
500.000000	83.743	3.6462
508.000000	83.724	4.1201
515.000000	83.709	4.5441
522.000000	83.695	4.9748
530.000000	83.681	5.4600
538.000000	83.667	5.9382
545.000000	83.655	6.3575
552.000000	83.642	6.7810
560.000000	83.630	7.2638
570.000000	83.616	7.8757
580.000000	83.604	8.4777
590.000000	83.593	9.0905
600.000000	83.585	9.7002
608.000000	83.578	10.1871
615.000000	83.573	10.6169
622.000000	83.569	11.0475
630.000000	83.565	11.5423
640.000000	83.562	12.1628
650.000000	83.560	12.7865
660.000000	83.560	13.4139
670.000000	83.561	14.0405
680.000000	83.565	14.6749
690.000000	83.569	15.3083
700.000000	83.575	15.9417
710.000000	83.583	16.5785
720.000000	83.594	17.2133
730.000000	83.606	17.8548
740.000000	83.620	18.4973
750.000000	83.634	19.1391
762.000000	83.655	19.9143
775.000000	83.680	20.7507
788.000000	83.708	21.5814
800.000000	83.736	22.3466
812.000000	83.763	23.1008
825.000000	83.791	23.9200
838.000000	83.814	24.7682
850.000000	83.831	25.6206
862.000000	83.845	26.5939
875.000000	83.873	27.9143
885.000000	83.939	29.1462
900.000000	84.143	30.7063
912.000000	84.321	31.3104
925.000000	84.465	31.6758
938.000000	84.572	32.0765
950.000000	84.658	32.5212
962.000000	84.742	33.0033
975.000000	84.835	33.5391
988.000000	84.932	34.0723
1000.000000	85.025	34.5529
1015.000000	85.143	35.1250
1030.000000	85.263	35.6589
1044.000000	85.378	36.1229
1060.000000	85.510	36.6113
1075.000000	85.635	37.0286
1090.000000	85.760	37.4047
1106.000000	85.892	37.7626
1120.000000	86.005	38.0428
1138.000000	86.148	38.3579
1150.000000	86.241	38.5450
1172.000000	86.408	38.8425
1180.000000	86.467	38.9371
1206.000000	86.652	39.2045
1220.000000	86.749	39.3269
1241.000000	86.888	39.4887
1250.000000	86.945	39.5525
1265.000000	87.040	39.6527
1280.000000	87.131	39.7455
1315.000000	87.337	39.9373
1320.000000	87.365	39.9636
1340.000000	87.476	40.0687
1360.000000	87.584	40.1696
1380.000000	87.690	40.2723
1400.000000	87.793	40.3777
1430.000000	87.943	40.5384
1450.000000	88.043	40.6506
1475.000000	88.165	40.7990
1500.000000	88.286	40.9514
1525.000000	88.407	41.1091
1550.000000	88.529	41.2696
1575.000000	88.652	41.4335
1600.000000	88.775	41.5952
1625.000000	88.900	41.7518
1650.000000	89.027	41.9014
1675.000000	89.155	42.0414
1700.000000	89.284	42.1722
1725.000000	89.414	42.2894
1750.000000	89.547	42.3974
1775.000000	89.680	42.4942
1800.000000	89.815	42.5785
1825.000000	89.952	42.6483
1850.000000	90.091	42.6996
1875.000000	90.233	42.7306
1900.000000	90.376	42.7415
1925.000000	90.521	42.7302
1950.000000	90.667	42.6927
1975.000000	90.815	42.6282
2000.000000	90.964	42.5357
2030.000000	91.144	42.3903
2060.000000	91.325	42.2001
2090.000000	91.507	41.9669
2120.000000	91.691	41.6880
2140.000000	91.813	41.4726
2180.000000	92.056	40.9775
2200.000000	92.177	40.6951
2240.000000	92.415	40.0669
2270.000000	92.591	39.5459
2300.000000	92.765	38.9787
2330.000000	92.937	38.3665
2360.000000	93.105	37.7127
2400.000000	93.322	36.7834
2430.000000	93.482	36.0598
2470.000000	93.692	35.0606
2500.000000	93.852	34.2815
2540.000000	94.071	33.1627
2580.000000	94.293	31.8894
2620.000000	94.509	30.4163
2650.000000	94.660	29.1805
2690.000000	94.838	27.3983
2720.000000	94.953	25.9949
2760.000000	95.081	24.0703
2800.000000	95.182	22.1215
2850.000000	95.275	19.6799
2900.000000	95.332	17.2573
2950.000000	95.357	14.8749
3000.000000	95.353	12.5489
3040.000000	95.331	10.7402
3070.000000	95.303	9.4157
3110.000000	95.252	7.7030
3150.000000	95.187	6.0521
3200.000000	95.087	4.0813
3250.000000	94.968	2.2224
3300.000000	94.832	0.4753
3350.000000	94.679	-1.1497
3400.000000	94.511	-2.6357
3450.000000	94.329	-3.9564
3500.000000	94.138	-5.0859
3550.000000	93.947	-6.0191
3600.000000	93.764	-6.7658
3650.000000	93.595	-7.3736
3700.000000	93.444	-7.9077
3750.000000	93.307	-8.4208
3820.000000	93.127	-9.1494
3870.000000	93.001	-9.6790
3950.000000	92.796	-10.4991
4000.000000	92.664	-10.9652
4060.000000	92.505	-11.4555
4120.000000	92.348	-11.8687
4180.000000	92.196	-12.2210
4250.000000	92.026	-12.5855
4310.000000	91.883	-12.8408
4370.000000	91.749	-13.0448
4440.000000	91.604	-13.3107
4500.000000	91.480	-13.5576
4550.000000	91.376	-13.7642
4620.000000	91.228	-14.0395
4680.000000	91.100	-14.2526
4750.000000	90.949	-14.4736
4820.000000	90.798	-14.6656
4870.000000	90.691	-14.7899
4940.000000	90.539	-14.9605
5000.000000	90.405	-15.1044
5080.000000	90.218	-15.2754
5150.000000	90.042	-15.3785
5220.000000	89.855	-15.3919
5300.000000	89.632	-15.2429
5380.000000	89.408	-14.8738
5450.000000	89.225	-14.3794
5520.000000	89.060	-13.7728
5600.000000	88.894	-13.0134
5700.000000	88.716	-12.0394
5800.000000	88.560	-11.0646
5900.000000	88.419	-10.0805
6000.000000	88.293	-9.0691
6080.000000	88.202	-8.2314
6150.000000	88.132	-7.4754
6220.000000	88.070	-6.6968
6300.000000	88.013	-5.7850
6400.000000	87.960	-4.6268
6500.000000	87.930	-3.4584
6600.000000	87.925	-2.2953
6700.000000	87.946	-1.1466
6800.000000	87.997	-0.0325
6900.000000	88.079	1.0210
7000.000000	88.197	1.9797
7100.000000	88.354	2.7841
7200.000000	88.548	3.3677
7300.000000	88.777	3.6591
7400.000000	89.035	3.6021
7500.000000	89.316	3.1279
7620.000000	89.669	1.9036
7750.000000	90.046	-0.3656
7880.000000	90.366	-3.7121
8000.000000	90.560	-7.7234
8120.000000	90.605	-12.4336
8250.000000	90.445	-17.9377
8380.000000	90.054	-23.3359
8500.000000	89.508	-27.7861
8620.000000	88.826	-31.4334
8750.000000	87.988	-34.3308
8850.000000	87.307	-35.8087
9000.000000	86.273	-36.8963
9120.000000	85.461	-36.9180
9250.000000	84.617	-36.2247
9380.000000	83.819	-34.9099
9500.000000	83.128	-33.2310
9620.000000	82.484	-31.1698
9750.000000	81.841	-28.5848
9880.000000	81.256	-25.7000
10000.000000	80.765	-22.8107
10150.000000	80.220	-18.9550
10300.000000	79.747	-14.8783
10440.000000	79.368	-10.9155
10600.000000	79.005	-6.2480
10750.000000	78.731	-1.7527
10900.000000	78.518	2.8609
11060.000000	78.360	7.9397
11200.000000	78.288	12.5424
11380.000000	78.312	18.6211
11500.000000	78.411	22.6518
11720.000000	78.742	29.6578
11800.000000	78.898	32.0778
12060.000000	79.542	39.8113
12200.000000	80.011	43.9328
12410.000000	80.935	49.7875
12500.000000	81.424	52.0706
12650.000000	82.382	55.3925
12800.000000	83.546	57.8366
13150.000000	87.218	56.7472
13200.000000	87.837	55.2174
13400.000000	90.212	43.7543
13600.000000	91.601	23.7850
13800.000000	91.161	1.0933
14000.000000	89.126	-15.9783
14300.000000	85.245	-25.7826
14500.000000	83.091	-25.3859
14750.000000	81.089	-21.7142
15000.000000	79.684	-16.7733
15250.000000	78.729	-11.6362
15500.000000	78.139	-6.9126
15750.000000	77.855	-3.1048
16000.000000	77.825	-0.7426
16250.000000	77.977	-0.3685
16500.000000	78.202	-2.4964
16750.000000	78.331	-7.3998
17000.000000	78.154	-14.7841
17250.000000	77.473	-23.5306
17500.000000	76.189	-31.8198
17750.000000	74.358	-37.6797
18000.000000	72.181	-39.6396
18250.000000	69.948	-37.2558
18500.000000	67.927	-31.3094
18750.000000	66.253	-23.3190
19000.000000	64.892	-14.6068
19250.000000	63.743	-5.7372
19500.000000	62.718	3.2397
19750.000000	61.829	12.1231
20000.000000	61.295	18.7039
