* Measurement data measured by REW V5.31.3
* Source: Microphone (JadeAudio JA11), MICROPHONE (Master Volume), R, volume: 0.250
* Format: 512k Log Swept Sine, 1 sweep at -14.9 dBFS with no timing reference
* Dated: Apr 5, 2025 3:14:23 AM
* REW Settings:
*  C-weighting compensation: Off
*  Target level: 75.0 dB
* Note: 
* Measurement: L Wan'er S.G 2 (ASMR)
* Smoothing: 1/24 octave
* Frequency Step: 1/48 octave
* Start Frequency: 20.300 Hz
*
* Freq(Hz)	SPL(dB)	Phase(degrees)
20.299999	94.059	-176.1186
20.600000	94.063	-176.4291
20.900000	94.065	-176.7821
21.200001	94.066	-177.1252
21.400000	94.065	-177.3457
21.799999	94.062	-177.7681
22.000000	94.059	-177.9754
22.400000	94.047	-178.4283
22.700001	94.036	-178.7581
23.000000	94.024	-179.0794
23.299999	94.011	-179.4312
23.600000	93.998	-179.7707
24.000000	93.978	179.7972
24.299999	93.963	179.4413
24.700001	93.941	178.9769
25.000000	93.926	178.6388
25.400000	93.907	178.1541
25.799999	93.891	177.6885
26.200001	93.877	177.2315
26.500000	93.869	176.8919
26.900000	93.858	176.4536
27.200001	93.850	176.1362
27.600000	93.840	175.7263
28.000000	93.830	175.3309
28.500000	93.819	174.8726
29.000000	93.807	174.4401
29.500000	93.793	174.0406
30.000000	93.775	173.6595
30.400000	93.759	173.3597
30.700001	93.746	173.1400
31.100000	93.728	172.8516
31.500000	93.708	172.5625
32.000000	93.682	172.2230
32.500000	93.654	171.8685
33.000000	93.625	171.5226
33.500000	93.596	171.1539
34.000000	93.568	170.7903
34.500000	93.541	170.4186
35.000000	93.516	170.0567
35.500000	93.491	169.6958
36.000000	93.465	169.3456
36.500000	93.440	169.0058
37.000000	93.417	168.6760
37.500000	93.396	168.3613
38.200001	93.364	167.9435
38.700001	93.339	167.6677
39.500000	93.299	167.2489
40.000000	93.272	166.9880
40.599998	93.240	166.6586
41.200001	93.207	166.3322
41.799999	93.174	166.0229
42.500000	93.133	165.6739
43.099998	93.101	165.3578
43.700001	93.072	165.0187
44.400002	93.038	164.6470
45.000000	93.001	164.3734
45.500000	92.968	164.1636
46.200001	92.926	163.8659
46.799999	92.895	163.5997
47.500000	92.857	163.2954
48.200001	92.817	163.0113
48.700001	92.789	162.8101
49.400002	92.751	162.5193
50.000000	92.718	162.2809
50.799999	92.673	161.9845
51.500000	92.633	161.7146
52.200001	92.592	161.4509
53.000000	92.548	161.1812
53.799999	92.503	160.7828
54.500000	92.459	160.3168
55.200001	92.417	160.0093
56.000000	92.373	159.9626
57.000000	92.320	159.8574
58.000000	92.265	159.5071
59.000000	92.208	159.1905
60.000000	92.153	158.9091
60.799999	92.109	158.6998
61.500000	92.070	158.5200
62.200001	92.031	158.3375
63.000000	91.988	158.1332
64.000000	91.934	157.8793
65.000000	91.878	157.6295
66.000000	91.823	157.3859
67.000000	91.769	157.1410
68.000000	91.715	156.9164
69.000000	91.661	156.7112
70.000000	91.607	156.5021
71.000000	91.553	156.2968
72.000000	91.500	156.1014
73.000000	91.447	155.9135
74.000000	91.393	155.7341
75.000000	91.339	155.5600
76.199997	91.276	155.3524
77.500000	91.207	155.1384
78.800003	91.140	154.9295
80.000000	91.079	154.7419
81.199997	91.016	154.5727
82.500000	90.949	154.4035
83.800003	90.881	154.2331
85.000000	90.819	154.0836
86.199997	90.758	153.9516
87.500000	90.695	153.8154
88.500000	90.646	153.7125
90.000000	90.572	153.5580
91.199997	90.515	153.4483
92.500000	90.456	153.3395
93.800003	90.394	153.2362
95.000000	90.335	153.1430
96.199997	90.276	153.0565
97.500000	90.213	152.9755
98.800003	90.154	152.8990
100.000000	90.100	152.8338
101.500000	90.033	152.7679
103.000000	89.969	152.7053
104.400002	89.908	152.6428
106.000000	89.839	152.5611
107.500000	89.773	152.4852
109.000000	89.708	152.4184
110.599998	89.640	152.3561
112.000000	89.579	152.3088
113.800003	89.501	152.2736
115.000000	89.450	152.2692
117.199997	89.358	152.2985
118.000000	89.327	152.3172
120.599998	89.235	152.3629
122.000000	89.189	152.3578
124.099998	89.119	152.3290
125.000000	89.087	152.3065
126.500000	89.033	152.2692
128.000000	88.977	152.2430
131.500000	88.847	152.2172
132.000000	88.829	152.2160
134.000000	88.754	152.2142
136.000000	88.679	152.2185
138.000000	88.605	152.2151
140.000000	88.533	152.2393
143.000000	88.421	152.3442
145.000000	88.345	152.4353
147.500000	88.253	152.5757
150.000000	88.171	152.7621
152.500000	88.100	152.9887
155.000000	88.032	153.1299
157.500000	87.964	153.2125
160.000000	87.897	153.2864
162.500000	87.828	153.3691
165.000000	87.756	153.4805
167.500000	87.681	153.5887
170.000000	87.605	153.7063
172.500000	87.529	153.8628
175.000000	87.454	154.0597
177.500000	87.386	154.2730
180.000000	87.320	154.4791
182.500000	87.254	154.7220
185.000000	87.192	155.0103
187.500000	87.141	155.3037
190.000000	87.103	155.5441
192.500000	87.067	155.7084
195.000000	87.024	155.8227
197.500000	86.973	155.9424
200.000000	86.925	156.1032
203.000000	86.876	156.3179
206.000000	86.828	156.4926
209.000000	86.774	156.6055
212.000000	86.714	156.7135
214.000000	86.673	156.8134
218.000000	86.592	157.0739
220.000000	86.553	157.2036
224.000000	86.477	157.4677
227.000000	86.420	157.6830
230.000000	86.363	157.9002
233.000000	86.308	158.1098
236.000000	86.258	158.3143
240.000000	86.192	158.5967
243.000000	86.141	158.8253
247.000000	86.074	159.1296
250.000000	86.027	159.3676
254.000000	85.967	159.7025
258.000000	85.906	160.0168
262.000000	85.846	160.3174
265.000000	85.804	160.5449
269.000000	85.748	160.8718
272.000000	85.707	161.1269
276.000000	85.655	161.4590
280.000000	85.604	161.7745
285.000000	85.545	162.1653
290.000000	85.487	162.5626
295.000000	85.431	162.9475
300.000000	85.375	163.3250
304.000000	85.330	163.6378
307.000000	85.297	163.8699
311.000000	85.253	164.1727
315.000000	85.211	164.4852
320.000000	85.160	164.8751
325.000000	85.109	165.2663
330.000000	85.060	165.6625
335.000000	85.012	166.0605
340.000000	84.967	166.4632
345.000000	84.923	166.8696
350.000000	84.882	167.2788
355.000000	84.843	167.6813
360.000000	84.805	168.0689
365.000000	84.767	168.4591
370.000000	84.730	168.8516
375.000000	84.694	169.2436
382.000000	84.645	169.7822
387.000000	84.612	170.1674
395.000000	84.561	170.7920
400.000000	84.530	171.1807
406.000000	84.494	171.6467
412.000000	84.459	172.1057
418.000000	84.426	172.5613
425.000000	84.390	173.1023
431.000000	84.360	173.5559
437.000000	84.332	174.0084
444.000000	84.300	174.5363
450.000000	84.273	174.9889
455.000000	84.252	175.3604
462.000000	84.223	175.8727
468.000000	84.200	176.3112
475.000000	84.173	176.8221
482.000000	84.147	177.3281
487.000000	84.129	177.6845
494.000000	84.105	178.1756
500.000000	84.085	178.5983
508.000000	84.057	179.1560
515.000000	84.031	179.6377
522.000000	84.002	-179.8773
530.000000	83.966	-179.2995
538.000000	83.925	-178.6631
545.000000	83.892	-178.0297
552.000000	83.870	-177.3359
560.000000	83.863	-176.5445
570.000000	83.869	-175.6611
580.000000	83.876	-174.8943
590.000000	83.878	-174.1740
600.000000	83.877	-173.4614
608.000000	83.875	-172.8836
615.000000	83.872	-172.3697
622.000000	83.869	-171.8471
630.000000	83.866	-171.2373
640.000000	83.865	-170.4610
650.000000	83.869	-169.6666
660.000000	83.877	-168.8523
670.000000	83.893	-168.0260
680.000000	83.916	-167.2089
690.000000	83.947	-166.4245
700.000000	83.982	-165.6781
710.000000	84.019	-164.9739
720.000000	84.055	-164.3058
730.000000	84.090	-163.6600
740.000000	84.124	-163.0223
750.000000	84.156	-162.3849
762.000000	84.195	-161.6176
775.000000	84.239	-160.7809
788.000000	84.285	-159.9378
800.000000	84.330	-159.1521
812.000000	84.378	-158.3638
825.000000	84.434	-157.5108
838.000000	84.495	-156.6592
850.000000	84.555	-155.8724
862.000000	84.618	-155.0900
875.000000	84.692	-154.2562
885.000000	84.753	-153.6250
900.000000	84.849	-152.6960
912.000000	84.931	-151.9696
925.000000	85.023	-151.2046
938.000000	85.120	-150.4627
950.000000	85.214	-149.8005
962.000000	85.310	-149.1637
975.000000	85.418	-148.5013
988.000000	85.529	-147.8678
1000.000000	85.634	-147.3139
1015.000000	85.768	-146.6629
1030.000000	85.905	-146.0543
1044.000000	86.034	-145.5287
1060.000000	86.183	-144.9775
1075.000000	86.324	-144.5058
1090.000000	86.466	-144.0792
1106.000000	86.617	-143.6703
1120.000000	86.748	-143.3528
1138.000000	86.915	-142.9928
1150.000000	87.025	-142.7797
1172.000000	87.224	-142.4433
1180.000000	87.295	-142.3373
1206.000000	87.521	-142.0461
1220.000000	87.639	-141.9180
1241.000000	87.814	-141.7625
1250.000000	87.887	-141.7063
1265.000000	88.008	-141.6248
1280.000000	88.126	-141.5562
1315.000000	88.395	-141.4480
1320.000000	88.433	-141.4373
1340.000000	88.582	-141.4035
1360.000000	88.729	-141.3842
1380.000000	88.872	-141.3790
1400.000000	89.013	-141.3849
1430.000000	89.218	-141.4048
1450.000000	89.352	-141.4101
1475.000000	89.517	-141.3946
1500.000000	89.687	-141.3329
1525.000000	89.871	-141.2357
1550.000000	90.076	-141.1801
1575.000000	90.299	-141.2842
1600.000000	90.519	-141.5876
1625.000000	90.725	-142.0269
1650.000000	90.915	-142.5217
1675.000000	91.095	-143.0369
1700.000000	91.269	-143.5670
1725.000000	91.439	-144.1186
1750.000000	91.605	-144.6942
1775.000000	91.767	-145.2957
1800.000000	91.925	-145.9166
1825.000000	92.081	-146.5510
1850.000000	92.237	-147.1934
1875.000000	92.400	-147.8587
1900.000000	92.571	-148.5959
1925.000000	92.745	-149.4631
1950.000000	92.912	-150.4800
1975.000000	93.064	-151.6175
2000.000000	93.198	-152.8293
2030.000000	93.337	-154.3337
2060.000000	93.455	-155.8719
2090.000000	93.553	-157.4353
2120.000000	93.633	-159.0194
2140.000000	93.676	-160.0838
2180.000000	93.734	-162.2133
2200.000000	93.750	-163.2676
2240.000000	93.755	-165.3312
2270.000000	93.738	-166.8113
2300.000000	93.707	-168.2229
2330.000000	93.666	-169.5778
2360.000000	93.614	-170.8998
2400.000000	93.520	-172.6006
2430.000000	93.430	-173.7857
2470.000000	93.288	-175.1752
2500.000000	93.171	-176.0428
2540.000000	93.018	-176.9561
2580.000000	92.883	-177.6519
2620.000000	92.773	-178.2788
2650.000000	92.699	-178.7863
2690.000000	92.592	-179.5041
2720.000000	92.500	-179.9977
2760.000000	92.369	179.5065
2800.000000	92.251	179.2105
2850.000000	92.143	178.9448
2900.000000	92.064	178.5306
2950.000000	91.976	177.9587
3000.000000	91.867	177.4289
3040.000000	91.776	177.1109
3070.000000	91.713	176.9144
3110.000000	91.638	176.6589
3150.000000	91.565	176.3651
3200.000000	91.468	175.9505
3250.000000	91.356	175.5490
3300.000000	91.228	175.2328
3350.000000	91.091	175.0575
3400.000000	90.952	175.0646
3450.000000	90.825	175.2725
3500.000000	90.725	175.6402
3550.000000	90.661	176.0604
3600.000000	90.632	176.3934
3650.000000	90.620	176.5391
3700.000000	90.600	176.4917
3750.000000	90.547	176.3809
3820.000000	90.431	176.8693
3870.000000	90.450	177.7928
3950.000000	90.670	177.9697
4000.000000	90.759	177.2888
4060.000000	90.799	176.3841
4120.000000	90.806	175.5209
4180.000000	90.797	174.6589
4250.000000	90.770	173.6116
4310.000000	90.731	172.6707
4370.000000	90.676	171.6924
4440.000000	90.589	170.5198
4500.000000	90.494	169.5070
4550.000000	90.401	168.6670
4620.000000	90.248	167.5132
4680.000000	90.096	166.5616
4750.000000	89.894	165.5206
4820.000000	89.668	164.5879
4870.000000	89.493	164.0035
4940.000000	89.232	163.3139
5000.000000	88.996	162.8492
5080.000000	88.667	162.4299
5150.000000	88.369	162.2625
5220.000000	88.067	162.2900
5300.000000	87.723	162.5557
5380.000000	87.385	163.0617
5450.000000	87.098	163.6875
5520.000000	86.822	164.4684
5600.000000	86.520	165.5325
5700.000000	86.167	167.0982
5800.000000	85.845	168.9124
5900.000000	85.559	170.9574
6000.000000	85.313	173.1931
6080.000000	85.148	175.0941
6150.000000	85.028	176.8241
6220.000000	84.929	178.6043
6300.000000	84.844	-179.3083
6400.000000	84.782	-176.6346
6500.000000	84.771	-173.9179
6600.000000	84.813	-171.1919
6700.000000	84.909	-168.4856
6800.000000	85.062	-165.8122
6900.000000	85.278	-163.1847
7000.000000	85.569	-160.6444
7100.000000	85.947	-158.2783
7200.000000	86.422	-156.2194
7300.000000	87.001	-154.6419
7400.000000	87.687	-153.7596
7500.000000	88.473	-153.8522
7620.000000	89.518	-155.7704
7750.000000	90.661	-160.8118
7880.000000	91.577	-169.3962
8000.000000	91.947	-179.8487
8120.000000	91.697	169.0160
8250.000000	90.773	158.5278
8380.000000	89.420	151.1945
8500.000000	88.035	147.3970
8620.000000	86.679	145.9400
8750.000000	85.319	146.2897
8850.000000	84.366	147.5828
9000.000000	83.099	150.7771
9120.000000	82.232	154.0999
9250.000000	81.432	158.1641
9380.000000	80.760	162.5262
9500.000000	80.237	166.7334
9620.000000	79.802	171.0713
9750.000000	79.421	175.8742
9880.000000	79.132	-179.2504
10000.000000	78.946	-174.7232
10150.000000	78.819	-169.0805
10300.000000	78.812	-163.5021
10440.000000	78.915	-158.4040
10600.000000	79.165	-152.7773
10750.000000	79.543	-147.7605
10900.000000	80.078	-143.1117
11060.000000	80.842	-138.8574
11200.000000	81.685	-135.9913
11380.000000	83.034	-134.1229
11500.000000	84.083	-134.6365
11720.000000	86.094	-141.0657
11800.000000	86.726	-145.4863
12060.000000	87.631	-165.6875
12200.000000	87.165	-177.1443
12410.000000	85.480	170.1381
12500.000000	84.580	166.9247
12650.000000	83.065	164.3063
12800.000000	81.674	164.3644
13150.000000	79.213	170.3587
13200.000000	78.949	171.5862
13400.000000	78.091	176.9534
13600.000000	77.517	-177.3017
13800.000000	77.194	-171.5287
14000.000000	77.096	-165.9877
14300.000000	77.319	-158.4265
14500.000000	77.720	-154.0197
14750.000000	78.556	-149.6449
15000.000000	79.845	-147.5972
15250.000000	81.568	-150.2693
15500.000000	83.246	-160.5681
15750.000000	83.920	-177.7508
16000.000000	83.104	164.9185
16250.000000	81.486	153.3531
16500.000000	80.147	146.2726
16750.000000	79.475	138.0022
17000.000000	78.900	124.4072
17250.000000	77.480	106.8450
17500.000000	74.802	91.1154
17750.000000	71.252	81.8635
18000.000000	67.519	79.6977
18250.000000	64.106	82.7599
18500.000000	61.201	89.0106
18750.000000	58.783	97.0938
19000.000000	56.762	106.3720
19250.000000	55.064	116.6543
19500.000000	53.636	127.8496
19750.000000	52.489	139.4712
20000.000000	51.821	148.8084
