* Measurement data measured by REW V5.31.3
* Source: Microphone (JadeAudio JA11), MICROPHONE (Master Volume), L, volume: 0.250
* Format: 512k Log Swept Sine, 1 sweep at -14.9 dBFS with no timing reference
* Dated: Oct 28, 2025 8:35:54 PM
* REW Settings:
*  C-weighting compensation: Off
*  Target level: 75.0 dB
* Note: 
* Measurement: R Pure (Crystal 2, 2 Gray)
* Smoothing: 1/24 octave
* Frequency Step: 1/48 octave
* Start Frequency: 20.300 Hz
*
* Freq(Hz)	SPL(dB)	Phase(degrees)
20.299999	89.167	172.4648
20.600000	89.155	172.2400
20.900000	89.141	171.9767
21.200001	89.125	171.7236
21.400000	89.114	171.5646
21.799999	89.090	171.2723
22.000000	89.076	171.1332
22.400000	89.044	170.8192
22.700001	89.016	170.5914
23.000000	88.988	170.3675
23.299999	88.960	170.1082
23.600000	88.932	169.8580
24.000000	88.895	169.5445
24.299999	88.867	169.2795
24.700001	88.829	168.9394
25.000000	88.800	168.6950
25.400000	88.764	168.3329
25.799999	88.731	167.9852
26.200001	88.700	167.6424
26.500000	88.679	167.3882
26.900000	88.653	167.0663
27.200001	88.634	166.8397
27.600000	88.609	166.5556
28.000000	88.586	166.2891
28.500000	88.557	165.9914
29.000000	88.528	165.7146
29.500000	88.497	165.4674
30.000000	88.464	165.2405
30.400000	88.436	165.0667
30.700001	88.413	164.9415
31.100000	88.382	164.7764
31.500000	88.349	164.6051
32.000000	88.308	164.4074
32.500000	88.267	164.1951
33.000000	88.227	163.9973
33.500000	88.187	163.7821
34.000000	88.147	163.5748
34.500000	88.109	163.3603
35.000000	88.074	163.1558
35.500000	88.040	162.9511
36.000000	88.006	162.7553
36.500000	87.972	162.5681
37.000000	87.939	162.3872
37.500000	87.908	162.2155
38.200001	87.866	161.9966
38.700001	87.836	161.8763
39.500000	87.784	161.7276
40.000000	87.750	161.6288
40.599998	87.710	161.4871
41.200001	87.673	161.3707
41.799999	87.637	161.2998
42.500000	87.592	161.2109
43.099998	87.550	161.0714
43.700001	87.508	160.8891
44.400002	87.463	160.7089
45.000000	87.427	160.5999
45.500000	87.397	160.5209
46.200001	87.356	160.4092
46.799999	87.321	160.3151
47.500000	87.280	160.2145
48.200001	87.242	160.1300
48.700001	87.215	160.0773
49.400002	87.176	159.9986
50.000000	87.143	159.9253
50.799999	87.100	159.8381
51.500000	87.064	159.7771
52.200001	87.026	159.7082
53.000000	86.983	159.6361
53.799999	86.943	159.5892
54.500000	86.906	159.5444
55.200001	86.868	159.4976
56.000000	86.826	159.4448
57.000000	86.778	159.3503
58.000000	86.731	159.3063
59.000000	86.681	159.0998
60.000000	86.630	158.7937
60.799999	86.596	158.8896
61.500000	86.570	159.0955
62.200001	86.543	159.1792
63.000000	86.510	159.1615
64.000000	86.469	159.1581
65.000000	86.427	159.1349
66.000000	86.386	159.1098
67.000000	86.343	159.0961
68.000000	86.300	159.0937
69.000000	86.260	159.1006
70.000000	86.223	159.1002
71.000000	86.186	159.0989
72.000000	86.148	159.1085
73.000000	86.112	159.1276
74.000000	86.075	159.1481
75.000000	86.038	159.1656
76.199997	85.997	159.1768
77.500000	85.953	159.1936
78.800003	85.909	159.2210
80.000000	85.870	159.2513
81.199997	85.833	159.2781
82.500000	85.792	159.3141
83.800003	85.750	159.3566
85.000000	85.713	159.3925
86.199997	85.677	159.4319
87.500000	85.641	159.4758
88.500000	85.613	159.5122
90.000000	85.572	159.5651
91.199997	85.539	159.6083
92.500000	85.504	159.6589
93.800003	85.470	159.7126
95.000000	85.439	159.7645
96.199997	85.408	159.8198
97.500000	85.375	159.8808
98.800003	85.343	159.9335
100.000000	85.314	159.9757
101.500000	85.278	160.0390
103.000000	85.243	160.1073
104.400002	85.210	160.1692
106.000000	85.173	160.2356
107.500000	85.140	160.2984
109.000000	85.108	160.3657
110.599998	85.076	160.4347
112.000000	85.047	160.4978
113.800003	85.009	160.5925
115.000000	84.985	160.6499
117.199997	84.941	160.7423
118.000000	84.926	160.7796
120.599998	84.877	160.9087
122.000000	84.852	160.9718
124.099998	84.814	161.0639
125.000000	84.798	161.1039
126.500000	84.772	161.1732
128.000000	84.748	161.2423
131.500000	84.691	161.3927
132.000000	84.683	161.4177
134.000000	84.651	161.5241
136.000000	84.619	161.6200
138.000000	84.587	161.7104
140.000000	84.557	161.7976
143.000000	84.512	161.9393
145.000000	84.482	162.0441
147.500000	84.442	162.1911
150.000000	84.401	162.3344
152.500000	84.365	162.4772
155.000000	84.329	162.6795
157.500000	84.294	162.8903
160.000000	84.260	163.1222
162.500000	84.229	163.3678
165.000000	84.200	163.6311
167.500000	84.178	163.8832
170.000000	84.164	164.1449
172.500000	84.161	164.4023
175.000000	84.172	164.5829
177.500000	84.188	164.6551
180.000000	84.200	164.6041
182.500000	84.193	164.4982
185.000000	84.167	164.4109
187.500000	84.135	164.3597
190.000000	84.105	164.3533
192.500000	84.075	164.3701
195.000000	84.047	164.3968
197.500000	84.020	164.4308
200.000000	83.995	164.4575
203.000000	83.967	164.4902
206.000000	83.942	164.5477
209.000000	83.916	164.6130
212.000000	83.891	164.6560
214.000000	83.877	164.6917
218.000000	83.844	164.7986
220.000000	83.828	164.8479
224.000000	83.796	164.9489
227.000000	83.772	165.0254
230.000000	83.749	165.1163
233.000000	83.729	165.2257
236.000000	83.713	165.3416
240.000000	83.693	165.4932
243.000000	83.679	165.6049
247.000000	83.663	165.7154
250.000000	83.648	165.7698
254.000000	83.624	165.8314
258.000000	83.595	165.8958
262.000000	83.563	165.9706
265.000000	83.541	166.0381
269.000000	83.511	166.1336
272.000000	83.489	166.2022
276.000000	83.458	166.2950
280.000000	83.426	166.4109
285.000000	83.389	166.5759
290.000000	83.359	166.7484
295.000000	83.331	166.9043
300.000000	83.306	167.0301
304.000000	83.286	167.1263
307.000000	83.271	167.1980
311.000000	83.250	167.2842
315.000000	83.230	167.3620
320.000000	83.204	167.4582
325.000000	83.177	167.5477
330.000000	83.149	167.6343
335.000000	83.120	167.7167
340.000000	83.091	167.7963
345.000000	83.061	167.8923
350.000000	83.029	167.9892
355.000000	82.998	168.0734
360.000000	82.966	168.1779
365.000000	82.935	168.3026
370.000000	82.904	168.4234
375.000000	82.873	168.5480
382.000000	82.832	168.7236
387.000000	82.801	168.8497
395.000000	82.753	169.0442
400.000000	82.723	169.1687
406.000000	82.686	169.3149
412.000000	82.648	169.4556
418.000000	82.610	169.6076
425.000000	82.565	169.8041
431.000000	82.527	169.9933
437.000000	82.487	170.1849
444.000000	82.441	170.4166
450.000000	82.405	170.6430
455.000000	82.375	170.8304
462.000000	82.327	171.0902
468.000000	82.286	171.3902
475.000000	82.249	171.8383
482.000000	82.238	172.2986
487.000000	82.244	172.5211
494.000000	82.249	172.6352
500.000000	82.234	172.6603
508.000000	82.194	172.7519
515.000000	82.151	172.9209
522.000000	82.109	173.1506
530.000000	82.067	173.4460
538.000000	82.028	173.7549
545.000000	81.996	174.0326
552.000000	81.966	174.3098
560.000000	81.932	174.6229
570.000000	81.891	175.0192
580.000000	81.849	175.4197
590.000000	81.809	175.8241
600.000000	81.768	176.2369
608.000000	81.737	176.5770
615.000000	81.709	176.8786
622.000000	81.683	177.1865
630.000000	81.653	177.5452
640.000000	81.618	178.0020
650.000000	81.585	178.4716
660.000000	81.553	178.9517
670.000000	81.522	179.4455
680.000000	81.492	179.9495
690.000000	81.463	-179.5353
700.000000	81.436	-179.0069
710.000000	81.412	-178.4733
720.000000	81.389	-177.9310
730.000000	81.367	-177.3775
740.000000	81.348	-176.8144
750.000000	81.332	-176.2395
762.000000	81.316	-175.5425
775.000000	81.302	-174.7758
788.000000	81.292	-173.9940
800.000000	81.286	-173.2632
812.000000	81.281	-172.5294
825.000000	81.278	-171.7269
838.000000	81.281	-170.9163
850.000000	81.288	-170.1673
862.000000	81.299	-169.4224
875.000000	81.317	-168.6181
885.000000	81.335	-168.0020
900.000000	81.368	-167.0907
912.000000	81.400	-166.3735
925.000000	81.440	-165.6117
938.000000	81.485	-164.8707
950.000000	81.532	-164.2035
962.000000	81.582	-163.5549
975.000000	81.641	-162.8784
988.000000	81.703	-162.2304
1000.000000	81.762	-161.6605
1015.000000	81.836	-160.9899
1030.000000	81.912	-160.3675
1044.000000	81.984	-159.8282
1060.000000	82.070	-159.2622
1075.000000	82.150	-158.7811
1090.000000	82.231	-158.3446
1106.000000	82.317	-157.9276
1120.000000	82.392	-157.6058
1138.000000	82.486	-157.2426
1150.000000	82.547	-157.0280
1172.000000	82.655	-156.6898
1180.000000	82.692	-156.5816
1206.000000	82.807	-156.2779
1220.000000	82.864	-156.1389
1241.000000	82.946	-155.9569
1250.000000	82.980	-155.8860
1265.000000	83.038	-155.7756
1280.000000	83.095	-155.6708
1315.000000	83.216	-155.4349
1320.000000	83.232	-155.4015
1340.000000	83.295	-155.2680
1360.000000	83.354	-155.1285
1380.000000	83.408	-154.9795
1400.000000	83.459	-154.8210
1430.000000	83.531	-154.5580
1450.000000	83.577	-154.3637
1475.000000	83.632	-154.1044
1500.000000	83.686	-153.8228
1525.000000	83.740	-153.5184
1550.000000	83.794	-153.1918
1575.000000	83.849	-152.8466
1600.000000	83.906	-152.4852
1625.000000	83.970	-152.1104
1650.000000	84.037	-151.7221
1675.000000	84.107	-151.3226
1700.000000	84.180	-150.9164
1725.000000	84.256	-150.5076
1750.000000	84.335	-150.0950
1775.000000	84.417	-149.6819
1800.000000	84.502	-149.2684
1825.000000	84.589	-148.8608
1850.000000	84.678	-148.4575
1875.000000	84.770	-148.0522
1900.000000	84.865	-147.6435
1925.000000	84.963	-147.2386
1950.000000	85.066	-146.8412
1975.000000	85.174	-146.4539
2000.000000	85.284	-146.0818
2030.000000	85.421	-145.6554
2060.000000	85.562	-145.2560
2090.000000	85.707	-144.8844
2120.000000	85.857	-144.5419
2140.000000	85.959	-144.3328
2180.000000	86.168	-143.9539
2200.000000	86.274	-143.7849
2240.000000	86.493	-143.4993
2270.000000	86.661	-143.3250
2300.000000	86.833	-143.1874
2330.000000	87.008	-143.0906
2360.000000	87.186	-143.0358
2400.000000	87.429	-143.0238
2430.000000	87.616	-143.0615
2470.000000	87.872	-143.1868
2500.000000	88.070	-143.3494
2540.000000	88.338	-143.6795
2580.000000	88.612	-144.1656
2620.000000	88.890	-144.8333
2650.000000	89.098	-145.4659
2690.000000	89.369	-146.4918
2720.000000	89.564	-147.3939
2760.000000	89.809	-148.7596
2800.000000	90.033	-150.2892
2850.000000	90.281	-152.3923
2900.000000	90.490	-154.6796
2950.000000	90.658	-157.1227
3000.000000	90.777	-159.6884
3040.000000	90.835	-161.7910
3070.000000	90.856	-163.3708
3110.000000	90.854	-165.4490
3150.000000	90.822	-167.4662
3200.000000	90.744	-169.8592
3250.000000	90.629	-172.0772
3300.000000	90.484	-174.0982
3350.000000	90.315	-175.9069
3400.000000	90.129	-177.4964
3450.000000	89.931	-178.8700
3500.000000	89.726	179.9607
3550.000000	89.519	178.9836
3600.000000	89.313	178.1828
3650.000000	89.111	177.5396
3700.000000	88.914	177.0415
3750.000000	88.722	176.6727
3820.000000	88.467	176.3583
3870.000000	88.296	176.2642
3950.000000	88.045	176.3132
4000.000000	87.904	176.4467
4060.000000	87.752	176.6757
4120.000000	87.617	176.9516
4180.000000	87.499	177.2528
4250.000000	87.383	177.6123
4310.000000	87.298	177.9160
4370.000000	87.226	178.2023
4440.000000	87.157	178.5020
4500.000000	87.109	178.7201
4550.000000	87.075	178.8650
4620.000000	87.036	179.0061
4680.000000	87.008	179.0654
4750.000000	86.979	179.0557
4820.000000	86.950	178.9616
4870.000000	86.928	178.8443
4940.000000	86.892	178.6150
5000.000000	86.854	178.3645
5080.000000	86.788	177.9733
5150.000000	86.715	177.6008
5220.000000	86.628	177.2255
5300.000000	86.511	176.8226
5380.000000	86.379	176.4841
5450.000000	86.253	176.2621
5520.000000	86.119	176.1188
5600.000000	85.961	176.0516
5700.000000	85.761	176.0976
5800.000000	85.559	176.2714
5900.000000	85.353	176.5733
6000.000000	85.145	177.0200
6080.000000	84.976	177.5058
6150.000000	84.830	178.0426
6220.000000	84.689	178.6955
6300.000000	84.535	179.5914
6400.000000	84.363	-179.0755
6500.000000	84.223	-177.5264
6600.000000	84.126	-175.8013
6700.000000	84.077	-173.9478
6800.000000	84.082	-172.0169
6900.000000	84.148	-170.0657
7000.000000	84.276	-168.1602
7100.000000	84.470	-166.3686
7200.000000	84.731	-164.7643
7300.000000	85.065	-163.4064
7400.000000	85.482	-162.4340
7500.000000	85.971	-162.1044
7620.000000	86.629	-162.7027
7750.000000	87.391	-164.9213
7880.000000	88.128	-169.1021
8000.000000	88.672	-174.9872
8120.000000	88.910	177.3604
8250.000000	88.615	168.3448
8380.000000	87.688	161.9867
8500.000000	87.092	162.2798
8620.000000	87.489	159.2123
8750.000000	86.892	149.1201
8850.000000	85.738	144.4757
9000.000000	84.029	142.7088
9120.000000	82.903	143.5090
9250.000000	81.894	145.3745
9380.000000	81.057	147.8139
9500.000000	80.413	150.3592
9620.000000	79.875	153.0464
9750.000000	79.400	155.9861
9880.000000	79.024	158.8479
10000.000000	78.752	161.3335
10150.000000	78.497	164.1060
10300.000000	78.315	166.3817
10440.000000	78.189	167.9567
10600.000000	78.058	169.0494
10750.000000	77.904	169.4249
10900.000000	77.682	169.3304
11060.000000	77.337	169.0122
11200.000000	76.936	168.8625
11380.000000	76.303	169.2813
11500.000000	75.836	170.1313
11720.000000	74.971	173.0773
11800.000000	74.678	174.5751
12060.000000	73.888	-179.3860
12200.000000	73.587	-175.6928
12410.000000	73.305	-170.0626
12500.000000	73.237	-167.7231
12650.000000	73.170	-163.9813
12800.000000	73.135	-160.2858
13150.000000	73.365	-150.8855
13200.000000	73.452	-149.6298
13400.000000	73.892	-145.2061
13600.000000	74.436	-141.6244
13800.000000	75.079	-138.8077
14000.000000	75.826	-136.8350
14300.000000	77.155	-135.9094
14500.000000	78.176	-137.2138
14750.000000	79.512	-142.0082
15000.000000	80.654	-151.0546
15250.000000	81.223	-163.7501
15500.000000	80.958	-177.6298
15750.000000	79.936	170.3127
16000.000000	78.535	161.6239
16250.000000	77.119	156.2284
16500.000000	75.715	154.4897
16750.000000	74.573	157.0833
17000.000000	73.993	161.0948
17250.000000	73.770	164.4641
17500.000000	73.740	167.0578
17750.000000	73.768	168.6058
18000.000000	73.703	170.4434
18250.000000	74.183	176.3667
18500.000000	75.943	178.1500
18750.000000	77.044	167.5364
19000.000000	76.753	154.6523
19250.000000	75.616	144.6127
19500.000000	74.037	138.1258
19750.000000	72.335	135.2251
20000.000000	71.165	135.0846
