* Measurement data measured by REW V5.31.3
* Source: Microphone (JadeAudio JA11), MICROPHONE (Master Volume), L, volume: 0.250
* Format: 512k Log Swept Sine, 1 sweep at -8.9 dBFS with no timing reference
* Dated: Jul 3, 2025 7:07:40 PM
* REW Settings:
*  C-weighting compensation: Off
*  Target level: 75.0 dB
* Note: 
* Measurement: R Hexa (DVP, Crystal 2)
* Smoothing: 1/24 octave
* Frequency Step: 1/48 octave
* Start Frequency: 20.300 Hz
*
* Freq(Hz)	SPL(dB)	Phase(degrees)
20.299999	91.212	173.3228
20.600000	91.221	172.8666
20.900000	91.227	172.3495
21.200001	91.230	171.8336
21.400000	91.230	171.4946
21.799999	91.229	170.8341
22.000000	91.226	170.5096
22.400000	91.214	169.8278
22.700001	91.203	169.3282
23.000000	91.189	168.8341
23.299999	91.174	168.3027
23.600000	91.158	167.7764
24.000000	91.136	167.0876
24.299999	91.119	166.5383
24.700001	91.096	165.8202
25.000000	91.079	165.2963
25.400000	91.058	164.5686
25.799999	91.039	163.8631
26.200001	91.023	163.1681
26.500000	91.013	162.6515
26.900000	90.999	161.9788
27.200001	90.989	161.4863
27.600000	90.975	160.8424
28.000000	90.962	160.2113
28.500000	90.946	159.4568
29.000000	90.929	158.7278
29.500000	90.910	158.0335
30.000000	90.888	157.3618
30.400000	90.867	156.8342
30.700001	90.851	156.4461
31.100000	90.827	155.9342
31.500000	90.802	155.4191
32.000000	90.768	154.7901
32.500000	90.735	154.1413
33.000000	90.701	153.5045
33.500000	90.667	152.8529
34.000000	90.634	152.2115
34.500000	90.601	151.5618
35.000000	90.567	150.9211
35.500000	90.533	150.2846
36.000000	90.499	149.6660
36.500000	90.468	149.0640
37.000000	90.440	148.4726
37.500000	90.410	147.8916
38.200001	90.364	147.0927
38.700001	90.329	146.5454
39.500000	90.278	145.7061
40.000000	90.246	145.1922
40.599998	90.205	144.5649
41.200001	90.163	143.9377
41.799999	90.120	143.3149
42.500000	90.069	142.5944
43.099998	90.026	141.9843
43.700001	89.988	141.3811
44.400002	89.944	140.6901
45.000000	89.901	140.0933
45.500000	89.862	139.5903
46.200001	89.808	138.8992
46.799999	89.766	138.3324
47.500000	89.718	137.6920
48.200001	89.668	137.0586
48.700001	89.633	136.6057
49.400002	89.585	135.9731
50.000000	89.544	135.4462
50.799999	89.486	134.7594
51.500000	89.437	134.1506
52.200001	89.389	133.5482
53.000000	89.331	132.8960
53.799999	89.279	132.1920
54.500000	89.240	131.5084
55.200001	89.195	130.8870
56.000000	89.131	130.3222
57.000000	89.051	129.6353
58.000000	88.979	128.8768
59.000000	88.913	128.1079
60.000000	88.853	127.3231
60.799999	88.802	126.7177
61.500000	88.755	126.2069
62.200001	88.708	125.6997
63.000000	88.653	125.1267
64.000000	88.584	124.4304
65.000000	88.517	123.7410
66.000000	88.452	123.0471
67.000000	88.388	122.3593
68.000000	88.324	121.6835
69.000000	88.261	121.0121
70.000000	88.197	120.3407
71.000000	88.133	119.6885
72.000000	88.071	119.0581
73.000000	88.009	118.4317
74.000000	87.947	117.8013
75.000000	87.887	117.1782
76.199997	87.814	116.4436
77.500000	87.735	115.6557
78.800003	87.658	114.8779
80.000000	87.588	114.1831
81.199997	87.517	113.5027
82.500000	87.442	112.7584
83.800003	87.368	112.0236
85.000000	87.299	111.3523
86.199997	87.231	110.6926
87.500000	87.160	109.9911
88.500000	87.105	109.4526
90.000000	87.021	108.6445
91.199997	86.954	108.0130
92.500000	86.886	107.3485
93.800003	86.817	106.7056
95.000000	86.754	106.1107
96.199997	86.694	105.5020
97.500000	86.629	104.8482
98.800003	86.561	104.2168
100.000000	86.499	103.6439
101.500000	86.424	102.9348
103.000000	86.351	102.2407
104.400002	86.284	101.5962
106.000000	86.208	100.8652
107.500000	86.139	100.1907
109.000000	86.069	99.5253
110.599998	85.996	98.8182
112.000000	85.931	98.1987
113.800003	85.850	97.4211
115.000000	85.797	96.9127
117.199997	85.701	95.9926
118.000000	85.666	95.6630
120.599998	85.556	94.5952
122.000000	85.498	94.0214
124.099998	85.412	93.1828
125.000000	85.376	92.8287
126.500000	85.316	92.2449
128.000000	85.257	91.6708
131.500000	85.118	90.3588
132.000000	85.099	90.1698
134.000000	85.023	89.4119
136.000000	84.947	88.6701
138.000000	84.872	87.9623
140.000000	84.800	87.2594
143.000000	84.693	86.2249
145.000000	84.621	85.5403
147.500000	84.534	84.7048
150.000000	84.450	83.8853
152.500000	84.364	83.0645
155.000000	84.282	82.2540
157.500000	84.198	81.4746
160.000000	84.114	80.7225
162.500000	84.033	79.9834
165.000000	83.951	79.2641
167.500000	83.871	78.5821
170.000000	83.790	77.9243
172.500000	83.707	77.2820
175.000000	83.625	76.6845
177.500000	83.552	76.1441
180.000000	83.495	75.6849
182.500000	83.449	75.2919
185.000000	83.415	74.8041
187.500000	83.386	74.2435
190.000000	83.360	73.6545
192.500000	83.338	73.0033
195.000000	83.309	72.2509
197.500000	83.268	71.4315
200.000000	83.218	70.6450
203.000000	83.148	69.7971
206.000000	83.072	69.0071
209.000000	83.004	68.2682
212.000000	82.939	67.5545
214.000000	82.896	67.1119
218.000000	82.814	66.2344
220.000000	82.774	65.7880
224.000000	82.694	64.9274
227.000000	82.636	64.3194
230.000000	82.580	63.7258
233.000000	82.524	63.1174
236.000000	82.468	62.5208
240.000000	82.398	61.7693
243.000000	82.347	61.2298
247.000000	82.283	60.5132
250.000000	82.237	59.9693
254.000000	82.176	59.2605
258.000000	82.113	58.5586
262.000000	82.050	57.8668
265.000000	82.002	57.3641
269.000000	81.942	56.7187
272.000000	81.898	56.2472
276.000000	81.842	55.6312
280.000000	81.786	55.0355
285.000000	81.717	54.3154
290.000000	81.650	53.6300
295.000000	81.585	52.9554
300.000000	81.521	52.2909
304.000000	81.471	51.7800
307.000000	81.435	51.4016
311.000000	81.387	50.9076
315.000000	81.340	50.4325
320.000000	81.283	49.8578
325.000000	81.230	49.3024
330.000000	81.178	48.7646
335.000000	81.124	48.2329
340.000000	81.072	47.7158
345.000000	81.022	47.2213
350.000000	80.972	46.7457
355.000000	80.924	46.2883
360.000000	80.877	45.8356
365.000000	80.831	45.3881
370.000000	80.787	44.9648
375.000000	80.744	44.5631
382.000000	80.686	44.0216
387.000000	80.645	43.6433
395.000000	80.583	43.0455
400.000000	80.544	42.6835
406.000000	80.497	42.2698
412.000000	80.453	41.8827
418.000000	80.410	41.5073
425.000000	80.361	41.0919
431.000000	80.319	40.7560
437.000000	80.278	40.4278
444.000000	80.231	40.0555
450.000000	80.191	39.7574
455.000000	80.159	39.5230
462.000000	80.114	39.2066
468.000000	80.077	38.9475
475.000000	80.037	38.6618
482.000000	79.998	38.3960
487.000000	79.970	38.2152
494.000000	79.932	37.9701
500.000000	79.900	37.7681
508.000000	79.860	37.5218
515.000000	79.824	37.3229
522.000000	79.789	37.1415
530.000000	79.751	36.9527
538.000000	79.714	36.7766
545.000000	79.682	36.6379
552.000000	79.651	36.5200
560.000000	79.616	36.4023
570.000000	79.574	36.2710
580.000000	79.533	36.1709
590.000000	79.495	36.1041
600.000000	79.456	36.0666
608.000000	79.428	36.0659
615.000000	79.405	36.0830
622.000000	79.385	36.1195
630.000000	79.365	36.1882
640.000000	79.345	36.2931
650.000000	79.331	36.4069
660.000000	79.323	36.5441
670.000000	79.324	36.6883
680.000000	79.333	36.7910
690.000000	79.345	36.8369
700.000000	79.352	36.8501
710.000000	79.353	36.8567
720.000000	79.351	36.8844
730.000000	79.348	36.9442
740.000000	79.346	37.0345
750.000000	79.346	37.1558
762.000000	79.347	37.3201
775.000000	79.351	37.5226
788.000000	79.360	37.7698
800.000000	79.374	38.0265
812.000000	79.392	38.2920
825.000000	79.418	38.5921
838.000000	79.450	38.8962
850.000000	79.486	39.1765
862.000000	79.527	39.4548
875.000000	79.576	39.7538
885.000000	79.618	39.9759
900.000000	79.687	40.3009
912.000000	79.747	40.5472
925.000000	79.818	40.7931
938.000000	79.894	41.0145
950.000000	79.968	41.1940
962.000000	80.045	41.3528
975.000000	80.132	41.4930
988.000000	80.222	41.5939
1000.000000	80.307	41.6503
1015.000000	80.415	41.6631
1030.000000	80.522	41.6165
1044.000000	80.621	41.5274
1060.000000	80.733	41.3655
1075.000000	80.834	41.1567
1090.000000	80.933	40.8971
1106.000000	81.034	40.5692
1120.000000	81.116	40.2395
1138.000000	81.213	39.7716
1150.000000	81.272	39.4396
1172.000000	81.368	38.7963
1180.000000	81.399	38.5552
1206.000000	81.483	37.7628
1220.000000	81.519	37.3393
1241.000000	81.562	36.7185
1250.000000	81.576	36.4638
1265.000000	81.594	36.0555
1280.000000	81.607	35.6690
1315.000000	81.621	34.8619
1320.000000	81.621	34.7582
1340.000000	81.619	34.3764
1360.000000	81.613	34.0485
1380.000000	81.604	33.7713
1400.000000	81.594	33.5435
1430.000000	81.576	33.2862
1450.000000	81.566	33.1686
1475.000000	81.556	33.0761
1500.000000	81.547	33.0416
1525.000000	81.541	33.0565
1550.000000	81.539	33.1101
1575.000000	81.539	33.1988
1600.000000	81.541	33.3257
1625.000000	81.546	33.4852
1650.000000	81.555	33.6768
1675.000000	81.569	33.8913
1700.000000	81.588	34.1224
1725.000000	81.611	34.3741
1750.000000	81.639	34.6433
1775.000000	81.672	34.9263
1800.000000	81.708	35.2273
1825.000000	81.749	35.5385
1850.000000	81.793	35.8584
1875.000000	81.843	36.1874
1900.000000	81.895	36.5249
1925.000000	81.952	36.8700
1950.000000	82.013	37.2223
1975.000000	82.079	37.5802
2000.000000	82.150	37.9409
2030.000000	82.242	38.3825
2060.000000	82.342	38.8282
2090.000000	82.451	39.2734
2120.000000	82.571	39.7085
2140.000000	82.656	39.9875
2180.000000	82.842	40.5147
2200.000000	82.942	40.7569
2240.000000	83.157	41.1676
2270.000000	83.331	41.3976
2300.000000	83.514	41.5414
2330.000000	83.703	41.5829
2360.000000	83.896	41.5086
2400.000000	84.151	41.2204
2430.000000	84.338	40.8696
2470.000000	84.573	40.2348
2500.000000	84.736	39.6432
2540.000000	84.930	38.7466
2580.000000	85.098	37.7991
2620.000000	85.245	36.8586
2650.000000	85.348	36.1679
2690.000000	85.478	35.2607
2720.000000	85.574	34.5840
2760.000000	85.699	33.6719
2800.000000	85.823	32.7365
2850.000000	85.976	31.5151
2900.000000	86.125	30.2134
2950.000000	86.268	28.8157
3000.000000	86.400	27.3174
3040.000000	86.496	26.0469
3070.000000	86.562	25.0542
3110.000000	86.639	23.6840
3150.000000	86.701	22.2612
3200.000000	86.759	20.4282
3250.000000	86.790	18.5605
3300.000000	86.796	16.6818
3350.000000	86.777	14.8174
3400.000000	86.733	12.9856
3450.000000	86.668	11.2046
3500.000000	86.580	9.4863
3550.000000	86.474	7.8385
3600.000000	86.348	6.2757
3650.000000	86.205	4.8099
3700.000000	86.047	3.4579
3750.000000	85.874	2.2313
3820.000000	85.613	0.7460
3870.000000	85.418	-0.1458
3950.000000	85.097	-1.2794
4000.000000	84.894	-1.8022
4060.000000	84.652	-2.2531
4120.000000	84.416	-2.5231
4180.000000	84.189	-2.6270
4250.000000	83.938	-2.5676
4310.000000	83.737	-2.3854
4370.000000	83.549	-2.1059
4440.000000	83.349	-1.6814
4500.000000	83.191	-1.2501
4550.000000	83.068	-0.8511
4620.000000	82.908	-0.2372
4680.000000	82.782	0.3407
4750.000000	82.647	1.0775
4820.000000	82.526	1.8932
4870.000000	82.450	2.5252
4940.000000	82.363	3.4605
5000.000000	82.309	4.2766
5080.000000	82.266	5.3218
5150.000000	82.249	6.1462
5220.000000	82.243	6.8733
5300.000000	82.243	7.5992
5380.000000	82.244	8.2481
5450.000000	82.246	8.7763
5520.000000	82.248	9.2824
5600.000000	82.252	9.8479
5700.000000	82.260	10.5497
5800.000000	82.271	11.2519
5900.000000	82.290	11.9621
6000.000000	82.317	12.6860
6080.000000	82.347	13.2771
6150.000000	82.379	13.8047
6220.000000	82.417	14.3434
6300.000000	82.471	14.9738
6400.000000	82.554	15.7809
6500.000000	82.659	16.6003
6600.000000	82.790	17.4154
6700.000000	82.951	18.2061
6800.000000	83.146	18.9472
6900.000000	83.379	19.6077
7000.000000	83.654	20.1457
7100.000000	83.976	20.5041
7200.000000	84.347	20.6056
7300.000000	84.769	20.3566
7400.000000	85.239	19.6520
7500.000000	85.748	18.3827
7620.000000	86.397	15.9762
7750.000000	87.144	11.9985
7880.000000	87.853	5.8824
8000.000000	88.294	-1.6851
8120.000000	88.406	-10.3713
8250.000000	88.109	-19.9433
8380.000000	87.416	-28.5579
8500.000000	86.524	-34.9707
8620.000000	85.498	-39.6807
8750.000000	84.340	-42.9641
8850.000000	83.463	-44.3723
9000.000000	82.226	-45.0456
9120.000000	81.323	-44.6597
9250.000000	80.434	-43.5764
9380.000000	79.632	-41.9707
9500.000000	78.965	-40.1266
9620.000000	78.367	-38.0115
9750.000000	77.792	-35.4967
9880.000000	77.290	-32.8224
10000.000000	76.886	-30.2696
10150.000000	76.459	-27.0361
10300.000000	76.111	-23.8364
10440.000000	75.851	-20.9676
10600.000000	75.618	-17.9216
10750.000000	75.447	-15.3646
10900.000000	75.301	-13.1400
11060.000000	75.146	-11.1016
11200.000000	74.995	-9.4893
11380.000000	74.784	-7.4732
11500.000000	74.638	-6.1533
11720.000000	74.352	-3.7282
11800.000000	74.244	-2.8054
12060.000000	73.905	0.4389
12200.000000	73.738	2.3360
12410.000000	73.520	5.3715
12500.000000	73.444	6.7447
12650.000000	73.348	9.1105
12800.000000	73.295	11.5480
13150.000000	73.376	17.2516
13200.000000	73.414	18.0330
13400.000000	73.627	20.9799
13600.000000	73.940	23.5347
13800.000000	74.343	25.5720
14000.000000	74.818	26.9694
14300.000000	75.618	27.7369
14500.000000	76.184	27.3693
14750.000000	76.915	25.9736
15000.000000	77.705	23.3574
15250.000000	78.514	18.5295
15500.000000	79.100	10.8835
15750.000000	79.201	1.2876
16000.000000	78.698	-8.5473
16250.000000	77.600	-16.9012
16500.000000	75.977	-21.7298
16750.000000	74.232	-19.7622
17000.000000	73.626	-13.4828
17250.000000	73.794	-16.4384
17500.000000	72.869	-23.4821
17750.000000	71.232	-25.2915
18000.000000	69.790	-22.8898
18250.000000	68.780	-20.0631
18500.000000	67.960	-18.5165
18750.000000	67.089	-17.4991
19000.000000	66.176	-15.7187
19250.000000	65.369	-12.8407
19500.000000	64.785	-9.4142
19750.000000	64.448	-6.2825
20000.000000	64.313	-4.3361
