* Measurement data measured by REW V5.31.3
* Source: Microphone (JadeAudio JA11), MICROPHONE (Master Volume), R, volume: 0.250
* Format: 512k Log Swept Sine, 1 sweep at -8.1 dBFS with no timing reference
* Dated: May 15, 2025 1:49:22 AM
* REW Settings:
*  C-weighting compensation: Off
*  Target level: 75.0 dB
* Note: 
* Measurement: R Zero Blue 2 (5?, LTC Wide)
* Smoothing: 1/24 octave
* Frequency Step: 1/48 octave
* Start Frequency: 20.300 Hz
*
* Freq(Hz)	SPL(dB)	Phase(degrees)
20.299999	94.672	173.6795
20.600000	94.665	173.2641
20.900000	94.655	172.7883
21.200001	94.644	172.3153
21.400000	94.636	172.0072
21.799999	94.621	171.4149
22.000000	94.612	171.1272
22.400000	94.588	170.5220
22.700001	94.566	170.0821
23.000000	94.542	169.6506
23.299999	94.516	169.1868
23.600000	94.490	168.7339
24.000000	94.455	168.1513
24.299999	94.428	167.6849
24.700001	94.392	167.0763
25.000000	94.366	166.6309
25.400000	94.331	166.0021
25.799999	94.298	165.3905
26.200001	94.268	164.7864
26.500000	94.247	164.3365
26.900000	94.220	163.7515
27.200001	94.200	163.3246
27.600000	94.174	162.7703
28.000000	94.148	162.2347
28.500000	94.117	161.6107
29.000000	94.084	161.0217
29.500000	94.049	160.4676
30.000000	94.010	159.9281
30.400000	93.977	159.4994
30.700001	93.950	159.1834
31.100000	93.914	158.7683
31.500000	93.876	158.3531
32.000000	93.827	157.8529
32.500000	93.779	157.3326
33.000000	93.728	156.8226
33.500000	93.676	156.3024
34.000000	93.623	155.8027
34.500000	93.571	155.2995
35.000000	93.521	154.7959
35.500000	93.473	154.2791
36.000000	93.426	153.7707
36.500000	93.378	153.2860
37.000000	93.331	152.8277
37.500000	93.285	152.3894
38.200001	93.223	151.7843
38.700001	93.178	151.3668
39.500000	93.103	150.7379
40.000000	93.053	150.3650
40.599998	92.991	149.9118
41.200001	92.927	149.4531
41.799999	92.864	148.9917
42.500000	92.791	148.4634
43.099998	92.727	148.0254
43.700001	92.663	147.5920
44.400002	92.588	147.0963
45.000000	92.527	146.6790
45.500000	92.476	146.3358
46.200001	92.402	145.8672
46.799999	92.336	145.4806
47.500000	92.262	145.0456
48.200001	92.193	144.6226
48.700001	92.144	144.3245
49.400002	92.072	143.9105
50.000000	92.010	143.5647
50.799999	91.926	143.1204
51.500000	91.850	142.7423
52.200001	91.774	142.3577
53.000000	91.689	141.9241
53.799999	91.606	141.5193
54.500000	91.533	141.1790
55.200001	91.460	140.8495
56.000000	91.377	140.4945
57.000000	91.274	140.0571
58.000000	91.167	139.6231
59.000000	91.074	139.0855
60.000000	90.991	138.5090
60.799999	90.900	138.2459
61.500000	90.813	138.0951
62.200001	90.735	137.8873
63.000000	90.652	137.6002
64.000000	90.545	137.2755
65.000000	90.443	136.9442
66.000000	90.341	136.6021
67.000000	90.239	136.2673
68.000000	90.138	135.9464
69.000000	90.038	135.6606
70.000000	89.938	135.3952
71.000000	89.836	135.1385
72.000000	89.736	134.8951
73.000000	89.637	134.6524
74.000000	89.539	134.4195
75.000000	89.442	134.2023
76.199997	89.325	133.9411
77.500000	89.195	133.6741
78.800003	89.066	133.4366
80.000000	88.951	133.2240
81.199997	88.840	133.0522
82.500000	88.719	132.8811
83.800003	88.596	132.6985
85.000000	88.483	132.5495
86.199997	88.375	132.4140
87.500000	88.257	132.2776
88.500000	88.166	132.1847
90.000000	88.029	132.0611
91.199997	87.923	131.9755
92.500000	87.809	131.8629
93.800003	87.698	131.7630
95.000000	87.595	131.7102
96.199997	87.489	131.6953
97.500000	87.377	131.6765
98.800003	87.266	131.6495
100.000000	87.166	131.6302
101.500000	87.045	131.6328
103.000000	86.925	131.6600
104.400002	86.813	131.6919
106.000000	86.686	131.7417
107.500000	86.569	131.7927
109.000000	86.454	131.8578
110.599998	86.332	131.9384
112.000000	86.228	132.0074
113.800003	86.096	132.1255
115.000000	86.009	132.2146
117.199997	85.853	132.4172
118.000000	85.797	132.4865
120.599998	85.622	132.7083
122.000000	85.531	132.8572
124.099998	85.396	133.0870
125.000000	85.338	133.1860
126.500000	85.244	133.3623
128.000000	85.151	133.5499
131.500000	84.943	134.0077
132.000000	84.914	134.0776
134.000000	84.802	134.3678
136.000000	84.695	134.6222
138.000000	84.588	134.8538
140.000000	84.469	135.1552
143.000000	84.314	135.6384
145.000000	84.220	135.9467
147.500000	84.100	136.3357
150.000000	83.983	136.7663
152.500000	83.873	137.1708
155.000000	83.764	137.5453
157.500000	83.658	137.9722
160.000000	83.554	138.4085
162.500000	83.454	138.8193
165.000000	83.356	139.2323
167.500000	83.258	139.6603
170.000000	83.165	140.1122
172.500000	83.084	140.5737
175.000000	82.999	141.0267
177.500000	82.900	141.4998
180.000000	82.799	141.9807
182.500000	82.710	142.5157
185.000000	82.633	143.2256
187.500000	82.572	143.9781
190.000000	82.533	144.5683
192.500000	82.518	145.0033
195.000000	82.508	145.4296
197.500000	82.488	145.8050
200.000000	82.452	146.1473
203.000000	82.407	146.4925
206.000000	82.365	146.7448
209.000000	82.312	147.0284
212.000000	82.251	147.4364
214.000000	82.209	147.7704
218.000000	82.130	148.5427
220.000000	82.102	148.9105
224.000000	82.073	149.6262
227.000000	82.063	149.9902
230.000000	82.046	150.2462
233.000000	82.023	150.4723
236.000000	82.001	150.7137
240.000000	81.965	151.0614
243.000000	81.934	151.2963
247.000000	81.892	151.5943
250.000000	81.860	151.8235
254.000000	81.816	152.1350
258.000000	81.768	152.4548
262.000000	81.721	152.7904
265.000000	81.690	153.0513
269.000000	81.653	153.3891
272.000000	81.627	153.6300
276.000000	81.591	153.9518
280.000000	81.553	154.2324
285.000000	81.506	154.5764
290.000000	81.466	154.9729
295.000000	81.428	155.3586
300.000000	81.386	155.6835
304.000000	81.354	155.9569
307.000000	81.331	156.1733
311.000000	81.303	156.4638
315.000000	81.274	156.7310
320.000000	81.238	157.0236
325.000000	81.205	157.3043
330.000000	81.170	157.5842
335.000000	81.133	157.8513
340.000000	81.098	158.1424
345.000000	81.062	158.4239
350.000000	81.026	158.6927
355.000000	80.990	158.9687
360.000000	80.955	159.2276
365.000000	80.923	159.4951
370.000000	80.891	159.7621
375.000000	80.856	160.0144
382.000000	80.809	160.3691
387.000000	80.777	160.6273
395.000000	80.723	161.0354
400.000000	80.689	161.2884
406.000000	80.648	161.5950
412.000000	80.609	161.9066
418.000000	80.571	162.2236
425.000000	80.529	162.5721
431.000000	80.494	162.8603
437.000000	80.459	163.1601
444.000000	80.419	163.4978
450.000000	80.385	163.7788
455.000000	80.357	164.0095
462.000000	80.315	164.3315
468.000000	80.278	164.6102
475.000000	80.236	164.9382
482.000000	80.193	165.2751
487.000000	80.164	165.5280
494.000000	80.123	165.8941
500.000000	80.089	166.2140
508.000000	80.045	166.6291
515.000000	80.008	166.9917
522.000000	79.970	167.3686
530.000000	79.929	167.8089
538.000000	79.891	168.2407
545.000000	79.859	168.6027
552.000000	79.826	168.9742
560.000000	79.789	169.4151
570.000000	79.746	169.9750
580.000000	79.704	170.5222
590.000000	79.664	171.0679
600.000000	79.624	171.6096
608.000000	79.594	172.0526
615.000000	79.568	172.4427
622.000000	79.543	172.8376
630.000000	79.515	173.2995
640.000000	79.482	173.8684
650.000000	79.451	174.4371
660.000000	79.421	175.0140
670.000000	79.393	175.6010
680.000000	79.367	176.1940
690.000000	79.344	176.7922
700.000000	79.322	177.4035
710.000000	79.302	178.0187
720.000000	79.285	178.6348
730.000000	79.270	179.2529
740.000000	79.258	179.8725
750.000000	79.248	-179.4995
762.000000	79.239	-178.7365
775.000000	79.235	-177.9078
788.000000	79.235	-177.0804
800.000000	79.240	-176.3156
812.000000	79.249	-175.5535
825.000000	79.264	-174.7301
838.000000	79.285	-173.9021
850.000000	79.310	-173.1446
862.000000	79.338	-172.4033
875.000000	79.372	-171.6136
885.000000	79.403	-171.0132
900.000000	79.456	-170.1327
912.000000	79.504	-169.4552
925.000000	79.560	-168.7529
938.000000	79.622	-168.0831
950.000000	79.682	-167.4971
962.000000	79.743	-166.9502
975.000000	79.810	-166.4027
988.000000	79.875	-165.8969
1000.000000	79.932	-165.4580
1015.000000	79.995	-164.9111
1030.000000	80.056	-164.3252
1044.000000	80.116	-163.7377
1060.000000	80.198	-163.0645
1075.000000	80.284	-162.4705
1090.000000	80.377	-161.9310
1106.000000	80.480	-161.4184
1120.000000	80.573	-161.0257
1138.000000	80.691	-160.5964
1150.000000	80.768	-160.3488
1172.000000	80.904	-159.9617
1180.000000	80.951	-159.8381
1206.000000	81.098	-159.4822
1220.000000	81.172	-159.3152
1241.000000	81.277	-159.0884
1250.000000	81.321	-158.9957
1265.000000	81.390	-158.8462
1280.000000	81.458	-158.7007
1315.000000	81.607	-158.3744
1320.000000	81.627	-158.3276
1340.000000	81.708	-158.1374
1360.000000	81.787	-157.9393
1380.000000	81.865	-157.7332
1400.000000	81.942	-157.5131
1430.000000	82.058	-157.1737
1450.000000	82.138	-156.9398
1475.000000	82.241	-156.6397
1500.000000	82.349	-156.3441
1525.000000	82.464	-156.0717
1550.000000	82.584	-155.8321
1575.000000	82.710	-155.6352
1600.000000	82.839	-155.4973
1625.000000	82.970	-155.4302
1650.000000	83.100	-155.4367
1675.000000	83.225	-155.5137
1700.000000	83.344	-155.6494
1725.000000	83.455	-155.8315
1750.000000	83.556	-156.0395
1775.000000	83.648	-156.2571
1800.000000	83.732	-156.4714
1825.000000	83.809	-156.6746
1850.000000	83.880	-156.8604
1875.000000	83.948	-157.0258
1900.000000	84.014	-157.1691
1925.000000	84.078	-157.2908
1950.000000	84.142	-157.3923
1975.000000	84.207	-157.4792
2000.000000	84.272	-157.5543
2030.000000	84.352	-157.6333
2060.000000	84.434	-157.7077
2090.000000	84.517	-157.7817
2120.000000	84.603	-157.8607
2140.000000	84.661	-157.9186
2180.000000	84.780	-158.0488
2200.000000	84.840	-158.1212
2240.000000	84.963	-158.2913
2270.000000	85.057	-158.4377
2300.000000	85.151	-158.6051
2330.000000	85.247	-158.7971
2360.000000	85.342	-159.0110
2400.000000	85.470	-159.3294
2430.000000	85.566	-159.5953
2470.000000	85.692	-159.9918
2500.000000	85.785	-160.3205
2540.000000	85.908	-160.8018
2580.000000	86.026	-161.3272
2620.000000	86.139	-161.8902
2650.000000	86.222	-162.3344
2690.000000	86.329	-162.9575
2720.000000	86.407	-163.4489
2760.000000	86.507	-164.1356
2800.000000	86.602	-164.8606
2850.000000	86.712	-165.8158
2900.000000	86.813	-166.8206
2950.000000	86.902	-167.8677
3000.000000	86.981	-168.9518
3040.000000	87.036	-169.8416
3070.000000	87.072	-170.5200
3110.000000	87.113	-171.4346
3150.000000	87.146	-172.3605
3200.000000	87.177	-173.5262
3250.000000	87.194	-174.6978
3300.000000	87.198	-175.8701
3350.000000	87.187	-177.0360
3400.000000	87.160	-178.1676
3450.000000	87.120	-179.2289
3500.000000	87.074	179.7718
3550.000000	87.023	178.8065
3600.000000	86.964	177.8698
3650.000000	86.899	176.9690
3700.000000	86.827	176.1095
3750.000000	86.748	175.2939
3820.000000	86.630	174.2355
3870.000000	86.541	173.5387
3950.000000	86.390	172.5251
4000.000000	86.293	171.9530
4060.000000	86.173	171.3257
4120.000000	86.051	170.7609
4180.000000	85.927	170.2562
4250.000000	85.783	169.7325
4310.000000	85.658	169.3424
4370.000000	85.533	169.0078
4440.000000	85.389	168.6846
4500.000000	85.267	168.4578
4550.000000	85.167	168.3018
4620.000000	85.030	168.1351
4680.000000	84.915	168.0370
4750.000000	84.785	167.9711
4820.000000	84.659	167.9543
4870.000000	84.572	167.9690
4940.000000	84.455	168.0193
5000.000000	84.359	168.0822
5080.000000	84.236	168.1956
5150.000000	84.132	168.3258
5220.000000	84.033	168.4876
5300.000000	83.926	168.7058
5380.000000	83.827	168.9597
5450.000000	83.747	169.2094
5520.000000	83.672	169.4810
5600.000000	83.595	169.8164
5700.000000	83.510	170.2731
5800.000000	83.444	170.7671
5900.000000	83.394	171.2792
6000.000000	83.361	171.8029
6080.000000	83.348	172.2459
6150.000000	83.350	172.6417
6220.000000	83.364	173.0228
6300.000000	83.393	173.4315
6400.000000	83.449	173.9076
6500.000000	83.531	174.3388
6600.000000	83.640	174.6967
6700.000000	83.777	174.9483
6800.000000	83.944	175.0622
6900.000000	84.140	175.0003
7000.000000	84.362	174.7264
7100.000000	84.610	174.1996
7200.000000	84.881	173.3704
7300.000000	85.169	172.1944
7400.000000	85.470	170.6292
7500.000000	85.777	168.6242
7620.000000	86.140	165.5425
7750.000000	86.497	161.2371
7880.000000	86.760	155.8619
8000.000000	86.867	150.1022
8120.000000	86.814	143.7907
8250.000000	86.546	136.5800
8380.000000	86.029	129.3049
8500.000000	85.311	122.9782
8620.000000	84.374	117.5288
8750.000000	83.167	113.1160
8850.000000	82.160	110.9745
9000.000000	80.634	109.7157
9120.000000	79.459	110.1399
9250.000000	78.271	111.7230
9380.000000	77.189	114.1760
9500.000000	76.286	116.9827
9620.000000	75.469	120.1436
9750.000000	74.667	123.8433
9880.000000	73.942	127.7616
10000.000000	73.334	131.5131
10150.000000	72.646	136.3282
10300.000000	72.028	141.2869
10440.000000	71.511	146.0154
10600.000000	70.988	151.4769
10750.000000	70.557	156.6001
10900.000000	70.172	161.7243
11060.000000	69.809	167.2387
11200.000000	69.536	172.0736
11380.000000	69.243	178.2471
11500.000000	69.080	-177.6505
11720.000000	68.850	-170.1824
11800.000000	68.789	-167.4927
12060.000000	68.671	-158.8415
12200.000000	68.659	-154.2411
12410.000000	68.713	-147.4368
12500.000000	68.765	-144.5600
12650.000000	68.889	-139.8251
12800.000000	69.064	-135.1697
13150.000000	69.695	-124.7026
13200.000000	69.813	-123.2601
13400.000000	70.358	-117.6294
13600.000000	71.036	-112.2378
13800.000000	71.867	-107.1552
14000.000000	72.876	-102.4510
14300.000000	74.808	-96.3066
14500.000000	76.492	-93.1548
14750.000000	79.236	-91.6306
15000.000000	82.754	-96.1008
15250.000000	86.352	-111.7014
15500.000000	88.410	-139.3234
15750.000000	87.790	-168.9642
16000.000000	85.340	171.1003
16250.000000	82.699	161.7642
16500.000000	80.650	158.0873
16750.000000	79.131	156.2278
17000.000000	77.869	154.6104
17250.000000	76.654	152.9547
17500.000000	75.360	151.5298
17750.000000	73.932	150.8313
18000.000000	72.377	151.3486
18250.000000	70.739	153.3656
18500.000000	69.081	156.9521
18750.000000	67.451	161.9816
19000.000000	65.890	168.2863
19250.000000	64.434	175.6964
19500.000000	63.125	-175.9885
19750.000000	62.048	-167.2445
20000.000000	61.427	-160.1863
