* Measurement data measured by REW V5.31.3
* Source: Microphone (JadeAudio JA11), MICROPHONE (Master Volume), R, volume: 0.250
* Format: 512k Log Swept Sine, 1 sweep at -8.1 dBFS with no timing reference
* Dated: Mar 30, 2025 9:59:12 AM
* REW Settings:
*  C-weighting compensation: Off
*  Target level: 75.0 dB
* Note: 
* Measurement: R Zero Blue 2 (5?, Final E C)
* Smoothing: 1/24 octave
* Frequency Step: 1/48 octave
* Start Frequency: 20.300 Hz
*
* Freq(Hz)	SPL(dB)	Phase(degrees)
20.299999	94.479	168.7830
20.600000	94.477	168.3618
20.900000	94.471	167.8841
21.200001	94.460	167.4170
21.400000	94.451	167.1176
21.799999	94.426	166.5505
22.000000	94.410	166.2767
22.400000	94.373	165.6954
22.700001	94.344	165.2671
23.000000	94.316	164.8418
23.299999	94.289	164.3806
23.600000	94.263	163.9288
24.000000	94.227	163.3482
24.299999	94.198	162.8838
24.700001	94.158	162.2775
25.000000	94.128	161.8329
25.400000	94.092	161.2043
25.799999	94.057	160.5931
26.200001	94.026	159.9907
26.500000	94.004	159.5430
26.900000	93.973	158.9608
27.200001	93.951	158.5354
27.600000	93.921	157.9818
28.000000	93.892	157.4452
28.500000	93.857	156.8167
29.000000	93.821	156.2184
29.500000	93.782	155.6503
30.000000	93.741	155.0932
30.400000	93.707	154.6487
30.700001	93.681	154.3201
31.100000	93.645	153.8882
31.500000	93.605	153.4587
32.000000	93.553	152.9484
32.500000	93.498	152.4276
33.000000	93.444	151.9179
33.500000	93.392	151.3851
34.000000	93.339	150.8550
34.500000	93.286	150.3138
35.000000	93.233	149.7800
35.500000	93.182	149.2457
36.000000	93.132	148.7226
36.500000	93.083	148.2145
37.000000	93.035	147.7233
37.500000	92.986	147.2526
38.200001	92.917	146.6155
38.700001	92.866	146.1780
39.500000	92.785	145.5028
40.000000	92.735	145.0971
40.599998	92.672	144.6114
41.200001	92.605	144.1227
41.799999	92.538	143.6234
42.500000	92.460	143.0508
43.099998	92.392	142.5900
43.700001	92.324	142.1365
44.400002	92.250	141.5896
45.000000	92.191	141.1070
45.500000	92.139	140.7117
46.200001	92.058	140.1828
46.799999	91.986	139.7431
47.500000	91.907	139.2380
48.200001	91.832	138.7537
48.700001	91.777	138.4225
49.400002	91.699	137.9654
50.000000	91.632	137.5727
50.799999	91.543	137.0499
51.500000	91.465	136.6080
52.200001	91.387	136.1793
53.000000	91.297	135.7038
53.799999	91.207	135.2448
54.500000	91.128	134.8435
55.200001	91.049	134.4321
56.000000	90.958	133.9721
57.000000	90.843	133.4350
58.000000	90.728	132.9180
59.000000	90.612	132.4175
60.000000	90.496	131.9062
60.799999	90.406	131.4996
61.500000	90.331	131.1648
62.200001	90.256	130.8450
63.000000	90.167	130.4912
64.000000	90.050	130.0571
65.000000	89.935	129.6233
66.000000	89.820	129.2000
67.000000	89.706	128.7884
68.000000	89.593	128.3902
69.000000	89.480	128.0123
70.000000	89.366	127.6566
71.000000	89.250	127.3129
72.000000	89.135	126.9747
73.000000	89.024	126.6532
74.000000	88.914	126.3442
75.000000	88.802	126.0435
76.199997	88.669	125.6933
77.500000	88.523	125.3239
78.800003	88.380	124.9618
80.000000	88.249	124.6599
81.199997	88.116	124.3801
82.500000	87.974	124.0872
83.800003	87.832	123.8011
85.000000	87.700	123.5488
86.199997	87.569	123.3192
87.500000	87.429	123.0961
88.500000	87.322	122.9304
90.000000	87.160	122.6860
91.199997	87.030	122.5103
92.500000	86.890	122.3278
93.800003	86.750	122.1670
95.000000	86.623	122.0433
96.199997	86.497	121.9256
97.500000	86.360	121.8111
98.800003	86.223	121.7092
100.000000	86.098	121.6201
101.500000	85.944	121.5337
103.000000	85.790	121.4697
104.400002	85.647	121.4308
106.000000	85.484	121.3993
107.500000	85.332	121.3859
109.000000	85.180	121.4006
110.599998	85.020	121.4288
112.000000	84.883	121.4756
113.800003	84.705	121.5626
115.000000	84.587	121.6329
117.199997	84.377	121.8011
118.000000	84.302	121.8744
120.599998	84.062	122.1305
122.000000	83.934	122.2760
124.099998	83.746	122.5270
125.000000	83.667	122.6557
126.500000	83.537	122.8931
128.000000	83.407	123.1380
131.500000	83.115	123.7564
132.000000	83.074	123.8528
134.000000	82.912	124.2541
136.000000	82.753	124.6557
138.000000	82.602	125.0482
140.000000	82.464	125.5458
143.000000	82.259	126.3269
145.000000	82.127	126.7923
147.500000	81.973	127.3547
150.000000	81.821	127.9406
152.500000	81.671	128.5436
155.000000	81.524	129.0969
157.500000	81.377	129.6552
160.000000	81.236	130.3063
162.500000	81.100	130.9568
165.000000	80.971	131.6505
167.500000	80.847	132.3351
170.000000	80.729	132.9825
172.500000	80.614	133.6466
175.000000	80.503	134.3549
177.500000	80.397	135.0154
180.000000	80.299	135.7079
182.500000	80.203	136.5072
185.000000	80.119	137.3119
187.500000	80.055	138.0774
190.000000	79.986	138.7984
192.500000	79.917	139.4784
195.000000	79.854	140.1599
197.500000	79.794	140.8410
200.000000	79.738	141.4920
203.000000	79.674	142.2875
206.000000	79.613	143.0786
209.000000	79.559	143.8110
212.000000	79.511	144.4877
214.000000	79.481	144.9285
218.000000	79.425	145.8381
220.000000	79.403	146.3004
224.000000	79.358	147.1814
227.000000	79.322	147.8208
230.000000	79.290	148.4388
233.000000	79.263	149.0276
236.000000	79.239	149.5698
240.000000	79.207	150.3146
243.000000	79.188	150.8877
247.000000	79.166	151.5724
250.000000	79.150	152.0660
254.000000	79.132	152.7090
258.000000	79.117	153.3153
262.000000	79.104	153.8850
265.000000	79.094	154.2821
269.000000	79.081	154.7865
272.000000	79.071	155.1587
276.000000	79.058	155.6291
280.000000	79.045	156.0940
285.000000	79.026	156.6722
290.000000	79.008	157.2211
295.000000	78.993	157.7418
300.000000	78.976	158.2344
304.000000	78.963	158.6322
307.000000	78.953	158.9230
311.000000	78.942	159.2893
315.000000	78.931	159.6452
320.000000	78.918	160.0835
325.000000	78.903	160.5026
330.000000	78.888	160.9102
335.000000	78.875	161.3098
340.000000	78.860	161.6858
345.000000	78.845	162.0572
350.000000	78.829	162.4233
355.000000	78.815	162.7805
360.000000	78.799	163.1244
365.000000	78.782	163.4523
370.000000	78.767	163.7918
375.000000	78.755	164.1262
382.000000	78.736	164.5781
387.000000	78.722	164.9022
395.000000	78.701	165.4180
400.000000	78.689	165.7283
406.000000	78.675	166.0908
412.000000	78.663	166.4324
418.000000	78.653	166.7501
425.000000	78.644	167.1139
431.000000	78.634	167.4001
437.000000	78.624	167.6533
444.000000	78.610	167.9102
450.000000	78.594	168.1192
455.000000	78.579	168.2879
462.000000	78.554	168.5063
468.000000	78.527	168.6804
475.000000	78.486	168.8872
482.000000	78.439	169.1282
487.000000	78.402	169.3370
494.000000	78.351	169.6731
500.000000	78.307	170.0024
508.000000	78.255	170.4794
515.000000	78.214	170.9282
522.000000	78.177	171.4026
530.000000	78.143	171.9444
538.000000	78.115	172.4665
545.000000	78.094	172.9087
552.000000	78.073	173.3356
560.000000	78.050	173.8077
570.000000	78.021	174.3865
580.000000	77.993	174.9547
590.000000	77.965	175.5235
600.000000	77.938	176.0906
608.000000	77.917	176.5469
615.000000	77.898	176.9489
622.000000	77.880	177.3506
630.000000	77.861	177.8109
640.000000	77.837	178.3891
650.000000	77.815	178.9606
660.000000	77.794	179.5259
670.000000	77.771	-179.9056
680.000000	77.746	-179.3189
690.000000	77.723	-178.6987
700.000000	77.705	-178.0514
710.000000	77.689	-177.4042
720.000000	77.678	-176.7579
730.000000	77.669	-176.1109
740.000000	77.662	-175.4668
750.000000	77.658	-174.8205
762.000000	77.655	-174.0397
775.000000	77.656	-173.1932
788.000000	77.661	-172.3497
800.000000	77.669	-171.5644
812.000000	77.681	-170.7780
825.000000	77.698	-169.9253
838.000000	77.720	-169.0825
850.000000	77.745	-168.3048
862.000000	77.774	-167.5303
875.000000	77.811	-166.7031
885.000000	77.842	-166.0705
900.000000	77.894	-165.1373
912.000000	77.940	-164.4093
925.000000	77.994	-163.6385
938.000000	78.053	-162.8879
950.000000	78.112	-162.2108
962.000000	78.174	-161.5568
975.000000	78.244	-160.8792
988.000000	78.317	-160.2282
1000.000000	78.387	-159.6544
1015.000000	78.477	-158.9771
1030.000000	78.570	-158.3463
1044.000000	78.659	-157.7936
1060.000000	78.760	-157.2063
1075.000000	78.857	-156.7022
1090.000000	78.953	-156.2407
1106.000000	79.054	-155.7905
1120.000000	79.141	-155.4335
1138.000000	79.250	-155.0136
1150.000000	79.320	-154.7549
1172.000000	79.446	-154.3246
1180.000000	79.490	-154.1776
1206.000000	79.628	-153.7293
1220.000000	79.700	-153.5107
1241.000000	79.803	-153.2130
1250.000000	79.846	-153.0904
1265.000000	79.913	-152.8875
1280.000000	79.978	-152.6821
1315.000000	80.122	-152.1830
1320.000000	80.142	-152.1102
1340.000000	80.223	-151.8184
1360.000000	80.302	-151.5240
1380.000000	80.381	-151.2295
1400.000000	80.457	-150.9315
1430.000000	80.571	-150.4668
1450.000000	80.649	-150.1413
1475.000000	80.748	-149.7276
1500.000000	80.851	-149.3094
1525.000000	80.960	-148.8964
1550.000000	81.074	-148.5004
1575.000000	81.193	-148.1265
1600.000000	81.316	-147.7864
1625.000000	81.443	-147.4950
1650.000000	81.573	-147.2572
1675.000000	81.705	-147.0772
1700.000000	81.834	-146.9539
1725.000000	81.960	-146.8879
1750.000000	82.082	-146.8716
1775.000000	82.199	-146.8996
1800.000000	82.309	-146.9569
1825.000000	82.412	-147.0293
1850.000000	82.509	-147.1132
1875.000000	82.600	-147.1997
1900.000000	82.686	-147.2819
1925.000000	82.768	-147.3600
1950.000000	82.846	-147.4287
1975.000000	82.922	-147.4874
2000.000000	82.996	-147.5363
2030.000000	83.082	-147.5841
2060.000000	83.167	-147.6230
2090.000000	83.251	-147.6549
2120.000000	83.333	-147.6844
2140.000000	83.387	-147.7037
2180.000000	83.492	-147.7423
2200.000000	83.544	-147.7606
2240.000000	83.645	-147.8030
2270.000000	83.717	-147.8342
2300.000000	83.785	-147.8570
2330.000000	83.850	-147.8676
2360.000000	83.909	-147.8611
2400.000000	83.981	-147.7987
2430.000000	84.031	-147.6920
2470.000000	84.094	-147.4398
2500.000000	84.143	-147.1492
2540.000000	84.218	-146.6125
2580.000000	84.312	-145.8894
2620.000000	84.445	-144.9785
2650.000000	84.584	-144.2280
2690.000000	84.832	-143.3225
2720.000000	85.059	-142.8549
2760.000000	85.390	-142.6330
2800.000000	85.726	-142.8835
2850.000000	86.118	-143.7435
2900.000000	86.459	-145.0446
2950.000000	86.740	-146.6222
3000.000000	86.958	-148.3034
3040.000000	87.095	-149.6348
3070.000000	87.179	-150.5955
3110.000000	87.272	-151.8073
3150.000000	87.349	-152.9361
3200.000000	87.433	-154.2276
3250.000000	87.510	-155.4012
3300.000000	87.587	-156.4817
3350.000000	87.671	-157.5120
3400.000000	87.763	-158.5527
3450.000000	87.862	-159.6597
3500.000000	87.959	-160.8691
3550.000000	88.049	-162.1788
3600.000000	88.127	-163.5770
3650.000000	88.193	-165.0622
3700.000000	88.242	-166.6364
3750.000000	88.268	-168.3039
3820.000000	88.246	-170.7316
3870.000000	88.181	-172.4168
3950.000000	87.999	-174.6785
4000.000000	87.869	-175.6603
4060.000000	87.743	-176.4710
4120.000000	87.671	-177.1446
4180.000000	87.643	-177.9409
4250.000000	87.630	-179.1752
4310.000000	87.609	179.5204
4370.000000	87.565	178.0540
4440.000000	87.474	176.2361
4500.000000	87.361	174.6522
4550.000000	87.241	173.3524
4620.000000	87.031	171.6487
4680.000000	86.820	170.3843
4750.000000	86.553	169.2154
4820.000000	86.289	168.3603
4870.000000	86.111	167.8776
4940.000000	85.877	167.2807
5000.000000	85.684	166.7889
5080.000000	85.425	166.1569
5150.000000	85.191	165.6607
5220.000000	84.949	165.2528
5300.000000	84.665	164.9214
5380.000000	84.377	164.7594
5450.000000	84.125	164.7639
5520.000000	83.876	164.9089
5600.000000	83.596	165.2501
5700.000000	83.264	165.9287
5800.000000	82.958	166.8692
5900.000000	82.684	168.0419
6000.000000	82.449	169.3979
6080.000000	82.290	170.5854
6150.000000	82.173	171.6868
6220.000000	82.077	172.8383
6300.000000	81.995	174.1956
6400.000000	81.934	175.9154
6500.000000	81.919	177.6237
6600.000000	81.949	179.2978
6700.000000	82.024	-179.0813
6800.000000	82.147	-177.5453
6900.000000	82.320	-176.1338
7000.000000	82.543	-174.8946
7100.000000	82.820	-173.8941
7200.000000	83.151	-173.2169
7300.000000	83.532	-172.9620
7400.000000	83.958	-173.2422
7500.000000	84.416	-174.1844
7620.000000	84.978	-176.4006
7750.000000	85.536	179.7141
7880.000000	85.953	174.2740
8000.000000	86.119	168.1157
8120.000000	86.011	161.4247
8250.000000	85.567	154.3897
8380.000000	84.831	148.3088
8500.000000	83.959	143.9555
8620.000000	82.971	140.9861
8750.000000	81.841	139.3566
8850.000000	80.970	139.1622
9000.000000	79.721	140.3721
9120.000000	78.801	142.3999
9250.000000	77.909	145.4006
9380.000000	77.132	148.9847
9500.000000	76.511	152.6171
9620.000000	75.975	156.4363
9750.000000	75.478	160.7036
9880.000000	75.061	165.0588
10000.000000	74.739	169.1313
10150.000000	74.422	174.2613
10300.000000	74.201	179.3719
10440.000000	74.074	-175.9448
10600.000000	74.019	-170.7216
10750.000000	74.057	-165.9841
10900.000000	74.185	-161.4426
11060.000000	74.428	-156.8971
11200.000000	74.734	-153.2722
11380.000000	75.259	-149.2322
11500.000000	75.695	-147.0447
11720.000000	76.671	-144.5017
11800.000000	77.075	-144.1879
12060.000000	78.479	-146.1900
12200.000000	79.189	-149.5116
12410.000000	79.951	-157.3537
12500.000000	80.101	-161.4568
12650.000000	80.067	-168.5648
12800.000000	79.687	-175.1535
13150.000000	77.959	175.3391
13200.000000	77.678	174.7612
13400.000000	76.590	174.1605
13600.000000	75.654	175.7255
13800.000000	74.916	178.7545
14000.000000	74.383	-177.2542
14300.000000	73.953	-170.1056
14500.000000	73.917	-164.8379
14750.000000	74.183	-158.0807
15000.000000	74.841	-151.5858
15250.000000	76.003	-146.1390
15500.000000	77.830	-143.5822
15750.000000	80.274	-147.8826
16000.000000	82.467	-163.4664
16250.000000	82.892	171.7624
16500.000000	80.926	148.7459
16750.000000	77.542	135.8199
17000.000000	74.050	132.3351
17250.000000	71.101	133.9547
17500.000000	68.742	137.4135
17750.000000	66.835	141.1068
18000.000000	65.265	144.3159
18250.000000	63.965	146.7585
18500.000000	62.900	148.3705
18750.000000	62.039	149.2370
19000.000000	61.349	149.6414
19250.000000	60.786	149.9921
19500.000000	60.310	150.7569
19750.000000	59.917	152.2903
20000.000000	59.688	154.0846
