* Measurement data measured by REW V5.31.3
* Source: Microphone (JadeAudio JA11), MICROPHONE (Master Volume), L, volume: 0.250
* Format: 512k Log Swept Sine, 1 sweep at -8.9 dBFS with no timing reference
* Dated: Jun 26, 2025 8:24:04 PM
* REW Settings:
*  C-weighting compensation: Off
*  Target level: 75.0 dB
* Note: 
* Measurement: R Hexa (-DD, Vent, Pol, X07)
* Smoothing: 1/24 octave
* Frequency Step: 1/48 octave
* Start Frequency: 20.300 Hz
*
* Freq(Hz)	SPL(dB)	Phase(degrees)
20.299999	91.499	173.4191
20.600000	91.507	172.9486
20.900000	91.512	172.4188
21.200001	91.514	171.8953
21.400000	91.515	171.5542
21.799999	91.514	170.8939
22.000000	91.512	170.5702
22.400000	91.501	169.8878
22.700001	91.489	169.3854
23.000000	91.475	168.8878
23.299999	91.459	168.3540
23.600000	91.443	167.8276
24.000000	91.421	167.1422
24.299999	91.405	166.5964
24.700001	91.384	165.8818
25.000000	91.368	165.3585
25.400000	91.348	164.6289
25.799999	91.330	163.9190
26.200001	91.314	163.2172
26.500000	91.303	162.6938
26.900000	91.290	162.0107
27.200001	91.279	161.5111
27.600000	91.266	160.8605
28.000000	91.253	160.2270
28.500000	91.238	159.4724
29.000000	91.221	158.7421
29.500000	91.203	158.0442
30.000000	91.181	157.3697
30.400000	91.161	156.8411
30.700001	91.144	156.4521
31.100000	91.121	155.9379
31.500000	91.096	155.4200
32.000000	91.064	154.7906
32.500000	91.032	154.1477
33.000000	90.997	153.5191
33.500000	90.962	152.8706
34.000000	90.926	152.2238
34.500000	90.892	151.5642
35.000000	90.860	150.9153
35.500000	90.830	150.2742
36.000000	90.798	149.6521
36.500000	90.767	149.0453
37.000000	90.736	148.4483
37.500000	90.708	147.8628
38.200001	90.668	147.0582
38.700001	90.637	146.5031
39.500000	90.584	145.6416
40.000000	90.550	145.1132
40.599998	90.510	144.4769
41.200001	90.470	143.8519
41.799999	90.430	143.2364
42.500000	90.380	142.5166
43.099998	90.336	141.8950
43.700001	90.296	141.2775
44.400002	90.252	140.5836
45.000000	90.213	139.9958
45.500000	90.176	139.4983
46.200001	90.124	138.8027
46.799999	90.082	138.2264
47.500000	90.035	137.5741
48.200001	89.988	136.9298
48.700001	89.954	136.4759
49.400002	89.906	135.8514
50.000000	89.866	135.3235
50.799999	89.811	134.6183
51.500000	89.762	134.0078
52.200001	89.713	133.4036
53.000000	89.658	132.7203
53.799999	89.603	132.0564
54.500000	89.556	131.4935
55.200001	89.510	130.9259
56.000000	89.458	130.2675
57.000000	89.389	129.4701
58.000000	89.317	128.6710
59.000000	89.248	127.8578
60.000000	89.183	127.0960
60.799999	89.131	126.4978
61.500000	89.086	125.9724
62.200001	89.042	125.4590
63.000000	88.989	124.8880
64.000000	88.924	124.1770
65.000000	88.860	123.4624
66.000000	88.794	122.7578
67.000000	88.730	122.0679
68.000000	88.667	121.3788
69.000000	88.604	120.6949
70.000000	88.542	120.0257
71.000000	88.481	119.3710
72.000000	88.420	118.7263
73.000000	88.359	118.0896
74.000000	88.298	117.4613
75.000000	88.239	116.8358
76.199997	88.168	116.0852
77.500000	88.090	115.2878
78.800003	88.013	114.5065
80.000000	87.944	113.7977
81.199997	87.875	113.0953
82.500000	87.801	112.3451
83.800003	87.727	111.6061
85.000000	87.659	110.9302
86.199997	87.592	110.2618
87.500000	87.519	109.5578
88.500000	87.465	109.0210
90.000000	87.386	108.2090
91.199997	87.324	107.5591
92.500000	87.257	106.8646
93.800003	87.191	106.2089
95.000000	87.131	105.6114
96.199997	87.069	104.9975
97.500000	87.003	104.3463
98.800003	86.939	103.7116
100.000000	86.879	103.1269
101.500000	86.804	102.4025
103.000000	86.733	101.6852
104.400002	86.667	101.0239
106.000000	86.592	100.2869
107.500000	86.522	99.6114
109.000000	86.454	98.9318
110.599998	86.383	98.2058
112.000000	86.321	97.5855
113.800003	86.242	96.8160
115.000000	86.191	96.3103
117.199997	86.098	95.3750
118.000000	86.064	95.0408
120.599998	85.955	93.9760
122.000000	85.897	93.4089
124.099998	85.812	92.5661
125.000000	85.776	92.2061
126.500000	85.716	91.6173
128.000000	85.658	91.0408
131.500000	85.526	89.7005
132.000000	85.507	89.5129
134.000000	85.434	88.7804
136.000000	85.361	88.0492
138.000000	85.292	87.3125
140.000000	85.221	86.5760
143.000000	85.114	85.5382
145.000000	85.045	84.8642
147.500000	84.962	84.0231
150.000000	84.878	83.2018
152.500000	84.797	82.3886
155.000000	84.717	81.5814
157.500000	84.641	80.7954
160.000000	84.565	80.0250
162.500000	84.492	79.2729
165.000000	84.419	78.5328
167.500000	84.349	77.7993
170.000000	84.279	77.0806
172.500000	84.210	76.3734
175.000000	84.141	75.6763
177.500000	84.074	74.9876
180.000000	84.008	74.3095
182.500000	83.944	73.6562
185.000000	83.882	73.0217
187.500000	83.822	72.3907
190.000000	83.762	71.7668
192.500000	83.705	71.1637
195.000000	83.648	70.5692
197.500000	83.591	69.9807
200.000000	83.535	69.3957
203.000000	83.469	68.7045
206.000000	83.405	68.0301
209.000000	83.343	67.3624
212.000000	83.285	66.7060
214.000000	83.247	66.2952
218.000000	83.170	65.5023
220.000000	83.134	65.0989
224.000000	83.067	64.3274
227.000000	83.023	63.7638
230.000000	82.981	63.1711
233.000000	82.937	62.5437
236.000000	82.890	61.9104
240.000000	82.824	61.0910
243.000000	82.773	60.5037
247.000000	82.706	59.7588
250.000000	82.657	59.2156
254.000000	82.591	58.5132
258.000000	82.525	57.8331
262.000000	82.461	57.2000
265.000000	82.418	56.7514
269.000000	82.365	56.1474
272.000000	82.325	55.6830
276.000000	82.272	55.0595
280.000000	82.217	54.4664
285.000000	82.151	53.7634
290.000000	82.090	53.0788
295.000000	82.031	52.4144
300.000000	81.973	51.7662
304.000000	81.930	51.2604
307.000000	81.896	50.8851
311.000000	81.851	50.3909
315.000000	81.806	49.9117
320.000000	81.753	49.3317
325.000000	81.701	48.7692
330.000000	81.651	48.2220
335.000000	81.602	47.6889
340.000000	81.554	47.1594
345.000000	81.506	46.6449
350.000000	81.458	46.1547
355.000000	81.411	45.6831
360.000000	81.366	45.2230
365.000000	81.321	44.7818
370.000000	81.276	44.3560
375.000000	81.232	43.9425
382.000000	81.173	43.3963
387.000000	81.131	43.0236
395.000000	81.067	42.4431
400.000000	81.028	42.0939
406.000000	80.982	41.6947
412.000000	80.937	41.3126
418.000000	80.894	40.9452
425.000000	80.844	40.5400
431.000000	80.801	40.2093
437.000000	80.759	39.8926
444.000000	80.711	39.5473
450.000000	80.671	39.2755
455.000000	80.638	39.0675
462.000000	80.594	38.8000
468.000000	80.560	38.5830
475.000000	80.524	38.3339
482.000000	80.488	38.0733
487.000000	80.461	37.8922
494.000000	80.420	37.6613
500.000000	80.384	37.4959
508.000000	80.339	37.3330
515.000000	80.303	37.2210
522.000000	80.270	37.1305
530.000000	80.235	37.0850
538.000000	80.209	37.1188
545.000000	80.202	37.1784
552.000000	80.212	37.2029
560.000000	80.236	37.0886
570.000000	80.256	36.7231
580.000000	80.249	36.2811
590.000000	80.220	35.9046
600.000000	80.180	35.6282
608.000000	80.147	35.4725
615.000000	80.119	35.3718
622.000000	80.093	35.3007
630.000000	80.065	35.2529
640.000000	80.033	35.2301
650.000000	80.005	35.2377
660.000000	79.983	35.2642
670.000000	79.964	35.3048
680.000000	79.947	35.3544
690.000000	79.931	35.4176
700.000000	79.917	35.4987
710.000000	79.905	35.5948
720.000000	79.897	35.7115
730.000000	79.890	35.8468
740.000000	79.885	35.9995
750.000000	79.883	36.1665
762.000000	79.885	36.3796
775.000000	79.891	36.6333
788.000000	79.902	36.9048
800.000000	79.917	37.1654
812.000000	79.938	37.4348
825.000000	79.966	37.7429
838.000000	79.998	38.0593
850.000000	80.034	38.3552
862.000000	80.076	38.6544
875.000000	80.127	38.9771
885.000000	80.171	39.2195
900.000000	80.244	39.5687
912.000000	80.309	39.8250
925.000000	80.385	40.0723
938.000000	80.465	40.2873
950.000000	80.543	40.4549
962.000000	80.624	40.5912
975.000000	80.713	40.7054
988.000000	80.804	40.7845
1000.000000	80.889	40.8220
1015.000000	80.997	40.8183
1030.000000	81.106	40.7569
1044.000000	81.207	40.6505
1060.000000	81.320	40.4704
1075.000000	81.422	40.2496
1090.000000	81.521	39.9788
1106.000000	81.621	39.6366
1120.000000	81.703	39.2971
1138.000000	81.799	38.8229
1150.000000	81.857	38.4876
1172.000000	81.951	37.8422
1180.000000	81.981	37.6019
1206.000000	82.065	36.8043
1220.000000	82.101	36.3760
1241.000000	82.143	35.7470
1250.000000	82.157	35.4884
1265.000000	82.176	35.0742
1280.000000	82.189	34.6823
1315.000000	82.204	33.8648
1320.000000	82.204	33.7605
1340.000000	82.204	33.3766
1360.000000	82.199	33.0449
1380.000000	82.193	32.7623
1400.000000	82.185	32.5237
1430.000000	82.172	32.2535
1450.000000	82.164	32.1276
1475.000000	82.155	32.0254
1500.000000	82.147	31.9772
1525.000000	82.142	31.9772
1550.000000	82.140	32.0171
1575.000000	82.141	32.0930
1600.000000	82.146	32.2040
1625.000000	82.155	32.3458
1650.000000	82.168	32.5134
1675.000000	82.184	32.7033
1700.000000	82.205	32.9116
1725.000000	82.229	33.1381
1750.000000	82.257	33.3823
1775.000000	82.289	33.6384
1800.000000	82.325	33.9095
1825.000000	82.365	34.1912
1850.000000	82.409	34.4842
1875.000000	82.457	34.7886
1900.000000	82.511	35.1023
1925.000000	82.570	35.4222
1950.000000	82.634	35.7444
1975.000000	82.703	36.0644
2000.000000	82.776	36.3840
2030.000000	82.869	36.7685
2060.000000	82.971	37.1532
2090.000000	83.080	37.5337
2120.000000	83.197	37.9080
2140.000000	83.280	38.1534
2180.000000	83.460	38.6308
2200.000000	83.559	38.8487
2240.000000	83.773	39.2003
2270.000000	83.944	39.3772
2300.000000	84.123	39.4673
2330.000000	84.309	39.4603
2360.000000	84.497	39.3433
2400.000000	84.747	39.0022
2430.000000	84.930	38.6128
2470.000000	85.160	37.9396
2500.000000	85.319	37.3396
2540.000000	85.514	36.4441
2580.000000	85.686	35.4873
2620.000000	85.841	34.5171
2650.000000	85.948	33.7917
2690.000000	86.085	32.8255
2720.000000	86.185	32.0955
2760.000000	86.315	31.1035
2800.000000	86.442	30.0769
2850.000000	86.596	28.7308
2900.000000	86.743	27.2951
2950.000000	86.880	25.7550
3000.000000	87.003	24.1110
3040.000000	87.091	22.7261
3070.000000	87.148	21.6487
3110.000000	87.212	20.1671
3150.000000	87.261	18.6401
3200.000000	87.299	16.6890
3250.000000	87.309	14.7140
3300.000000	87.291	12.7415
3350.000000	87.247	10.7951
3400.000000	87.177	8.8965
3450.000000	87.083	7.0691
3500.000000	86.966	5.3289
3550.000000	86.829	3.6891
3600.000000	86.673	2.1631
3650.000000	86.502	0.7616
3700.000000	86.318	-0.5040
3750.000000	86.122	-1.6282
3820.000000	85.834	-2.9575
3870.000000	85.623	-3.7340
3950.000000	85.281	-4.6734
4000.000000	85.069	-5.0756
4060.000000	84.820	-5.3864
4120.000000	84.579	-5.5288
4180.000000	84.350	-5.5202
4250.000000	84.098	-5.3441
4310.000000	83.897	-5.0693
4370.000000	83.712	-4.7037
4440.000000	83.513	-4.1858
4500.000000	83.358	-3.6802
4550.000000	83.239	-3.2288
4620.000000	83.085	-2.5571
4680.000000	82.965	-1.9481
4750.000000	82.836	-1.1967
4820.000000	82.719	-0.3871
4870.000000	82.645	0.2332
4940.000000	82.559	1.1513
5000.000000	82.504	1.9553
5080.000000	82.458	2.9866
5150.000000	82.436	3.8035
5220.000000	82.425	4.5263
5300.000000	82.418	5.2524
5380.000000	82.411	5.9080
5450.000000	82.405	6.4517
5520.000000	82.398	6.9839
5600.000000	82.391	7.5896
5700.000000	82.386	8.3555
5800.000000	82.387	9.1441
5900.000000	82.397	9.9625
6000.000000	82.420	10.8029
6080.000000	82.448	11.4864
6150.000000	82.480	12.0934
6220.000000	82.520	12.7072
6300.000000	82.578	13.4129
6400.000000	82.667	14.2981
6500.000000	82.777	15.1852
6600.000000	82.913	16.0638
6700.000000	83.078	16.9215
6800.000000	83.276	17.7381
6900.000000	83.512	18.4858
7000.000000	83.791	19.1232
7100.000000	84.119	19.5943
7200.000000	84.500	19.8195
7300.000000	84.933	19.7086
7400.000000	85.418	19.1602
7500.000000	85.949	18.0738
7620.000000	86.643	15.9323
7750.000000	87.479	12.1729
7880.000000	88.300	6.0098
8000.000000	88.851	-1.8642
8120.000000	89.065	-11.1761
8250.000000	88.831	-21.7467
8380.000000	88.131	-31.4616
8500.000000	87.175	-38.7476
8620.000000	86.052	-44.0793
8750.000000	84.775	-47.7490
8850.000000	83.808	-49.2827
9000.000000	82.450	-49.9290
9120.000000	81.467	-49.3928
9250.000000	80.509	-48.0777
9380.000000	79.656	-46.2096
9500.000000	78.957	-44.1290
9620.000000	78.335	-41.7966
9750.000000	77.743	-39.0763
9880.000000	77.230	-36.2339
10000.000000	76.821	-33.5622
10150.000000	76.390	-30.2359
10300.000000	76.039	-27.0000
10440.000000	75.773	-24.1349
10600.000000	75.526	-21.1381
10750.000000	75.335	-18.6607
10900.000000	75.160	-16.5245
11060.000000	74.962	-14.5573
11200.000000	74.767	-12.9349
11380.000000	74.499	-10.8139
11500.000000	74.317	-9.4120
11720.000000	73.973	-6.8223
11800.000000	73.844	-5.8361
12060.000000	73.430	-2.4073
12200.000000	73.219	-0.4135
12410.000000	72.930	2.7851
12500.000000	72.822	4.2405
12650.000000	72.669	6.7737
12800.000000	72.556	9.4138
13150.000000	72.491	15.7038
13200.000000	72.507	16.5883
13400.000000	72.636	20.0084
13600.000000	72.869	23.1208
13800.000000	73.198	25.7602
14000.000000	73.599	27.8174
14300.000000	74.277	29.8305
14500.000000	74.764	30.6815
14750.000000	75.473	31.5098
15000.000000	76.424	31.4328
15250.000000	77.576	28.7152
15500.000000	78.679	22.2302
15750.000000	79.390	11.9060
16000.000000	79.350	-0.8234
16250.000000	78.374	-12.8845
16500.000000	76.597	-20.6123
16750.000000	74.584	-20.7141
17000.000000	73.554	-16.0139
17250.000000	73.312	-18.4591
17500.000000	72.213	-24.4025
17750.000000	70.472	-25.7614
18000.000000	68.881	-23.2661
18250.000000	67.663	-20.4419
18500.000000	66.578	-18.8658
18750.000000	65.384	-17.6393
19000.000000	64.082	-15.2994
19250.000000	62.820	-11.2822
19500.000000	61.742	-5.8916
19750.000000	60.948	0.2448
20000.000000	60.540	5.2921
