* Measurement data measured by REW V5.31.3
* Source: Microphone (JadeAudio JA11), MICROPHONE (Master Volume), R, volume: 0.250
* Format: 256k Log Swept Sine, 1 sweep at -8.9 dBFS with no timing reference
* Dated: Mar 23, 2025 5:27:30 AM
* REW Settings:
*  C-weighting compensation: Off
*  Target level: 75.0 dB
* Note: 
* Measurement: R Zero Blue 2 (5?, GateWide2)
* Smoothing: 1/24 octave
* Frequency Step: 1/48 octave
* Start Frequency: 20.000 Hz
*
* Freq(Hz)	SPL(dB)	Phase(degrees)
20.000000	93.681	170.8115
20.299999	93.676	170.3592
20.600000	93.669	169.9214
20.900000	93.660	169.4960
21.200001	93.648	169.0742
21.400000	93.639	168.7972
21.799999	93.616	168.2612
22.000000	93.603	167.9987
22.400000	93.573	167.4510
22.700001	93.549	167.0565
23.000000	93.523	166.6719
23.299999	93.497	166.2540
23.600000	93.470	165.8422
24.000000	93.434	165.3031
24.299999	93.407	164.8658
24.700001	93.370	164.2908
25.000000	93.343	163.8715
25.400000	93.309	163.2845
25.799999	93.275	162.7183
26.200001	93.245	162.1591
26.500000	93.223	161.7403
26.900000	93.196	161.1926
27.200001	93.175	160.7920
27.600000	93.148	160.2720
28.000000	93.121	159.7688
28.500000	93.088	159.1786
29.000000	93.054	158.6073
29.500000	93.017	158.0615
30.000000	92.977	157.5369
30.400000	92.942	157.1331
30.700001	92.916	156.8416
31.100000	92.880	156.4606
31.500000	92.843	156.0720
32.000000	92.797	155.5891
32.500000	92.748	155.0802
33.000000	92.697	154.5795
33.500000	92.646	154.0677
34.000000	92.595	153.5712
34.500000	92.545	153.0677
35.000000	92.497	152.5728
35.500000	92.450	152.0742
36.000000	92.403	151.5841
36.500000	92.355	151.1072
37.000000	92.307	150.6513
37.500000	92.259	150.2245
38.200001	92.194	149.6586
38.700001	92.149	149.2623
39.500000	92.076	148.6200
40.000000	92.027	148.2220
40.599998	91.966	147.7493
41.200001	91.904	147.2836
41.799999	91.841	146.8173
42.500000	91.767	146.2809
43.099998	91.704	145.8349
43.700001	91.643	145.3883
44.400002	91.570	144.8727
45.000000	91.506	144.4595
45.500000	91.455	144.1419
46.200001	91.389	143.7067
46.799999	91.334	143.3067
47.500000	91.262	142.8276
48.200001	91.185	142.3842
48.700001	91.130	142.0795
49.400002	91.054	141.6381
50.000000	90.985	141.2630
50.799999	90.896	140.7765
51.500000	90.823	140.3202
52.200001	90.747	139.8660
53.000000	90.673	139.3796
53.799999	90.612	138.7233
54.500000	90.524	138.0453
55.200001	90.403	137.6207
56.000000	90.295	137.5152
57.000000	90.224	137.2859
58.000000	90.139	136.8526
59.000000	90.045	136.4573
60.000000	89.942	136.0310
60.799999	89.853	135.7130
61.500000	89.777	135.4351
62.200001	89.700	135.1415
63.000000	89.611	134.8101
64.000000	89.504	134.4059
65.000000	89.398	134.0080
66.000000	89.294	133.6338
67.000000	89.190	133.2842
68.000000	89.087	132.9555
69.000000	88.983	132.6438
70.000000	88.878	132.3286
71.000000	88.770	132.0170
72.000000	88.663	131.7272
73.000000	88.558	131.4349
74.000000	88.453	131.1500
75.000000	88.349	130.8920
76.199997	88.226	130.5969
77.500000	88.091	130.3015
78.800003	87.956	130.0356
80.000000	87.834	129.8117
81.199997	87.715	129.5765
82.500000	87.584	129.3137
83.800003	87.451	129.0878
85.000000	87.330	128.9165
86.199997	87.212	128.7456
87.500000	87.083	128.5588
88.500000	86.983	128.4309
90.000000	86.834	128.2590
91.199997	86.715	128.1424
92.500000	86.589	128.0454
93.800003	86.465	127.9440
95.000000	86.348	127.8655
96.199997	86.231	127.8082
97.500000	86.105	127.7691
98.800003	85.984	127.7526
100.000000	85.877	127.7199
101.500000	85.740	127.6727
103.000000	85.602	127.6547
104.400002	85.475	127.6636
106.000000	85.335	127.6800
107.500000	85.204	127.6935
109.000000	85.071	127.7374
110.599998	84.932	127.8346
112.000000	84.814	127.9323
113.800003	84.663	128.0705
115.000000	84.565	128.1666
117.199997	84.386	128.3697
118.000000	84.322	128.4608
120.599998	84.121	128.7767
122.000000	84.012	128.9467
124.099998	83.848	129.2296
125.000000	83.780	129.3687
126.500000	83.672	129.5934
128.000000	83.565	129.8147
131.500000	83.319	130.3993
132.000000	83.285	130.4861
134.000000	83.146	130.8318
136.000000	83.012	131.1815
138.000000	82.885	131.5389
140.000000	82.761	131.9435
143.000000	82.596	132.6310
145.000000	82.483	133.0211
147.500000	82.338	133.5732
150.000000	82.210	134.1624
152.500000	82.090	134.7636
155.000000	81.974	135.3490
157.500000	81.859	135.9284
160.000000	81.750	136.5114
162.500000	81.646	137.1105
165.000000	81.548	137.7210
167.500000	81.456	138.3126
170.000000	81.370	138.9026
172.500000	81.288	139.4737
175.000000	81.208	140.0349
177.500000	81.133	140.6241
180.000000	81.064	141.2169
182.500000	80.998	141.8079
185.000000	80.937	142.3589
187.500000	80.877	142.8611
190.000000	80.817	143.3881
192.500000	80.762	143.9385
195.000000	80.711	144.4494
197.500000	80.663	144.9218
200.000000	80.619	145.4188
203.000000	80.573	146.0708
206.000000	80.535	146.6531
209.000000	80.499	147.1098
212.000000	80.450	147.6135
214.000000	80.418	148.0844
218.000000	80.368	148.7980
220.000000	80.345	149.0688
224.000000	80.305	149.6539
227.000000	80.272	150.1625
230.000000	80.239	150.6685
233.000000	80.206	151.1305
236.000000	80.177	151.5844
240.000000	80.149	152.1540
243.000000	80.130	152.6038
247.000000	80.106	153.1506
250.000000	80.090	153.5418
254.000000	80.070	153.9885
258.000000	80.045	154.3812
262.000000	80.020	154.7752
265.000000	80.001	155.0930
269.000000	79.981	155.5705
272.000000	79.976	155.9268
276.000000	79.970	156.3358
280.000000	79.950	156.6795
285.000000	79.928	157.0222
290.000000	79.912	157.4823
295.000000	79.904	157.9042
300.000000	79.894	158.2668
304.000000	79.881	158.5302
307.000000	79.868	158.7305
311.000000	79.851	158.9730
315.000000	79.840	159.1704
320.000000	79.821	159.4844
325.000000	79.799	159.8252
330.000000	79.782	160.0585
335.000000	79.763	160.2884
340.000000	79.741	160.5197
345.000000	79.716	160.7855
350.000000	79.692	161.0528
355.000000	79.669	161.3070
360.000000	79.642	161.5447
365.000000	79.617	161.7844
370.000000	79.592	162.0118
375.000000	79.568	162.2513
382.000000	79.533	162.5927
387.000000	79.508	162.8369
395.000000	79.470	163.2343
400.000000	79.449	163.4843
406.000000	79.424	163.7928
412.000000	79.402	164.0941
418.000000	79.381	164.3986
425.000000	79.359	164.7206
431.000000	79.341	164.9633
437.000000	79.323	165.1676
444.000000	79.298	165.3962
450.000000	79.273	165.5833
455.000000	79.250	165.7405
462.000000	79.215	165.9913
468.000000	79.186	166.2177
475.000000	79.151	166.4777
482.000000	79.116	166.7337
487.000000	79.090	166.9188
494.000000	79.053	167.1888
500.000000	79.022	167.4207
508.000000	78.983	167.7402
515.000000	78.947	168.0165
522.000000	78.911	168.3017
530.000000	78.870	168.6398
538.000000	78.830	168.9803
545.000000	78.795	169.2948
552.000000	78.761	169.6235
560.000000	78.723	169.9866
570.000000	78.676	170.4541
580.000000	78.632	170.9152
590.000000	78.588	171.3795
600.000000	78.542	171.8700
608.000000	78.508	172.2713
615.000000	78.479	172.6238
622.000000	78.452	172.9822
630.000000	78.423	173.3920
640.000000	78.387	173.9078
650.000000	78.349	174.4142
660.000000	78.312	174.9234
670.000000	78.275	175.4683
680.000000	78.239	176.0363
690.000000	78.207	176.6037
700.000000	78.177	177.1895
710.000000	78.149	177.7930
720.000000	78.124	178.4123
730.000000	78.102	179.0441
740.000000	78.086	179.6882
750.000000	78.074	-179.6664
762.000000	78.064	-178.8996
775.000000	78.058	-178.0788
788.000000	78.057	-177.2573
800.000000	78.058	-176.4919
812.000000	78.063	-175.7336
825.000000	78.073	-174.9070
838.000000	78.087	-174.0791
850.000000	78.106	-173.3216
862.000000	78.130	-172.5736
875.000000	78.161	-171.7687
885.000000	78.188	-171.1506
900.000000	78.236	-170.2366
912.000000	78.279	-169.5195
925.000000	78.330	-168.7655
938.000000	78.388	-168.0293
950.000000	78.444	-167.3684
962.000000	78.505	-166.7364
975.000000	78.575	-166.0843
988.000000	78.650	-165.4583
1000.000000	78.721	-164.9137
1015.000000	78.814	-164.2768
1030.000000	78.909	-163.6874
1044.000000	79.000	-163.1877
1060.000000	79.106	-162.6624
1075.000000	79.206	-162.2214
1090.000000	79.306	-161.8298
1106.000000	79.413	-161.4596
1120.000000	79.504	-161.1800
1138.000000	79.618	-160.8698
1150.000000	79.692	-160.6902
1172.000000	79.822	-160.4119
1180.000000	79.868	-160.3235
1206.000000	80.010	-160.0874
1220.000000	80.081	-159.9836
1241.000000	80.183	-159.8488
1250.000000	80.225	-159.7959
1265.000000	80.292	-159.7100
1280.000000	80.355	-159.6303
1315.000000	80.493	-159.4546
1320.000000	80.512	-159.4289
1340.000000	80.585	-159.3241
1360.000000	80.655	-159.2144
1380.000000	80.722	-159.0993
1400.000000	80.788	-158.9767
1430.000000	80.882	-158.7771
1450.000000	80.942	-158.6367
1475.000000	81.013	-158.4313
1500.000000	81.086	-158.1765
1525.000000	81.163	-157.8791
1550.000000	81.250	-157.5624
1575.000000	81.344	-157.2523
1600.000000	81.448	-156.9703
1625.000000	81.557	-156.7238
1650.000000	81.671	-156.5275
1675.000000	81.789	-156.3887
1700.000000	81.907	-156.3144
1725.000000	82.025	-156.3071
1750.000000	82.140	-156.3563
1775.000000	82.248	-156.4501
1800.000000	82.351	-156.5779
1825.000000	82.447	-156.7303
1850.000000	82.539	-156.8967
1875.000000	82.625	-157.0721
1900.000000	82.705	-157.2481
1925.000000	82.781	-157.4187
1950.000000	82.853	-157.5829
1975.000000	82.921	-157.7353
2000.000000	82.987	-157.8720
2030.000000	83.064	-158.0094
2060.000000	83.141	-158.1185
2090.000000	83.221	-158.2138
2120.000000	83.303	-158.3059
2140.000000	83.359	-158.3684
2180.000000	83.473	-158.5040
2200.000000	83.531	-158.5775
2240.000000	83.647	-158.7374
2270.000000	83.735	-158.8688
2300.000000	83.825	-159.0087
2330.000000	83.917	-159.1671
2360.000000	84.010	-159.3480
2400.000000	84.135	-159.6206
2430.000000	84.228	-159.8504
2470.000000	84.353	-160.1898
2500.000000	84.447	-160.4677
2540.000000	84.571	-160.8808
2580.000000	84.693	-161.3309
2620.000000	84.814	-161.8241
2650.000000	84.904	-162.2244
2690.000000	85.020	-162.7989
2720.000000	85.106	-163.2572
2760.000000	85.216	-163.9005
2800.000000	85.323	-164.5839
2850.000000	85.450	-165.4996
2900.000000	85.569	-166.4845
2950.000000	85.679	-167.5330
3000.000000	85.777	-168.6364
3040.000000	85.847	-169.5520
3070.000000	85.894	-170.2552
3110.000000	85.950	-171.2112
3150.000000	85.996	-172.1867
3200.000000	86.043	-173.4208
3250.000000	86.075	-174.6682
3300.000000	86.093	-175.9128
3350.000000	86.099	-177.1457
3400.000000	86.094	-178.3733
3450.000000	86.075	-179.5836
3500.000000	86.043	179.2289
3550.000000	86.000	178.0796
3600.000000	85.947	176.9746
3650.000000	85.885	175.9088
3700.000000	85.815	174.8886
3750.000000	85.738	173.9095
3820.000000	85.617	172.6140
3870.000000	85.524	171.7428
3950.000000	85.363	170.4539
4000.000000	85.257	169.7141
4060.000000	85.125	168.8907
4120.000000	84.988	168.1402
4180.000000	84.848	167.4521
4250.000000	84.682	166.7362
4310.000000	84.537	166.1979
4370.000000	84.392	165.7159
4440.000000	84.223	165.2215
4500.000000	84.079	164.8501
4550.000000	83.958	164.5765
4620.000000	83.790	164.2479
4680.000000	83.648	164.0126
4750.000000	83.482	163.7938
4820.000000	83.319	163.6252
4870.000000	83.204	163.5360
4940.000000	83.045	163.4540
5000.000000	82.910	163.4162
5080.000000	82.734	163.4130
5150.000000	82.582	163.4532
5220.000000	82.433	163.5283
5300.000000	82.266	163.6655
5380.000000	82.103	163.8490
5450.000000	81.964	164.0475
5520.000000	81.828	164.2825
5600.000000	81.676	164.5893
5700.000000	81.494	165.0363
5800.000000	81.320	165.5531
5900.000000	81.155	166.1453
6000.000000	81.001	166.7899
6080.000000	80.885	167.3484
6150.000000	80.790	167.8844
6220.000000	80.703	168.4556
6300.000000	80.614	169.1385
6400.000000	80.517	170.0259
6500.000000	80.435	170.9477
6600.000000	80.370	171.9077
6700.000000	80.323	172.9002
6800.000000	80.297	173.9284
6900.000000	80.295	174.9876
7000.000000	80.319	176.0613
7100.000000	80.372	177.1183
7200.000000	80.453	178.1098
7300.000000	80.560	179.0224
7400.000000	80.690	179.8743
7500.000000	80.849	-179.3464
7620.000000	81.079	-178.5440
7750.000000	81.375	-177.9088
7880.000000	81.721	-177.5485
8000.000000	82.085	-177.5277
8120.000000	82.493	-177.8475
8250.000000	82.988	-178.6391
8380.000000	83.552	179.9257
8500.000000	84.132	177.7810
8620.000000	84.756	174.5386
8750.000000	85.429	169.3468
8850.000000	85.872	163.9207
9000.000000	86.222	153.5515
9120.000000	86.081	144.1478
9250.000000	85.445	134.2806
9380.000000	84.386	126.0905
9500.000000	83.177	120.6950
9620.000000	81.894	117.3906
9750.000000	80.530	115.7503
9880.000000	79.249	115.6507
10000.000000	78.160	116.5668
10150.000000	76.929	118.6670
10300.000000	75.831	121.5244
10440.000000	74.916	124.6703
10600.000000	73.982	128.6346
10750.000000	73.200	132.5769
10900.000000	72.492	136.7020
11060.000000	71.811	141.2593
11200.000000	71.272	145.3552
11380.000000	70.651	150.7341
11500.000000	70.277	154.3659
11720.000000	69.664	161.0855
11800.000000	69.464	163.5458
12060.000000	68.899	171.5671
12200.000000	68.645	175.8927
12410.000000	68.326	-177.6339
12500.000000	68.212	-174.8631
12650.000000	68.054	-170.2624
12800.000000	67.938	-165.7060
13150.000000	67.821	-155.2623
13200.000000	67.823	-153.7950
13400.000000	67.880	-148.0203
13600.000000	68.016	-142.4503
13800.000000	68.235	-137.0906
14000.000000	68.540	-131.9540
14300.000000	69.159	-124.6763
14500.000000	69.705	-120.1423
14750.000000	70.556	-114.9318
15000.000000	71.616	-110.3652
15250.000000	72.923	-106.6277
15500.000000	74.524	-104.0990
15750.000000	76.472	-103.4844
16000.000000	78.777	-106.1131
16250.000000	81.258	-113.9114
16500.000000	83.417	-128.3050
16750.000000	84.584	-148.0186
17000.000000	84.433	-168.5016
17250.000000	83.273	174.7265
17500.000000	81.693	162.8429
17750.000000	80.068	154.5650
18000.000000	78.471	148.4071
18250.000000	76.829	143.6968
18500.000000	75.077	140.4680
18750.000000	73.207	139.0146
19000.000000	71.250	139.5703
19250.000000	69.265	142.2132
19500.000000	67.314	146.8713
19750.000000	65.538	153.1478
20000.000000	64.431	158.7015
