* Measurement data measured by REW V5.31.3
* Source: Microphone (JadeAudio JA11), MICROPHONE (Master Volume), L, volume: 0.250
* Format: 512k Log Swept Sine, 1 sweep at -8.9 dBFS with no timing reference
* Dated: Jul 3, 2025 7:04:12 PM
* REW Settings:
*  C-weighting compensation: Off
*  Target level: 75.0 dB
* Note: 
* Measurement: L Hexa (DVP, Crystal 2) IMBA
* Smoothing: 1/24 octave
* Frequency Step: 1/48 octave
* Start Frequency: 20.300 Hz
*
* Freq(Hz)	SPL(dB)	Phase(degrees)
20.299999	95.170	174.4543
20.600000	95.181	174.0128
20.900000	95.189	173.5147
21.200001	95.195	173.0246
21.400000	95.197	172.7068
21.799999	95.201	172.0954
22.000000	95.200	171.7962
22.400000	95.191	171.1602
22.700001	95.179	170.6875
23.000000	95.165	170.2137
23.299999	95.149	169.6982
23.600000	95.134	169.1856
24.000000	95.116	168.5155
24.299999	95.102	167.9810
24.700001	95.083	167.2834
25.000000	95.068	166.7746
25.400000	95.050	166.0663
25.799999	95.033	165.3800
26.200001	95.018	164.7044
26.500000	95.009	164.2026
26.900000	94.997	163.5509
27.200001	94.988	163.0759
27.600000	94.977	162.4586
28.000000	94.966	161.8579
28.500000	94.953	161.1426
29.000000	94.939	160.4488
29.500000	94.921	159.7841
30.000000	94.902	159.1403
30.400000	94.884	158.6360
30.700001	94.869	158.2657
31.100000	94.849	157.7768
31.500000	94.826	157.2829
32.000000	94.795	156.6789
32.500000	94.762	156.0563
33.000000	94.728	155.4480
33.500000	94.695	154.8251
34.000000	94.662	154.2109
34.500000	94.629	153.5878
35.000000	94.598	152.9755
35.500000	94.568	152.3686
36.000000	94.539	151.7760
36.500000	94.509	151.1926
37.000000	94.480	150.6140
37.500000	94.451	150.0460
38.200001	94.413	149.2716
38.700001	94.385	148.7405
39.500000	94.333	147.9144
40.000000	94.298	147.4106
40.599998	94.257	146.8123
41.200001	94.218	146.2267
41.799999	94.178	145.6408
42.500000	94.129	144.9510
43.099998	94.087	144.3633
43.700001	94.045	143.7754
44.400002	93.992	143.0909
45.000000	93.946	142.5081
45.500000	93.911	142.0337
46.200001	93.868	141.3968
46.799999	93.832	140.8675
47.500000	93.787	140.2496
48.200001	93.739	139.6311
48.700001	93.706	139.1970
49.400002	93.658	138.6043
50.000000	93.616	138.1072
50.799999	93.559	137.4449
51.500000	93.512	136.8705
52.200001	93.466	136.2964
53.000000	93.409	135.6390
53.799999	93.359	135.0215
54.500000	93.326	134.5234
55.200001	93.284	133.9975
56.000000	93.217	133.3294
57.000000	93.134	132.5156
58.000000	93.066	131.7622
59.000000	92.998	131.0204
60.000000	92.932	130.3119
60.799999	92.879	129.7465
61.500000	92.834	129.2503
62.200001	92.789	128.7593
63.000000	92.736	128.2041
64.000000	92.669	127.5190
65.000000	92.602	126.8433
66.000000	92.536	126.1758
67.000000	92.471	125.5182
68.000000	92.407	124.8666
69.000000	92.343	124.2189
70.000000	92.279	123.5796
71.000000	92.215	122.9609
72.000000	92.151	122.3527
73.000000	92.088	121.7414
74.000000	92.026	121.1395
75.000000	91.964	120.5545
76.199997	91.890	119.8565
77.500000	91.811	119.1052
78.800003	91.733	118.3612
80.000000	91.663	117.6750
81.199997	91.593	116.9963
82.500000	91.516	116.2789
83.800003	91.441	115.5724
85.000000	91.372	114.9391
86.199997	91.303	114.3099
87.500000	91.229	113.6333
88.500000	91.173	113.1225
90.000000	91.090	112.3604
91.199997	91.024	111.7532
92.500000	90.952	111.0989
93.800003	90.882	110.4459
95.000000	90.819	109.8628
96.199997	90.757	109.2963
97.500000	90.690	108.6798
98.800003	90.622	108.0657
100.000000	90.561	107.5054
101.500000	90.485	106.8064
103.000000	90.410	106.1238
104.400002	90.340	105.4910
106.000000	90.260	104.7873
107.500000	90.188	104.1447
109.000000	90.115	103.4958
110.599998	90.039	102.8072
112.000000	89.974	102.2119
113.800003	89.891	101.4525
115.000000	89.837	100.9565
117.199997	89.737	100.0710
118.000000	89.700	99.7535
120.599998	89.587	98.7351
122.000000	89.527	98.1899
124.099998	89.438	97.3732
125.000000	89.401	97.0291
126.500000	89.339	96.4594
128.000000	89.277	95.8975
131.500000	89.135	94.6010
132.000000	89.116	94.4178
134.000000	89.038	93.6957
136.000000	88.960	92.9808
138.000000	88.882	92.2858
140.000000	88.806	91.6131
143.000000	88.696	90.6033
145.000000	88.622	89.9466
147.500000	88.533	89.1338
150.000000	88.446	88.3415
152.500000	88.360	87.5636
155.000000	88.281	86.8067
157.500000	88.206	86.0637
160.000000	88.134	85.3114
162.500000	88.064	84.5546
165.000000	87.995	83.7853
167.500000	87.922	83.0206
170.000000	87.844	82.3057
172.500000	87.770	81.6403
175.000000	87.707	80.9931
177.500000	87.649	80.3040
180.000000	87.586	79.5618
182.500000	87.520	78.8035
185.000000	87.450	78.0824
187.500000	87.382	77.3818
190.000000	87.311	76.6865
192.500000	87.238	76.0550
195.000000	87.168	75.4756
197.500000	87.104	74.9009
200.000000	87.042	74.3472
203.000000	86.971	73.7051
206.000000	86.900	73.0133
209.000000	86.834	72.3632
212.000000	86.781	71.8427
214.000000	86.752	71.4693
218.000000	86.704	70.5761
220.000000	86.676	70.0635
224.000000	86.610	69.0209
227.000000	86.553	68.2554
230.000000	86.492	67.5438
233.000000	86.427	66.8731
236.000000	86.363	66.2240
240.000000	86.279	65.3977
243.000000	86.216	64.7942
247.000000	86.136	64.0145
250.000000	86.077	63.4479
254.000000	86.000	62.7118
258.000000	85.924	62.0170
262.000000	85.851	61.3298
265.000000	85.799	60.8123
269.000000	85.733	60.1472
272.000000	85.684	59.6671
276.000000	85.619	59.0414
280.000000	85.554	58.4258
285.000000	85.475	57.6696
290.000000	85.398	56.9480
295.000000	85.322	56.2522
300.000000	85.247	55.5829
304.000000	85.189	55.0621
307.000000	85.146	54.6753
311.000000	85.090	54.1715
315.000000	85.036	53.6823
320.000000	84.970	53.0826
325.000000	84.906	52.5004
330.000000	84.843	51.9399
335.000000	84.783	51.3928
340.000000	84.724	50.8711
345.000000	84.667	50.3613
350.000000	84.611	49.8643
355.000000	84.555	49.3897
360.000000	84.500	48.9297
365.000000	84.446	48.4818
370.000000	84.393	48.0529
375.000000	84.342	47.6338
382.000000	84.271	47.0745
387.000000	84.223	46.6931
395.000000	84.148	46.1086
400.000000	84.102	45.7570
406.000000	84.048	45.3588
412.000000	83.997	44.9813
418.000000	83.949	44.6150
425.000000	83.895	44.1955
431.000000	83.850	43.8427
437.000000	83.806	43.4930
444.000000	83.756	43.1012
450.000000	83.713	42.7852
455.000000	83.677	42.5346
462.000000	83.628	42.2058
468.000000	83.586	41.9406
475.000000	83.541	41.6451
482.000000	83.495	41.3624
487.000000	83.463	41.1689
494.000000	83.418	40.9112
500.000000	83.382	40.7054
508.000000	83.333	40.4559
515.000000	83.292	40.2565
522.000000	83.251	40.0746
530.000000	83.207	39.8868
538.000000	83.165	39.7206
545.000000	83.129	39.5914
552.000000	83.096	39.4809
560.000000	83.060	39.3789
570.000000	83.019	39.2771
580.000000	82.984	39.1922
590.000000	82.954	39.1164
600.000000	82.927	39.0339
608.000000	82.908	38.9640
615.000000	82.891	38.9030
622.000000	82.874	38.8442
630.000000	82.853	38.7802
640.000000	82.827	38.7216
650.000000	82.802	38.6881
660.000000	82.778	38.6763
670.000000	82.755	38.6827
680.000000	82.734	38.7040
690.000000	82.715	38.7388
700.000000	82.697	38.7935
710.000000	82.679	38.8689
720.000000	82.662	38.9658
730.000000	82.647	39.0832
740.000000	82.635	39.2241
750.000000	82.626	39.3861
762.000000	82.618	39.6005
775.000000	82.615	39.8552
788.000000	82.616	40.1330
800.000000	82.623	40.4098
812.000000	82.634	40.6933
825.000000	82.653	41.0124
838.000000	82.677	41.3419
850.000000	82.704	41.6522
862.000000	82.736	41.9629
875.000000	82.777	42.2972
885.000000	82.813	42.5538
900.000000	82.873	42.9315
912.000000	82.926	43.2224
925.000000	82.988	43.5207
938.000000	83.055	43.8008
950.000000	83.122	44.0398
962.000000	83.193	44.2558
975.000000	83.272	44.4619
988.000000	83.354	44.6405
1000.000000	83.433	44.7760
1015.000000	83.535	44.9031
1030.000000	83.638	44.9801
1044.000000	83.736	45.0062
1060.000000	83.849	44.9835
1075.000000	83.953	44.9091
1090.000000	84.057	44.7845
1106.000000	84.165	44.6016
1120.000000	84.256	44.3986
1138.000000	84.367	44.0829
1150.000000	84.437	43.8416
1172.000000	84.555	43.3446
1180.000000	84.594	43.1511
1206.000000	84.710	42.4869
1220.000000	84.764	42.1098
1241.000000	84.833	41.5220
1250.000000	84.859	41.2648
1265.000000	84.896	40.8352
1280.000000	84.925	40.4139
1315.000000	84.969	39.4929
1320.000000	84.973	39.3702
1340.000000	84.983	38.9071
1360.000000	84.986	38.4916
1380.000000	84.982	38.1225
1400.000000	84.973	37.8050
1430.000000	84.952	37.4318
1450.000000	84.936	37.2484
1475.000000	84.915	37.0910
1500.000000	84.894	37.0066
1525.000000	84.875	36.9835
1550.000000	84.860	37.0180
1575.000000	84.848	37.1037
1600.000000	84.840	37.2352
1625.000000	84.836	37.4035
1650.000000	84.837	37.6048
1675.000000	84.842	37.8347
1700.000000	84.850	38.0924
1725.000000	84.864	38.3705
1750.000000	84.882	38.6698
1775.000000	84.904	38.9838
1800.000000	84.930	39.3112
1825.000000	84.959	39.6505
1850.000000	84.993	39.9985
1875.000000	85.031	40.3538
1900.000000	85.074	40.7166
1925.000000	85.120	41.0871
1950.000000	85.170	41.4640
1975.000000	85.223	41.8443
2000.000000	85.280	42.2259
2030.000000	85.353	42.6857
2060.000000	85.432	43.1447
2090.000000	85.516	43.6039
2120.000000	85.604	44.0620
2140.000000	85.667	44.3675
2180.000000	85.798	44.9794
2200.000000	85.868	45.2852
2240.000000	86.017	45.8888
2270.000000	86.136	46.3381
2300.000000	86.263	46.7794
2330.000000	86.397	47.2102
2360.000000	86.539	47.6241
2400.000000	86.741	48.1453
2430.000000	86.902	48.5091
2470.000000	87.131	48.9426
2500.000000	87.314	49.2178
2540.000000	87.574	49.4946
2580.000000	87.851	49.6355
2620.000000	88.142	49.6019
2650.000000	88.366	49.4383
2690.000000	88.667	49.0126
2720.000000	88.889	48.5340
2760.000000	89.172	47.6950
2800.000000	89.435	46.6557
2850.000000	89.730	45.1438
2900.000000	89.988	43.4649
2950.000000	90.211	41.6709
3000.000000	90.406	39.7849
3040.000000	90.543	38.2073
3070.000000	90.635	36.9801
3110.000000	90.742	35.2822
3150.000000	90.829	33.5086
3200.000000	90.905	31.1939
3250.000000	90.940	28.7923
3300.000000	90.925	26.3399
3350.000000	90.855	23.8960
3400.000000	90.726	21.5372
3450.000000	90.537	19.3611
3500.000000	90.289	17.4772
3550.000000	89.989	16.0047
3600.000000	89.654	15.0649
3650.000000	89.306	14.7526
3700.000000	88.976	15.1174
3750.000000	88.695	16.1294
3820.000000	88.446	18.3741
3870.000000	88.400	20.2563
3950.000000	88.559	23.0050
4000.000000	88.771	24.2025
4060.000000	89.087	24.9045
4120.000000	89.421	24.8037
4180.000000	89.733	23.9967
4250.000000	90.029	22.3604
4310.000000	90.208	20.5811
4370.000000	90.315	18.6372
4440.000000	90.358	16.3480
4500.000000	90.334	14.4795
4550.000000	90.281	13.0311
4620.000000	90.165	11.2047
4680.000000	90.038	9.8378
4750.000000	89.864	8.4776
4820.000000	89.670	7.3777
4870.000000	89.523	6.7572
4940.000000	89.312	6.1245
5000.000000	89.133	5.7980
5080.000000	88.909	5.6409
5150.000000	88.735	5.6961
5220.000000	88.584	5.8483
5300.000000	88.433	6.0689
5380.000000	88.297	6.3166
5450.000000	88.185	6.5640
5520.000000	88.078	6.8539
5600.000000	87.964	7.2449
5700.000000	87.833	7.8314
5800.000000	87.720	8.5282
5900.000000	87.628	9.3223
6000.000000	87.559	10.1989
6080.000000	87.521	10.9504
6150.000000	87.502	11.6377
6220.000000	87.497	12.3465
6300.000000	87.510	13.1765
6400.000000	87.556	14.2331
6500.000000	87.636	15.2918
6600.000000	87.755	16.3216
6700.000000	87.916	17.2846
6800.000000	88.122	18.1481
6900.000000	88.374	18.8715
7000.000000	88.677	19.3963
7100.000000	89.032	19.6474
7200.000000	89.441	19.5282
7300.000000	89.900	18.9293
7400.000000	90.402	17.7280
7500.000000	90.933	15.7895
7620.000000	91.577	12.2851
7750.000000	92.217	6.8367
7880.000000	92.681	-0.3936
8000.000000	92.835	-8.1473
8120.000000	92.716	-16.1466
8250.000000	92.307	-24.7519
8380.000000	91.561	-32.7378
8500.000000	90.611	-38.6515
8620.000000	89.531	-42.7936
8750.000000	88.334	-45.4465
8850.000000	87.441	-46.4183
9000.000000	86.188	-46.5170
9120.000000	85.274	-45.6880
9250.000000	84.381	-44.1296
9380.000000	83.582	-42.0842
9500.000000	82.923	-39.8821
9620.000000	82.333	-37.4487
9750.000000	81.767	-34.6227
9880.000000	81.270	-31.6542
10000.000000	80.870	-28.8358
10150.000000	80.444	-25.2726
10300.000000	80.095	-21.7259
10440.000000	79.832	-18.4918
10600.000000	79.596	-14.9504
10750.000000	79.429	-11.8305
10900.000000	79.304	-8.9504
11060.000000	79.204	-6.1832
11200.000000	79.132	-4.0134
11380.000000	79.047	-1.5002
11500.000000	78.993	-0.0005
11720.000000	78.876	2.4143
11800.000000	78.824	3.2283
12060.000000	78.624	5.8736
12200.000000	78.508	7.3959
12410.000000	78.345	9.8846
12500.000000	78.286	11.0337
12650.000000	78.209	13.0517
12800.000000	78.170	15.1844
13150.000000	78.281	20.3834
13200.000000	78.325	21.1082
13400.000000	78.573	23.8229
13600.000000	78.924	26.1312
13800.000000	79.367	27.9709
14000.000000	79.896	29.2878
14300.000000	80.855	30.1121
14500.000000	81.614	29.6551
14750.000000	82.679	27.3534
15000.000000	83.789	22.3568
15250.000000	84.748	13.8901
15500.000000	85.203	2.0742
15750.000000	84.851	-10.9347
16000.000000	83.727	-22.1487
16250.000000	82.123	-30.0518
16500.000000	80.279	-34.7119
16750.000000	78.269	-36.1658
17000.000000	76.168	-32.9785
17250.000000	74.606	-22.8952
17500.000000	74.638	-14.4852
17750.000000	74.856	-17.9202
18000.000000	73.991	-22.8989
18250.000000	72.679	-23.4917
18500.000000	71.566	-21.2922
18750.000000	70.806	-18.7478
19000.000000	70.306	-17.0023
19250.000000	69.949	-16.1318
19500.000000	69.691	-15.9507
19750.000000	69.514	-16.4793
20000.000000	69.418	-17.3950
