* Measurement data measured by REW V5.31.3
* Source: Microphone (JadeAudio JA11), MICROPHONE (Master Volume), L, volume: 0.250
* Format: 512k Log Swept Sine, 1 sweep at -14.9 dBFS with no timing reference
* Dated: Oct 28, 2025 8:33:35 PM
* REW Settings:
*  C-weighting compensation: Off
*  Target level: 75.0 dB
* Note: 
* Measurement: L Pure (Crystal 2, 2 Gray)
* Smoothing: 1/24 octave
* Frequency Step: 1/48 octave
* Start Frequency: 20.300 Hz
*
* Freq(Hz)	SPL(dB)	Phase(degrees)
20.299999	89.544	172.2036
20.600000	89.534	172.0144
20.900000	89.521	171.7873
21.200001	89.506	171.5669
21.400000	89.496	171.4275
21.799999	89.472	171.1701
22.000000	89.459	171.0478
22.400000	89.427	170.7704
22.700001	89.401	170.5752
23.000000	89.375	170.3887
23.299999	89.348	170.1693
23.600000	89.322	169.9584
24.000000	89.286	169.6910
24.299999	89.258	169.4546
24.700001	89.221	169.1472
25.000000	89.194	168.9269
25.400000	89.161	168.6006
25.799999	89.131	168.2931
26.200001	89.103	167.9903
26.500000	89.084	167.7623
26.900000	89.059	167.4679
27.200001	89.041	167.2570
27.600000	89.019	166.9908
28.000000	88.999	166.7429
28.500000	88.976	166.4715
29.000000	88.951	166.2216
29.500000	88.925	165.9983
30.000000	88.896	165.7944
30.400000	88.871	165.6412
30.700001	88.852	165.5334
31.100000	88.825	165.3926
31.500000	88.796	165.2441
32.000000	88.759	165.0689
32.500000	88.721	164.8729
33.000000	88.685	164.6889
33.500000	88.649	164.4888
34.000000	88.614	164.2999
34.500000	88.580	164.1086
35.000000	88.548	163.9309
35.500000	88.517	163.7499
36.000000	88.486	163.5669
36.500000	88.456	163.3826
37.000000	88.428	163.2065
37.500000	88.402	163.0525
38.200001	88.367	162.8660
38.700001	88.341	162.7488
39.500000	88.293	162.5633
40.000000	88.261	162.4451
40.599998	88.221	162.3065
41.200001	88.186	162.2066
41.799999	88.155	162.1413
42.500000	88.117	162.0453
43.099998	88.079	161.9053
43.700001	88.039	161.7305
44.400002	87.995	161.5539
45.000000	87.962	161.4370
45.500000	87.935	161.3488
46.200001	87.899	161.2308
46.799999	87.869	161.1380
47.500000	87.832	161.0332
48.200001	87.796	160.9327
48.700001	87.770	160.8712
49.400002	87.736	160.7964
50.000000	87.706	160.7308
50.799999	87.664	160.6292
51.500000	87.629	160.5469
52.200001	87.595	160.4767
53.000000	87.556	160.4030
53.799999	87.518	160.3326
54.500000	87.485	160.2773
55.200001	87.452	160.2322
56.000000	87.416	160.1853
57.000000	87.371	160.1054
58.000000	87.327	160.0244
59.000000	87.262	159.8626
60.000000	87.189	159.6665
60.799999	87.167	159.6902
61.500000	87.160	159.7851
62.200001	87.142	159.8184
63.000000	87.111	159.7893
64.000000	87.073	159.7698
65.000000	87.031	159.7514
66.000000	86.990	159.7271
67.000000	86.950	159.7086
68.000000	86.912	159.6977
69.000000	86.877	159.6895
70.000000	86.841	159.6726
71.000000	86.803	159.6568
72.000000	86.767	159.6493
73.000000	86.732	159.6519
74.000000	86.698	159.6586
75.000000	86.663	159.6587
76.199997	86.622	159.6684
77.500000	86.579	159.6844
78.800003	86.536	159.6880
80.000000	86.499	159.7089
81.199997	86.461	159.7253
82.500000	86.420	159.7479
83.800003	86.381	159.7760
85.000000	86.344	159.8024
86.199997	86.308	159.8333
87.500000	86.270	159.8676
88.500000	86.241	159.8913
90.000000	86.199	159.9333
91.199997	86.167	159.9736
92.500000	86.133	160.0125
93.800003	86.098	160.0517
95.000000	86.066	160.0828
96.199997	86.036	160.1282
97.500000	86.003	160.1881
98.800003	85.971	160.2428
100.000000	85.943	160.2885
101.500000	85.909	160.3504
103.000000	85.875	160.4140
104.400002	85.844	160.4688
106.000000	85.809	160.5377
107.500000	85.776	160.6055
109.000000	85.744	160.6633
110.599998	85.713	160.7164
112.000000	85.685	160.7685
113.800003	85.650	160.8378
115.000000	85.627	160.8834
117.199997	85.585	160.9691
118.000000	85.570	160.9966
120.599998	85.520	161.0888
122.000000	85.493	161.1394
124.099998	85.454	161.2109
125.000000	85.438	161.2458
126.500000	85.413	161.3058
128.000000	85.387	161.3636
131.500000	85.324	161.5103
132.000000	85.315	161.5291
134.000000	85.281	161.6090
136.000000	85.247	161.7240
138.000000	85.211	161.8563
140.000000	85.177	162.0268
143.000000	85.135	162.2772
145.000000	85.117	162.4373
147.500000	85.098	162.5917
150.000000	85.079	162.6363
152.500000	85.058	162.7216
155.000000	85.035	162.8481
157.500000	85.010	162.9377
160.000000	84.977	163.0257
162.500000	84.942	163.1366
165.000000	84.906	163.2792
167.500000	84.871	163.4418
170.000000	84.842	163.6361
172.500000	84.821	163.8354
175.000000	84.810	163.9909
177.500000	84.802	164.0372
180.000000	84.790	164.0350
182.500000	84.775	164.0605
185.000000	84.756	164.0509
187.500000	84.729	164.0556
190.000000	84.697	164.0867
192.500000	84.667	164.1324
195.000000	84.638	164.1854
197.500000	84.609	164.2381
200.000000	84.581	164.3055
203.000000	84.553	164.4061
206.000000	84.529	164.5154
209.000000	84.507	164.6287
212.000000	84.491	164.7340
214.000000	84.483	164.7936
218.000000	84.468	164.8676
220.000000	84.459	164.8928
224.000000	84.438	164.9468
227.000000	84.419	164.9926
230.000000	84.400	165.0444
233.000000	84.380	165.0973
236.000000	84.359	165.1502
240.000000	84.333	165.2273
243.000000	84.313	165.2938
247.000000	84.285	165.3795
250.000000	84.265	165.4453
254.000000	84.235	165.5272
258.000000	84.204	165.6191
262.000000	84.174	165.7162
265.000000	84.151	165.7871
269.000000	84.119	165.8901
272.000000	84.095	165.9792
276.000000	84.067	166.1124
280.000000	84.042	166.2561
285.000000	84.018	166.3934
290.000000	83.990	166.4834
295.000000	83.958	166.5575
300.000000	83.924	166.6481
304.000000	83.898	166.7370
307.000000	83.878	166.8020
311.000000	83.852	166.8873
315.000000	83.827	166.9784
320.000000	83.797	167.0966
325.000000	83.768	167.2159
330.000000	83.739	167.3336
335.000000	83.710	167.4486
340.000000	83.682	167.5573
345.000000	83.654	167.6644
350.000000	83.625	167.7715
355.000000	83.595	167.8828
360.000000	83.566	167.9946
365.000000	83.536	168.1087
370.000000	83.507	168.2249
375.000000	83.478	168.3405
382.000000	83.438	168.5068
387.000000	83.410	168.6263
395.000000	83.364	168.8254
400.000000	83.336	168.9566
406.000000	83.302	169.1099
412.000000	83.269	169.2632
418.000000	83.235	169.4279
425.000000	83.197	169.6199
431.000000	83.164	169.7888
437.000000	83.132	169.9602
444.000000	83.096	170.1553
450.000000	83.064	170.3243
455.000000	83.037	170.4670
462.000000	83.000	170.6700
468.000000	82.969	170.8490
475.000000	82.932	171.0623
482.000000	82.896	171.2812
487.000000	82.871	171.4404
494.000000	82.836	171.6657
500.000000	82.806	171.8624
508.000000	82.768	172.1298
515.000000	82.736	172.3700
522.000000	82.704	172.6157
530.000000	82.669	172.9004
538.000000	82.634	173.1856
545.000000	82.603	173.4339
552.000000	82.572	173.6858
560.000000	82.537	173.9780
570.000000	82.493	174.3514
580.000000	82.449	174.7365
590.000000	82.407	175.1357
600.000000	82.364	175.5448
608.000000	82.331	175.8789
615.000000	82.303	176.1785
622.000000	82.275	176.4854
630.000000	82.244	176.8435
640.000000	82.208	177.2978
650.000000	82.174	177.7613
660.000000	82.142	178.2368
670.000000	82.110	178.7271
680.000000	82.080	179.2268
690.000000	82.052	179.7338
700.000000	82.025	-179.7471
710.000000	82.000	-179.2210
720.000000	81.978	-178.6828
730.000000	81.958	-178.1365
740.000000	81.940	-177.5854
750.000000	81.926	-177.0250
762.000000	81.911	-176.3400
775.000000	81.898	-175.5894
788.000000	81.890	-174.8292
800.000000	81.884	-174.1222
812.000000	81.879	-173.4150
825.000000	81.877	-172.6426
838.000000	81.879	-171.8672
850.000000	81.886	-171.1514
862.000000	81.899	-170.4420
875.000000	81.917	-169.6853
885.000000	81.933	-169.1119
900.000000	81.963	-168.2650
912.000000	81.989	-167.5985
925.000000	82.021	-166.8853
938.000000	82.058	-166.1784
950.000000	82.095	-165.5301
962.000000	82.137	-164.8914
975.000000	82.188	-164.2130
988.000000	82.244	-163.5521
1000.000000	82.297	-162.9659
1015.000000	82.366	-162.2764
1030.000000	82.438	-161.6391
1044.000000	82.507	-161.0874
1060.000000	82.590	-160.5111
1075.000000	82.669	-160.0205
1090.000000	82.748	-159.5809
1106.000000	82.832	-159.1621
1120.000000	82.905	-158.8377
1138.000000	82.996	-158.4736
1150.000000	83.055	-158.2599
1172.000000	83.159	-157.9238
1180.000000	83.196	-157.8160
1206.000000	83.306	-157.5149
1220.000000	83.361	-157.3778
1241.000000	83.440	-157.1961
1250.000000	83.473	-157.1243
1265.000000	83.529	-157.0116
1280.000000	83.583	-156.9061
1315.000000	83.701	-156.6713
1320.000000	83.716	-156.6383
1340.000000	83.776	-156.5043
1360.000000	83.832	-156.3627
1380.000000	83.885	-156.2096
1400.000000	83.934	-156.0443
1430.000000	84.004	-155.7751
1450.000000	84.049	-155.5790
1475.000000	84.103	-155.3171
1500.000000	84.155	-155.0339
1525.000000	84.207	-154.7317
1550.000000	84.261	-154.4111
1575.000000	84.315	-154.0769
1600.000000	84.373	-153.7241
1625.000000	84.437	-153.3599
1650.000000	84.504	-152.9863
1675.000000	84.574	-152.6036
1700.000000	84.646	-152.2162
1725.000000	84.720	-151.8216
1750.000000	84.798	-151.4219
1775.000000	84.878	-151.0245
1800.000000	84.962	-150.6247
1825.000000	85.049	-150.2265
1850.000000	85.139	-149.8341
1875.000000	85.233	-149.4484
1900.000000	85.331	-149.0735
1925.000000	85.431	-148.7143
1950.000000	85.535	-148.3705
1975.000000	85.642	-148.0421
2000.000000	85.751	-147.7292
2030.000000	85.884	-147.3754
2060.000000	86.021	-147.0492
2090.000000	86.161	-146.7509
2120.000000	86.305	-146.4842
2140.000000	86.403	-146.3244
2180.000000	86.603	-146.0497
2200.000000	86.706	-145.9356
2240.000000	86.915	-145.7668
2270.000000	87.075	-145.6917
2300.000000	87.237	-145.6621
2330.000000	87.402	-145.6804
2360.000000	87.568	-145.7512
2400.000000	87.791	-145.9290
2430.000000	87.958	-146.1228
2470.000000	88.179	-146.4593
2500.000000	88.342	-146.7708
2540.000000	88.557	-147.2687
2580.000000	88.767	-147.8664
2620.000000	88.975	-148.5698
2650.000000	89.127	-149.1703
2690.000000	89.326	-150.0725
2720.000000	89.469	-150.8260
2760.000000	89.652	-151.9307
2800.000000	89.822	-153.1479
2850.000000	90.015	-154.8209
2900.000000	90.181	-156.6589
2950.000000	90.315	-158.6492
3000.000000	90.408	-160.7568
3040.000000	90.450	-162.4868
3070.000000	90.461	-163.7837
3110.000000	90.452	-165.4812
3150.000000	90.416	-167.1171
3200.000000	90.341	-169.0366
3250.000000	90.236	-170.7901
3300.000000	90.108	-172.3655
3350.000000	89.964	-173.7548
3400.000000	89.807	-174.9552
3450.000000	89.644	-175.9725
3500.000000	89.477	-176.8233
3550.000000	89.310	-177.5235
3600.000000	89.143	-178.0811
3650.000000	88.978	-178.5016
3700.000000	88.819	-178.7897
3750.000000	88.668	-178.9631
3820.000000	88.471	-179.0413
3870.000000	88.343	-179.0016
3950.000000	88.161	-178.8084
4000.000000	88.061	-178.6285
4060.000000	87.953	-178.3741
4120.000000	87.857	-178.0855
4180.000000	87.774	-177.7709
4250.000000	87.696	-177.3866
4310.000000	87.642	-177.0552
4370.000000	87.601	-176.7368
4440.000000	87.568	-176.3905
4500.000000	87.552	-176.1311
4550.000000	87.547	-175.9565
4620.000000	87.549	-175.7892
4680.000000	87.557	-175.7223
4750.000000	87.571	-175.7428
4820.000000	87.586	-175.8766
4870.000000	87.594	-176.0423
4940.000000	87.600	-176.3678
5000.000000	87.595	-176.7285
5080.000000	87.568	-177.3030
5150.000000	87.524	-177.8605
5220.000000	87.458	-178.4339
5300.000000	87.356	-179.0655
5380.000000	87.226	-179.6092
5450.000000	87.094	-179.9682
5520.000000	86.948	179.8102
5600.000000	86.772	179.7501
5700.000000	86.554	179.9786
5800.000000	86.353	-179.4832
5900.000000	86.184	-178.7129
6000.000000	86.053	-177.8264
6080.000000	85.974	-177.1063
6150.000000	85.920	-176.5040
6220.000000	85.874	-175.9395
6300.000000	85.824	-175.3323
6400.000000	85.759	-174.5826
6500.000000	85.692	-173.7665
6600.000000	85.631	-172.8151
6700.000000	85.588	-171.6933
6800.000000	85.577	-170.3974
6900.000000	85.611	-168.9614
7000.000000	85.702	-167.4440
7100.000000	85.861	-165.9297
7200.000000	86.093	-164.5394
7300.000000	86.399	-163.4216
7400.000000	86.764	-162.6428
7500.000000	87.205	-162.1567
7620.000000	87.865	-162.4268
7750.000000	88.687	-164.4614
7880.000000	89.513	-168.8726
8000.000000	90.110	-175.3551
8120.000000	90.323	176.3007
8250.000000	89.925	167.5275
8380.000000	89.348	162.7021
8500.000000	89.272	156.9550
8620.000000	88.572	148.2647
8750.000000	87.118	142.4709
8850.000000	85.960	140.8058
9000.000000	84.421	140.9443
9120.000000	83.374	142.3880
9250.000000	82.404	144.7494
9380.000000	81.585	147.6414
9500.000000	80.949	150.6020
9620.000000	80.419	153.7167
9750.000000	79.953	157.1480
9880.000000	79.590	160.5346
10000.000000	79.337	163.5304
10150.000000	79.116	166.9709
10300.000000	78.986	169.9440
10440.000000	78.925	172.1711
10600.000000	78.892	173.9543
10750.000000	78.852	174.8729
10900.000000	78.758	175.1724
11060.000000	78.555	175.0903
11200.000000	78.275	175.0079
11380.000000	77.784	175.3923
11500.000000	77.404	176.1893
11720.000000	76.691	179.0491
11800.000000	76.454	-179.4755
12060.000000	75.866	-173.5125
12200.000000	75.692	-169.9224
12410.000000	75.619	-164.6158
12500.000000	75.648	-162.4876
12650.000000	75.754	-159.2386
12800.000000	75.906	-156.3464
13150.000000	76.431	-150.2362
13200.000000	76.534	-149.4649
13400.000000	77.007	-146.8322
13600.000000	77.558	-144.9358
13800.000000	78.181	-143.7864
14000.000000	78.879	-143.4964
14300.000000	80.066	-145.1446
14500.000000	80.926	-148.1965
14750.000000	81.940	-155.0657
15000.000000	82.604	-165.4968
15250.000000	82.597	-178.1135
15500.000000	81.809	169.7528
15750.000000	80.417	160.5321
16000.000000	78.793	155.3492
16250.000000	77.382	154.4164
16500.000000	76.461	156.2996
16750.000000	75.927	158.6247
17000.000000	75.576	160.9090
17250.000000	75.366	163.3370
17500.000000	75.319	165.6935
17750.000000	75.412	167.3571
18000.000000	75.502	167.8585
18250.000000	75.433	168.4744
18500.000000	75.698	172.3695
18750.000000	77.025	173.3743
19000.000000	77.849	163.7141
19250.000000	77.279	152.4231
19500.000000	75.980	145.5256
19750.000000	74.670	142.2999
20000.000000	73.853	140.8385
