* Measurement data measured by REW V5.31.3
* Source: Microphone (JadeAudio JA11), MICROPHONE (Master Volume), L, volume: 0.250
* Format: 512k Log Swept Sine, 1 sweep at -8.9 dBFS with no timing reference
* Dated: Jun 26, 2025 8:29:28 PM
* REW Settings:
*  C-weighting compensation: Off
*  Target level: 75.0 dB
* Note: 
* Measurement: L Hexa (-DD, Vent, Pol, X07)
* Smoothing: 1/24 octave
* Frequency Step: 1/48 octave
* Start Frequency: 20.300 Hz
*
* Freq(Hz)	SPL(dB)	Phase(degrees)
20.299999	90.204	174.7768
20.600000	90.214	174.3506
20.900000	90.222	173.8644
21.200001	90.226	173.3801
21.400000	90.227	173.0630
21.799999	90.226	172.4496
22.000000	90.223	172.1504
22.400000	90.213	171.5221
22.700001	90.203	171.0648
23.000000	90.191	170.6138
23.299999	90.177	170.1248
23.600000	90.163	169.6382
24.000000	90.144	168.9962
24.299999	90.129	168.4779
24.700001	90.109	167.7995
25.000000	90.095	167.3072
25.400000	90.078	166.6255
25.799999	90.063	165.9675
26.200001	90.050	165.3145
26.500000	90.041	164.8226
26.900000	90.029	164.1746
27.200001	90.020	163.6979
27.600000	90.009	163.0774
28.000000	89.999	162.4766
28.500000	89.988	161.7673
29.000000	89.975	161.0828
29.500000	89.958	160.4262
30.000000	89.938	159.7879
30.400000	89.921	159.2876
30.700001	89.907	158.9214
31.100000	89.887	158.4401
31.500000	89.865	157.9561
32.000000	89.835	157.3656
32.500000	89.804	156.7553
33.000000	89.772	156.1571
33.500000	89.741	155.5417
34.000000	89.710	154.9313
34.500000	89.680	154.3085
35.000000	89.652	153.6969
35.500000	89.625	153.0943
36.000000	89.597	152.5067
36.500000	89.568	151.9225
37.000000	89.537	151.3377
37.500000	89.507	150.7695
38.200001	89.468	150.0214
38.700001	89.440	149.5181
39.500000	89.394	148.7102
40.000000	89.366	148.1990
40.599998	89.330	147.5911
41.200001	89.291	147.0071
41.799999	89.251	146.4293
42.500000	89.205	145.7418
43.099998	89.165	145.1441
43.700001	89.126	144.5476
44.400002	89.084	143.8811
45.000000	89.050	143.3318
45.500000	89.019	142.8732
46.200001	88.971	142.2169
46.799999	88.930	141.6551
47.500000	88.884	141.0228
48.200001	88.839	140.4111
48.700001	88.806	139.9778
49.400002	88.760	139.3748
50.000000	88.722	138.8682
50.799999	88.670	138.1981
51.500000	88.623	137.6153
52.200001	88.577	137.0390
53.000000	88.526	136.3881
53.799999	88.476	135.7395
54.500000	88.428	135.1801
55.200001	88.382	134.6357
56.000000	88.332	134.0277
57.000000	88.262	133.2561
58.000000	88.193	132.4719
59.000000	88.133	131.7367
60.000000	88.070	131.0435
60.799999	88.019	130.4798
61.500000	87.976	129.9759
62.200001	87.931	129.4759
63.000000	87.880	128.9201
64.000000	87.818	128.2300
65.000000	87.756	127.5364
66.000000	87.693	126.8613
67.000000	87.631	126.1972
68.000000	87.569	125.5393
69.000000	87.509	124.8987
70.000000	87.450	124.2734
71.000000	87.387	123.6473
72.000000	87.326	123.0219
73.000000	87.267	122.4062
74.000000	87.209	121.7957
75.000000	87.150	121.2020
76.199997	87.078	120.4901
77.500000	87.003	119.7123
78.800003	86.927	118.9594
80.000000	86.859	118.2747
81.199997	86.792	117.6047
82.500000	86.719	116.8841
83.800003	86.646	116.1657
85.000000	86.579	115.5169
86.199997	86.513	114.8810
87.500000	86.444	114.1977
88.500000	86.391	113.6687
90.000000	86.310	112.8866
91.199997	86.245	112.2940
92.500000	86.176	111.6508
93.800003	86.109	111.0021
95.000000	86.046	110.3894
96.199997	85.984	109.7851
97.500000	85.919	109.1642
98.800003	85.855	108.5472
100.000000	85.797	107.9793
101.500000	85.725	107.2812
103.000000	85.652	106.5908
104.400002	85.584	105.9521
106.000000	85.507	105.2295
107.500000	85.436	104.5614
109.000000	85.366	103.9002
110.599998	85.293	103.2117
112.000000	85.231	102.6171
113.800003	85.151	101.8580
115.000000	85.099	101.3520
117.199997	85.003	100.4275
118.000000	84.969	100.0969
120.599998	84.857	99.0447
122.000000	84.798	98.4879
124.099998	84.713	97.6672
125.000000	84.676	97.3213
126.500000	84.613	96.7502
128.000000	84.552	96.1833
131.500000	84.413	94.8529
132.000000	84.393	94.6664
134.000000	84.314	93.9492
136.000000	84.239	93.2394
138.000000	84.165	92.5048
140.000000	84.091	91.7711
143.000000	83.980	90.7454
145.000000	83.909	90.0712
147.500000	83.822	89.2337
150.000000	83.735	88.4156
152.500000	83.649	87.6096
155.000000	83.565	86.8171
157.500000	83.483	86.0223
160.000000	83.402	85.2366
162.500000	83.322	84.4720
165.000000	83.244	83.7250
167.500000	83.167	82.9958
170.000000	83.091	82.2729
172.500000	83.016	81.5590
175.000000	82.942	80.8583
177.500000	82.870	80.1646
180.000000	82.800	79.4836
182.500000	82.731	78.8365
185.000000	82.664	78.1980
187.500000	82.599	77.5546
190.000000	82.535	76.9173
192.500000	82.471	76.2691
195.000000	82.407	75.6296
197.500000	82.344	75.0137
200.000000	82.283	74.4148
203.000000	82.211	73.7028
206.000000	82.139	72.9987
209.000000	82.070	72.3111
212.000000	82.001	71.6372
214.000000	81.954	71.1842
218.000000	81.858	70.2732
220.000000	81.811	69.8325
224.000000	81.722	68.9955
227.000000	81.657	68.3862
230.000000	81.594	67.7987
233.000000	81.532	67.2162
236.000000	81.471	66.6666
240.000000	81.390	65.9662
243.000000	81.331	65.4419
247.000000	81.261	64.7577
250.000000	81.211	64.2429
254.000000	81.142	63.5413
258.000000	81.072	62.8300
262.000000	80.999	62.1400
265.000000	80.945	61.6611
269.000000	80.878	61.0943
272.000000	80.832	60.6874
276.000000	80.776	60.1340
280.000000	80.722	59.5811
285.000000	80.661	58.8606
290.000000	80.605	58.1341
295.000000	80.550	57.4006
300.000000	80.492	56.6760
304.000000	80.443	56.1041
307.000000	80.404	55.6740
311.000000	80.352	55.1063
315.000000	80.299	54.5558
320.000000	80.235	53.8846
325.000000	80.171	53.2432
330.000000	80.107	52.6359
335.000000	80.043	52.0620
340.000000	79.981	51.5102
345.000000	79.920	50.9735
350.000000	79.862	50.4555
355.000000	79.805	49.9629
360.000000	79.749	49.4841
365.000000	79.695	49.0166
370.000000	79.643	48.5716
375.000000	79.592	48.1408
382.000000	79.523	47.5559
387.000000	79.475	47.1541
395.000000	79.399	46.5293
400.000000	79.353	46.1544
406.000000	79.299	45.7247
412.000000	79.247	45.3091
418.000000	79.196	44.9127
425.000000	79.137	44.4761
431.000000	79.088	44.1127
437.000000	79.041	43.7618
444.000000	78.987	43.3677
450.000000	78.942	43.0511
455.000000	78.907	42.8000
462.000000	78.858	42.4555
468.000000	78.816	42.1717
475.000000	78.769	41.8669
482.000000	78.723	41.5776
487.000000	78.690	41.3748
494.000000	78.646	41.1038
500.000000	78.610	40.8884
508.000000	78.563	40.6185
515.000000	78.522	40.3994
522.000000	78.482	40.1963
530.000000	78.439	39.9762
538.000000	78.396	39.7757
545.000000	78.359	39.6161
552.000000	78.324	39.4693
560.000000	78.284	39.3221
570.000000	78.236	39.1693
580.000000	78.190	39.0429
590.000000	78.147	38.9529
600.000000	78.109	38.8877
608.000000	78.081	38.8415
615.000000	78.058	38.8049
622.000000	78.033	38.7796
630.000000	78.005	38.7776
640.000000	77.974	38.8228
650.000000	77.948	38.9112
660.000000	77.930	39.0262
670.000000	77.923	39.1636
680.000000	77.927	39.2914
690.000000	77.941	39.3514
700.000000	77.954	39.3242
710.000000	77.957	39.2330
720.000000	77.947	39.1491
730.000000	77.930	39.1217
740.000000	77.912	39.1541
750.000000	77.896	39.2463
762.000000	77.880	39.4053
775.000000	77.870	39.6162
788.000000	77.869	39.8632
800.000000	77.874	40.1132
812.000000	77.884	40.3723
825.000000	77.903	40.6590
838.000000	77.927	40.9505
850.000000	77.953	41.2232
862.000000	77.985	41.4968
875.000000	78.025	41.7914
885.000000	78.060	42.0134
900.000000	78.119	42.3329
912.000000	78.169	42.5753
925.000000	78.228	42.8238
938.000000	78.293	43.0521
950.000000	78.356	43.2458
962.000000	78.423	43.4196
975.000000	78.499	43.5782
988.000000	78.579	43.7068
1000.000000	78.654	43.7941
1015.000000	78.750	43.8573
1030.000000	78.848	43.8764
1044.000000	78.939	43.8479
1060.000000	79.043	43.7608
1075.000000	79.139	43.6324
1090.000000	79.232	43.4579
1106.000000	79.327	43.2210
1120.000000	79.406	42.9720
1138.000000	79.501	42.6107
1150.000000	79.559	42.3461
1172.000000	79.655	41.8154
1180.000000	79.686	41.6131
1206.000000	79.772	40.9386
1220.000000	79.809	40.5768
1241.000000	79.855	40.0389
1250.000000	79.871	39.8162
1265.000000	79.893	39.4610
1280.000000	79.911	39.1265
1315.000000	79.937	38.4177
1320.000000	79.939	38.3261
1340.000000	79.943	37.9862
1360.000000	79.942	37.6922
1380.000000	79.938	37.4468
1400.000000	79.932	37.2471
1430.000000	79.919	37.0253
1450.000000	79.910	36.9285
1475.000000	79.901	36.8603
1500.000000	79.893	36.8484
1525.000000	79.886	36.8830
1550.000000	79.882	36.9599
1575.000000	79.882	37.0721
1600.000000	79.885	37.2217
1625.000000	79.891	37.4042
1650.000000	79.900	37.6097
1675.000000	79.913	37.8388
1700.000000	79.930	38.0903
1725.000000	79.950	38.3564
1750.000000	79.975	38.6396
1775.000000	80.004	38.9357
1800.000000	80.036	39.2468
1825.000000	80.071	39.5695
1850.000000	80.110	39.8997
1875.000000	80.153	40.2340
1900.000000	80.199	40.5789
1925.000000	80.248	40.9265
1950.000000	80.300	41.2737
1975.000000	80.356	41.6276
2000.000000	80.415	41.9886
2030.000000	80.490	42.4285
2060.000000	80.571	42.8689
2090.000000	80.658	43.3076
2120.000000	80.751	43.7425
2140.000000	80.816	44.0291
2180.000000	80.953	44.5996
2200.000000	81.025	44.8840
2240.000000	81.176	45.4382
2270.000000	81.298	45.8451
2300.000000	81.426	46.2436
2330.000000	81.561	46.6332
2360.000000	81.703	47.0086
2400.000000	81.906	47.4771
2430.000000	82.069	47.7998
2470.000000	82.300	48.1748
2500.000000	82.485	48.4011
2540.000000	82.745	48.6089
2580.000000	83.021	48.6773
2620.000000	83.309	48.5738
2650.000000	83.531	48.3636
2690.000000	83.826	47.8885
2720.000000	84.043	47.3842
2760.000000	84.321	46.5262
2800.000000	84.581	45.4841
2850.000000	84.876	43.9770
2900.000000	85.138	42.2963
2950.000000	85.370	40.4819
3000.000000	85.574	38.5482
3040.000000	85.719	36.9142
3070.000000	85.815	35.6364
3110.000000	85.927	33.8625
3150.000000	86.016	32.0037
3200.000000	86.093	29.5707
3250.000000	86.122	27.0347
3300.000000	86.097	24.4381
3350.000000	86.009	21.8586
3400.000000	85.853	19.4074
3450.000000	85.629	17.2093
3500.000000	85.346	15.3890
3550.000000	85.017	14.0746
3600.000000	84.663	13.3754
3650.000000	84.311	13.3548
3700.000000	83.995	14.0149
3750.000000	83.748	15.2707
3820.000000	83.569	17.6797
3870.000000	83.579	19.5189
3950.000000	83.813	21.9281
4000.000000	84.054	22.7895
4060.000000	84.382	23.0343
4120.000000	84.704	22.4766
4180.000000	84.982	21.2696
4250.000000	85.223	19.3009
4310.000000	85.350	17.3551
4370.000000	85.408	15.3363
4440.000000	85.400	13.0419
4500.000000	85.339	11.2129
4550.000000	85.259	9.8156
4620.000000	85.111	8.0756
4680.000000	84.960	6.7890
4750.000000	84.763	5.5245
4820.000000	84.549	4.5214
4870.000000	84.389	3.9684
4940.000000	84.162	3.4272
5000.000000	83.972	3.1762
5080.000000	83.735	3.1181
5150.000000	83.552	3.2562
5220.000000	83.391	3.4860
5300.000000	83.230	3.7867
5380.000000	83.085	4.1054
5450.000000	82.965	4.4052
5520.000000	82.851	4.7401
5600.000000	82.726	5.1796
5700.000000	82.583	5.8235
5800.000000	82.455	6.5846
5900.000000	82.348	7.4585
6000.000000	82.266	8.4171
6080.000000	82.217	9.2314
6150.000000	82.187	9.9767
6220.000000	82.171	10.7473
6300.000000	82.169	11.6546
6400.000000	82.194	12.8301
6500.000000	82.254	14.0361
6600.000000	82.354	15.2373
6700.000000	82.495	16.3962
6800.000000	82.681	17.4794
6900.000000	82.914	18.4518
7000.000000	83.197	19.2686
7100.000000	83.534	19.8708
7200.000000	83.930	20.1710
7300.000000	84.384	20.0637
7400.000000	84.892	19.4306
7500.000000	85.444	18.1402
7620.000000	86.146	15.5111
7750.000000	86.908	11.0524
7880.000000	87.569	4.6238
8000.000000	87.963	-2.7864
8120.000000	88.124	-11.0471
8250.000000	87.990	-20.8695
8380.000000	87.388	-30.6644
8500.000000	86.455	-38.1870
8620.000000	85.325	-43.6399
8750.000000	84.038	-47.3415
8850.000000	83.070	-48.8955
9000.000000	81.706	-49.6064
9120.000000	80.711	-49.1089
9250.000000	79.739	-47.8001
9380.000000	78.874	-45.9275
9500.000000	78.161	-43.8461
9620.000000	77.522	-41.5124
9750.000000	76.908	-38.7795
9880.000000	76.367	-35.8952
10000.000000	75.930	-33.1460
10150.000000	75.458	-29.6608
10300.000000	75.065	-26.1895
10440.000000	74.760	-23.0160
10600.000000	74.476	-19.5339
10750.000000	74.262	-16.4524
10900.000000	74.091	-13.5954
11060.000000	73.939	-10.8394
11200.000000	73.816	-8.6476
11380.000000	73.668	-6.0339
11500.000000	73.576	-4.4421
11720.000000	73.396	-1.8686
11800.000000	73.322	-0.9999
12060.000000	73.049	1.8077
12200.000000	72.890	3.4016
12410.000000	72.655	5.9823
12500.000000	72.561	7.1688
12650.000000	72.422	9.2600
12800.000000	72.315	11.5024
13150.000000	72.265	17.1267
13200.000000	72.285	17.9198
13400.000000	72.430	20.9309
13600.000000	72.666	23.6283
13800.000000	72.989	25.9948
14000.000000	73.396	27.9911
14300.000000	74.165	30.2264
14500.000000	74.799	31.1127
14750.000000	75.746	31.2237
15000.000000	76.887	29.6665
15250.000000	78.188	25.1540
15500.000000	79.369	16.1842
15750.000000	79.949	3.0369
16000.000000	79.580	-11.5618
16250.000000	78.306	-24.1403
16500.000000	76.449	-32.8841
16750.000000	74.270	-37.5921
17000.000000	71.872	-37.5046
17250.000000	69.636	-29.7181
17500.000000	68.864	-17.4448
17750.000000	69.190	-16.4343
18000.000000	68.581	-21.9867
18250.000000	67.161	-24.2411
18500.000000	65.701	-22.7470
18750.000000	64.519	-19.9542
19000.000000	63.584	-17.2698
19250.000000	62.805	-14.7460
19500.000000	62.173	-12.0517
19750.000000	61.737	-9.2381
20000.000000	61.529	-7.0692
