* Measurement data measured by REW V5.31.3
* Source: Microphone (JadeAudio JA11), MICROPHONE (Master Volume), R, volume: 0.250
* Format: 256k Log Swept Sine, 1 sweep at -8.1 dBFS with no timing reference
* Dated: Mar 26, 2025 7:44:49 PM
* REW Settings:
*  C-weighting compensation: Off
*  Target level: 75.0 dB
* Note: 
* Measurement: L Zero Blue 2 (5?, EP-EX11)
* Smoothing: 1/24 octave
* Frequency Step: 1/48 octave
* Start Frequency: 20.000 Hz
*
* Freq(Hz)	SPL(dB)	Phase(degrees)
20.000000	94.225	170.0929
20.299999	94.218	169.6130
20.600000	94.209	169.1541
20.900000	94.198	168.7133
21.200001	94.184	168.2802
21.400000	94.173	167.9966
21.799999	94.149	167.4464
22.000000	94.136	167.1750
22.400000	94.105	166.6039
22.700001	94.080	166.1870
23.000000	94.053	165.7766
23.299999	94.025	165.3309
23.600000	93.996	164.8914
24.000000	93.956	164.3180
24.299999	93.926	163.8578
24.700001	93.886	163.2551
25.000000	93.858	162.8145
25.400000	93.822	162.1941
25.799999	93.787	161.5873
26.200001	93.754	160.9850
26.500000	93.730	160.5372
26.900000	93.699	159.9603
27.200001	93.676	159.5449
27.600000	93.647	159.0097
28.000000	93.620	158.4883
28.500000	93.587	157.8651
29.000000	93.551	157.2568
29.500000	93.512	156.6821
30.000000	93.470	156.1362
30.400000	93.435	155.7125
30.700001	93.408	155.4006
31.100000	93.372	154.9854
31.500000	93.334	154.5594
32.000000	93.283	154.0340
32.500000	93.231	153.4906
33.000000	93.176	152.9590
33.500000	93.121	152.4166
34.000000	93.067	151.8915
34.500000	93.014	151.3636
35.000000	92.963	150.8462
35.500000	92.914	150.3228
36.000000	92.865	149.8050
36.500000	92.816	149.2997
37.000000	92.767	148.8128
37.500000	92.719	148.3443
38.200001	92.653	147.6913
38.700001	92.603	147.2260
39.500000	92.513	146.5184
40.000000	92.456	146.1190
40.599998	92.390	145.6597
41.200001	92.327	145.1937
41.799999	92.262	144.7095
42.500000	92.182	144.1494
43.099998	92.112	143.6884
43.700001	92.044	143.2326
44.400002	91.963	142.7137
45.000000	91.895	142.2860
45.500000	91.840	141.9324
46.200001	91.764	141.4272
46.799999	91.696	140.9946
47.500000	91.615	140.5184
48.200001	91.535	140.0754
48.700001	91.480	139.7655
49.400002	91.404	139.3270
50.000000	91.339	138.9514
50.799999	91.249	138.4587
51.500000	91.168	138.0486
52.200001	91.088	137.6632
53.000000	90.997	137.2357
53.799999	90.906	136.7942
54.500000	90.822	136.4060
55.200001	90.736	136.0358
56.000000	90.639	135.6198
57.000000	90.516	135.1094
58.000000	90.401	134.6211
59.000000	90.286	134.0550
60.000000	90.147	133.6234
60.799999	90.050	133.4756
61.500000	89.987	133.3414
62.200001	89.927	133.1368
63.000000	89.852	132.8875
64.000000	89.755	132.6094
65.000000	89.658	132.3373
66.000000	89.561	132.0698
67.000000	89.468	131.7896
68.000000	89.377	131.4954
69.000000	89.291	131.1902
70.000000	89.210	130.8596
71.000000	89.129	130.4976
72.000000	89.045	130.1205
73.000000	88.957	129.7427
74.000000	88.866	129.3589
75.000000	88.769	128.9786
76.199997	88.651	128.5363
77.500000	88.521	128.0651
78.800003	88.387	127.6008
80.000000	88.256	127.2216
81.199997	88.127	126.9308
82.500000	87.994	126.6398
83.800003	87.862	126.3211
85.000000	87.737	126.0313
86.199997	87.611	125.7655
87.500000	87.477	125.4979
88.500000	87.375	125.3015
90.000000	87.221	125.0548
91.199997	87.100	124.8810
92.500000	86.969	124.7075
93.800003	86.839	124.5376
95.000000	86.719	124.3792
96.199997	86.598	124.2415
97.500000	86.470	124.0926
98.800003	86.340	123.9631
100.000000	86.220	123.8768
101.500000	86.072	123.8043
103.000000	85.928	123.7412
104.400002	85.794	123.6908
106.000000	85.643	123.6628
107.500000	85.506	123.6508
109.000000	85.371	123.6426
110.599998	85.226	123.6268
112.000000	85.098	123.6288
113.800003	84.935	123.6716
115.000000	84.829	123.7274
117.199997	84.643	123.8749
118.000000	84.577	123.9224
120.599998	84.358	124.0777
122.000000	84.240	124.1897
124.099998	84.072	124.3735
125.000000	84.001	124.4571
126.500000	83.882	124.6190
128.000000	83.764	124.7936
131.500000	83.491	125.2017
132.000000	83.453	125.2542
134.000000	83.307	125.5031
136.000000	83.172	125.8278
138.000000	83.038	126.1764
140.000000	82.899	126.5340
143.000000	82.683	127.0258
145.000000	82.549	127.3817
147.500000	82.394	127.8398
150.000000	82.242	128.3050
152.500000	82.086	128.8048
155.000000	81.940	129.3419
157.500000	81.804	129.8768
160.000000	81.671	130.4172
162.500000	81.542	130.9644
165.000000	81.419	131.5364
167.500000	81.302	132.1188
170.000000	81.187	132.7119
172.500000	81.076	133.3037
175.000000	80.971	133.8577
177.500000	80.872	134.4118
180.000000	80.784	135.0521
182.500000	80.708	135.7153
185.000000	80.628	136.3016
187.500000	80.546	136.8870
190.000000	80.475	137.4388
192.500000	80.405	137.9564
195.000000	80.333	138.4824
197.500000	80.265	139.0118
200.000000	80.203	139.5337
203.000000	80.132	140.1748
206.000000	80.064	140.7610
209.000000	80.002	141.3510
212.000000	79.947	141.9870
214.000000	79.907	142.4010
218.000000	79.826	143.2524
220.000000	79.794	143.6585
224.000000	79.737	144.3848
227.000000	79.701	144.8990
230.000000	79.667	145.4182
233.000000	79.630	145.9044
236.000000	79.588	146.3498
240.000000	79.538	146.9646
243.000000	79.503	147.4354
247.000000	79.458	148.0410
250.000000	79.426	148.4741
254.000000	79.385	148.9970
258.000000	79.352	149.5362
262.000000	79.325	150.0798
265.000000	79.302	150.4399
269.000000	79.266	150.9158
272.000000	79.242	151.2963
276.000000	79.218	151.7865
280.000000	79.192	152.2548
285.000000	79.157	152.7878
290.000000	79.124	153.2911
295.000000	79.096	153.7365
300.000000	79.070	154.1691
304.000000	79.046	154.5496
307.000000	79.030	154.8277
311.000000	79.009	155.1723
315.000000	78.988	155.5018
320.000000	78.961	155.9066
325.000000	78.934	156.3134
330.000000	78.911	156.7227
335.000000	78.888	157.0882
340.000000	78.864	157.4142
345.000000	78.840	157.7431
350.000000	78.816	158.0618
355.000000	78.791	158.4173
360.000000	78.768	158.7421
365.000000	78.745	159.0152
370.000000	78.722	159.3102
375.000000	78.700	159.5941
382.000000	78.669	159.9521
387.000000	78.645	160.1953
395.000000	78.604	160.5827
400.000000	78.576	160.7867
406.000000	78.538	161.0485
412.000000	78.500	161.3365
418.000000	78.462	161.6132
425.000000	78.416	161.9623
431.000000	78.374	162.2812
437.000000	78.333	162.6092
444.000000	78.288	162.9863
450.000000	78.251	163.3130
455.000000	78.221	163.5950
462.000000	78.180	163.9709
468.000000	78.148	164.2906
475.000000	78.109	164.6801
482.000000	78.070	165.0570
487.000000	78.043	165.3268
494.000000	78.005	165.7040
500.000000	77.970	166.0236
508.000000	77.926	166.4628
515.000000	77.893	166.8486
522.000000	77.860	167.2345
530.000000	77.820	167.6956
538.000000	77.781	168.1584
545.000000	77.749	168.5495
552.000000	77.716	168.9370
560.000000	77.679	169.3757
570.000000	77.634	169.9369
580.000000	77.592	170.5146
590.000000	77.552	171.0901
600.000000	77.512	171.6655
608.000000	77.480	172.1358
615.000000	77.454	172.5458
622.000000	77.428	172.9532
630.000000	77.400	173.4221
640.000000	77.367	174.0122
650.000000	77.334	174.5953
660.000000	77.303	175.1957
670.000000	77.274	175.8109
680.000000	77.248	176.4279
690.000000	77.224	177.0336
700.000000	77.200	177.6443
710.000000	77.178	178.2648
720.000000	77.160	178.8956
730.000000	77.143	179.5253
740.000000	77.129	-179.8483
750.000000	77.115	-179.2155
762.000000	77.101	-178.4610
775.000000	77.087	-177.6335
788.000000	77.077	-176.7958
800.000000	77.073	-176.0095
812.000000	77.071	-175.2140
825.000000	77.074	-174.3403
838.000000	77.084	-173.4681
850.000000	77.099	-172.6628
862.000000	77.118	-171.8535
875.000000	77.145	-170.9908
885.000000	77.169	-170.3446
900.000000	77.212	-169.3853
912.000000	77.249	-168.6295
925.000000	77.295	-167.8359
938.000000	77.344	-167.0670
950.000000	77.396	-166.3842
962.000000	77.450	-165.7186
975.000000	77.512	-165.0158
988.000000	77.576	-164.3405
1000.000000	77.638	-163.7480
1015.000000	77.718	-163.0473
1030.000000	77.801	-162.3930
1044.000000	77.880	-161.8172
1060.000000	77.972	-161.1991
1075.000000	78.058	-160.6617
1090.000000	78.145	-160.1597
1106.000000	78.237	-159.6681
1120.000000	78.316	-159.2768
1138.000000	78.415	-158.8083
1150.000000	78.478	-158.5171
1172.000000	78.593	-158.0289
1180.000000	78.633	-157.8625
1206.000000	78.757	-157.3592
1220.000000	78.820	-157.1049
1241.000000	78.911	-156.7326
1250.000000	78.948	-156.5752
1265.000000	79.008	-156.3158
1280.000000	79.066	-156.0583
1315.000000	79.194	-155.4402
1320.000000	79.211	-155.3496
1340.000000	79.281	-154.9782
1360.000000	79.348	-154.5976
1380.000000	79.415	-154.2005
1400.000000	79.483	-153.7806
1430.000000	79.585	-153.1000
1450.000000	79.656	-152.6132
1475.000000	79.750	-151.9607
1500.000000	79.855	-151.2610
1525.000000	79.978	-150.5207
1550.000000	80.127	-149.7832
1575.000000	80.308	-149.1500
1600.000000	80.510	-148.7422
1625.000000	80.714	-148.6009
1650.000000	80.903	-148.6882
1675.000000	81.066	-148.9124
1700.000000	81.207	-149.1966
1725.000000	81.327	-149.4992
1750.000000	81.432	-149.7974
1775.000000	81.524	-150.0756
1800.000000	81.605	-150.3305
1825.000000	81.676	-150.5612
1850.000000	81.739	-150.7628
1875.000000	81.796	-150.9323
1900.000000	81.847	-151.0734
1925.000000	81.892	-151.1813
1950.000000	81.933	-151.2538
1975.000000	81.968	-151.2815
2000.000000	82.000	-151.2572
2030.000000	82.035	-151.1553
2060.000000	82.068	-150.9760
2090.000000	82.103	-150.7013
2120.000000	82.142	-150.3269
2140.000000	82.172	-150.0216
2180.000000	82.248	-149.2760
2200.000000	82.297	-148.8297
2240.000000	82.431	-147.8021
2270.000000	82.578	-146.9840
2300.000000	82.772	-146.2713
2330.000000	83.004	-145.8375
2360.000000	83.248	-145.7841
2400.000000	83.545	-146.2363
2430.000000	83.728	-146.7949
2470.000000	83.918	-147.5866
2500.000000	84.035	-148.1228
2540.000000	84.177	-148.7331
2580.000000	84.313	-149.2750
2620.000000	84.448	-149.8170
2650.000000	84.544	-150.2378
2690.000000	84.664	-150.8069
2720.000000	84.749	-151.2133
2760.000000	84.859	-151.7115
2800.000000	84.973	-152.1727
2850.000000	85.129	-152.7776
2900.000000	85.293	-153.5244
2950.000000	85.449	-154.4646
3000.000000	85.581	-155.5405
3040.000000	85.666	-156.4356
3070.000000	85.720	-157.1009
3110.000000	85.780	-157.9608
3150.000000	85.830	-158.7885
3200.000000	85.882	-159.7706
3250.000000	85.927	-160.7039
3300.000000	85.967	-161.6085
3350.000000	86.000	-162.4933
3400.000000	86.026	-163.3541
3450.000000	86.045	-164.1696
3500.000000	86.061	-164.9359
3550.000000	86.076	-165.6666
3600.000000	86.093	-166.3737
3650.000000	86.113	-167.0687
3700.000000	86.135	-167.7695
3750.000000	86.160	-168.4932
3820.000000	86.194	-169.5713
3870.000000	86.214	-170.4103
3950.000000	86.229	-171.8500
4000.000000	86.226	-172.7808
4060.000000	86.208	-173.9075
4120.000000	86.175	-175.0327
4180.000000	86.128	-176.1332
4250.000000	86.056	-177.3625
4310.000000	85.982	-178.3544
4370.000000	85.901	-179.2856
4440.000000	85.801	179.6949
4500.000000	85.711	178.8671
4550.000000	85.634	178.2036
4620.000000	85.522	177.3079
4680.000000	85.423	176.5532
4750.000000	85.299	175.6942
4820.000000	85.166	174.8762
4870.000000	85.066	174.3237
4940.000000	84.919	173.6008
5000.000000	84.788	173.0250
5080.000000	84.606	172.3271
5150.000000	84.441	171.7918
5220.000000	84.271	171.3304
5300.000000	84.070	170.9034
5380.000000	83.865	170.5976
5450.000000	83.685	170.4421
5520.000000	83.506	170.3962
5600.000000	83.308	170.4677
5700.000000	83.072	170.7220
5800.000000	82.852	171.1528
5900.000000	82.653	171.7420
6000.000000	82.479	172.4619
6080.000000	82.358	173.1222
6150.000000	82.267	173.7517
6220.000000	82.192	174.4157
6300.000000	82.123	175.2023
6400.000000	82.064	176.2328
6500.000000	82.041	177.3305
6600.000000	82.062	178.4033
6700.000000	82.112	179.3987
6800.000000	82.197	-179.6219
6900.000000	82.323	-178.6995
7000.000000	82.493	-177.8842
7100.000000	82.709	-177.2219
7200.000000	82.975	-176.7716
7300.000000	83.291	-176.6136
7400.000000	83.660	-176.8274
7500.000000	84.082	-177.5353
7620.000000	84.655	-179.2951
7750.000000	85.319	177.1997
7880.000000	85.920	171.5331
8000.000000	86.264	164.3352
8120.000000	86.250	155.8586
8250.000000	85.746	146.5942
8380.000000	84.788	138.7756
8500.000000	83.648	133.6576
8620.000000	82.411	130.6490
8750.000000	81.080	129.4305
8850.000000	80.109	129.6254
9000.000000	78.768	131.2832
9120.000000	77.800	133.4712
9250.000000	76.853	136.4644
9380.000000	76.004	139.9322
9500.000000	75.301	143.4424
9620.000000	74.668	147.1637
9750.000000	74.051	151.3724
9880.000000	73.500	155.7370
10000.000000	73.045	159.8804
10150.000000	72.542	165.1760
10300.000000	72.112	170.5769
10440.000000	71.771	175.6930
10600.000000	71.452	-178.4220
10750.000000	71.220	-172.8696
10900.000000	71.054	-167.3006
11060.000000	70.946	-161.3974
11200.000000	70.911	-156.2788
11380.000000	70.950	-149.7772
11500.000000	71.029	-145.5075
11720.000000	71.285	-137.8569
11800.000000	71.415	-135.1385
12060.000000	71.986	-126.5355
12200.000000	72.397	-122.0463
12410.000000	73.173	-115.5894
12500.000000	73.571	-112.9563
12650.000000	74.335	-108.7918
12800.000000	75.241	-104.9800
13150.000000	78.065	-98.5276
13200.000000	78.567	-98.0723
13400.000000	80.832	-98.3052
13600.000000	83.382	-103.5936
13800.000000	85.701	-115.9416
14000.000000	87.009	-134.4543
14300.000000	86.292	-162.0683
14500.000000	84.706	-173.1407
14750.000000	82.745	-178.1339
15000.000000	81.439	-177.3078
15250.000000	80.879	-174.1477
15500.000000	81.032	-170.8376
15750.000000	81.910	-169.5166
16000.000000	83.413	-173.4492
16250.000000	84.910	173.8585
16500.000000	85.238	153.1324
16750.000000	83.676	131.9283
17000.000000	80.709	117.9026
17250.000000	77.354	112.3620
17500.000000	74.302	112.5215
17750.000000	71.747	115.4498
18000.000000	69.643	119.3627
18250.000000	67.907	123.3131
18500.000000	66.485	126.8089
18750.000000	65.336	129.5179
19000.000000	64.421	131.2606
19250.000000	63.710	132.0141
19500.000000	63.149	131.9375
19750.000000	62.706	131.4056
20000.000000	62.449	130.9406
