* Measurement data measured by REW V5.31.3
* Source: Microphone (JadeAudio JA11), MICROPHONE (Master Volume), R, volume: 0.000
* Format: 512k Log Swept Sine, 1 sweep at -8.1 dBFS with no timing reference
* Dated: May 15, 2025 8:52:47 PM
* REW Settings:
*  C-weighting compensation: Off
*  Target level: 75.0 dB
* Note: 
* Measurement: R Zero Blue 2 (5?, LTC Black)
* Smoothing: 1/24 octave
* Frequency Step: 1/48 octave
* Start Frequency: 20.300 Hz
*
* Freq(Hz)	SPL(dB)	Phase(degrees)
20.299999	92.682	177.8759
20.600000	92.681	177.4768
20.900000	92.677	177.0249
21.200001	92.672	176.5800
21.400000	92.667	176.2910
21.799999	92.658	175.7338
22.000000	92.652	175.4611
22.400000	92.635	174.8817
22.700001	92.619	174.4588
23.000000	92.601	174.0437
23.299999	92.581	173.5960
23.600000	92.561	173.1582
24.000000	92.533	172.5924
24.299999	92.513	172.1355
24.700001	92.485	171.5364
25.000000	92.464	171.0978
25.400000	92.437	170.4807
25.799999	92.411	169.8854
26.200001	92.386	169.3017
26.500000	92.369	168.8688
26.900000	92.347	168.3072
27.200001	92.332	167.8981
27.600000	92.312	167.3667
28.000000	92.294	166.8513
28.500000	92.271	166.2449
29.000000	92.246	165.6644
29.500000	92.219	165.1167
30.000000	92.189	164.5910
30.400000	92.162	164.1806
30.700001	92.140	163.8799
31.100000	92.109	163.4825
31.500000	92.076	163.0780
32.000000	92.035	162.5809
32.500000	91.994	162.0599
33.000000	91.953	161.5545
33.500000	91.912	161.0470
34.000000	91.871	160.5642
34.500000	91.830	160.0769
35.000000	91.788	159.5869
35.500000	91.747	159.0834
36.000000	91.705	158.5875
36.500000	91.665	158.1096
37.000000	91.625	157.6496
37.500000	91.586	157.2063
38.200001	91.531	156.6084
38.700001	91.491	156.2088
39.500000	91.422	155.6004
40.000000	91.377	155.2265
40.599998	91.323	154.7747
41.200001	91.270	154.3371
41.799999	91.215	153.9056
42.500000	91.150	153.3911
43.099998	91.094	152.9474
43.700001	91.041	152.5143
44.400002	90.977	152.0309
45.000000	90.921	151.6176
45.500000	90.875	151.2759
46.200001	90.810	150.8353
46.799999	90.754	150.4937
47.500000	90.691	150.0774
48.200001	90.631	149.6127
48.700001	90.588	149.2822
49.400002	90.524	148.8613
50.000000	90.468	148.5300
50.799999	90.394	148.0827
51.500000	90.330	147.6925
52.200001	90.264	147.3122
53.000000	90.190	146.8845
53.799999	90.116	146.4782
54.500000	90.048	146.1489
55.200001	89.983	145.8263
56.000000	89.911	145.4434
57.000000	89.808	144.9420
58.000000	89.713	144.4811
59.000000	89.578	144.0652
60.000000	89.434	143.6198
60.799999	89.396	143.2862
61.500000	89.378	143.0287
62.200001	89.330	142.7748
63.000000	89.257	142.4776
64.000000	89.170	142.1165
65.000000	89.072	141.7722
66.000000	88.977	141.4337
67.000000	88.883	141.0981
68.000000	88.791	140.7773
69.000000	88.698	140.4686
70.000000	88.605	140.1670
71.000000	88.514	139.8931
72.000000	88.424	139.6429
73.000000	88.334	139.3827
74.000000	88.243	139.1211
75.000000	88.153	138.8935
76.199997	88.046	138.6333
77.500000	87.931	138.3531
78.800003	87.814	138.1151
80.000000	87.701	137.8748
81.199997	87.593	137.6388
82.500000	87.481	137.4405
83.800003	87.369	137.2455
85.000000	87.266	137.0765
86.199997	87.164	136.9159
87.500000	87.053	136.7621
88.500000	86.968	136.6586
90.000000	86.841	136.5053
91.199997	86.740	136.3829
92.500000	86.631	136.2652
93.800003	86.529	136.1493
95.000000	86.436	136.0594
96.199997	86.340	136.0035
97.500000	86.234	135.9464
98.800003	86.131	135.9047
100.000000	86.036	135.8765
101.500000	85.917	135.8415
103.000000	85.799	135.8187
104.400002	85.693	135.8237
106.000000	85.575	135.8466
107.500000	85.465	135.8777
109.000000	85.357	135.9087
110.599998	85.244	135.9379
112.000000	85.143	136.0117
113.800003	85.016	136.1022
115.000000	84.933	136.1681
117.199997	84.788	136.3391
118.000000	84.735	136.3941
120.599998	84.562	136.5997
122.000000	84.469	136.7455
124.099998	84.336	136.9730
125.000000	84.281	137.0648
126.500000	84.191	137.2004
128.000000	84.104	137.3522
131.500000	83.902	137.7679
132.000000	83.873	137.8276
134.000000	83.763	138.0763
136.000000	83.659	138.3203
138.000000	83.554	138.5145
140.000000	83.456	138.7303
143.000000	83.313	139.3143
145.000000	83.212	139.6139
147.500000	83.095	140.0014
150.000000	82.987	140.4324
152.500000	82.880	140.8261
155.000000	82.775	141.2144
157.500000	82.675	141.6320
160.000000	82.580	142.0581
162.500000	82.491	142.4594
165.000000	82.406	142.8701
167.500000	82.323	143.2946
170.000000	82.243	143.7092
172.500000	82.167	144.1263
175.000000	82.094	144.5469
177.500000	82.023	144.9754
180.000000	81.955	145.3939
182.500000	81.890	145.8152
185.000000	81.828	146.2214
187.500000	81.764	146.6171
190.000000	81.703	147.0110
192.500000	81.651	147.4065
195.000000	81.602	147.8014
197.500000	81.551	148.2038
200.000000	81.504	148.5857
203.000000	81.451	149.0118
206.000000	81.398	149.4466
209.000000	81.346	149.8706
212.000000	81.299	150.3043
214.000000	81.266	150.5916
218.000000	81.196	151.1579
220.000000	81.167	151.4168
224.000000	81.114	151.9238
227.000000	81.072	152.3426
230.000000	81.031	152.7596
233.000000	81.002	153.1495
236.000000	80.975	153.5451
240.000000	80.941	154.0836
243.000000	80.914	154.4692
247.000000	80.880	154.9410
250.000000	80.860	155.2305
254.000000	80.835	155.5737
258.000000	80.808	155.9248
262.000000	80.781	156.2224
265.000000	80.759	156.4748
269.000000	80.731	156.8363
272.000000	80.714	157.0950
276.000000	80.691	157.4245
280.000000	80.662	157.6992
285.000000	80.624	158.0258
290.000000	80.585	158.3493
295.000000	80.553	158.6792
300.000000	80.521	159.0539
304.000000	80.492	159.3405
307.000000	80.471	159.5375
311.000000	80.445	159.7830
315.000000	80.419	160.0167
320.000000	80.386	160.3181
325.000000	80.354	160.6305
330.000000	80.325	160.9326
335.000000	80.294	161.2294
340.000000	80.263	161.4917
345.000000	80.233	161.7477
350.000000	80.204	162.0126
355.000000	80.172	162.2913
360.000000	80.139	162.5823
365.000000	80.111	162.8672
370.000000	80.083	163.1429
375.000000	80.055	163.4128
382.000000	80.014	163.7610
387.000000	79.986	164.0125
395.000000	79.942	164.4108
400.000000	79.914	164.6559
406.000000	79.880	164.9509
412.000000	79.846	165.2561
418.000000	79.813	165.5586
425.000000	79.776	165.9034
431.000000	79.744	166.2027
437.000000	79.714	166.4940
444.000000	79.679	166.8276
450.000000	79.649	167.1225
455.000000	79.625	167.3699
462.000000	79.591	167.6988
468.000000	79.560	167.9698
475.000000	79.524	168.3025
482.000000	79.489	168.6349
487.000000	79.464	168.8720
494.000000	79.428	169.2142
500.000000	79.398	169.5143
508.000000	79.358	169.9033
515.000000	79.323	170.2411
522.000000	79.289	170.5822
530.000000	79.251	170.9974
538.000000	79.214	171.4299
545.000000	79.182	171.7954
552.000000	79.150	172.1644
560.000000	79.115	172.5969
570.000000	79.074	173.1413
580.000000	79.034	173.6913
590.000000	78.996	174.2641
600.000000	78.960	174.8295
608.000000	78.933	175.2836
615.000000	78.911	175.6823
622.000000	78.889	176.0798
630.000000	78.865	176.5348
640.000000	78.838	177.1004
650.000000	78.813	177.6658
660.000000	78.787	178.2374
670.000000	78.761	178.8142
680.000000	78.736	179.4000
690.000000	78.713	-179.9987
700.000000	78.692	-179.3836
710.000000	78.675	-178.7735
720.000000	78.660	-178.1612
730.000000	78.647	-177.5339
740.000000	78.637	-176.9009
750.000000	78.630	-176.2689
762.000000	78.625	-175.5081
775.000000	78.624	-174.6760
788.000000	78.627	-173.8423
800.000000	78.634	-173.0742
812.000000	78.645	-172.3072
825.000000	78.661	-171.4772
838.000000	78.680	-170.6487
850.000000	78.703	-169.8914
862.000000	78.731	-169.1344
875.000000	78.765	-168.3197
885.000000	78.795	-167.7016
900.000000	78.845	-166.7955
912.000000	78.890	-166.0836
925.000000	78.943	-165.3332
938.000000	79.000	-164.6027
950.000000	79.057	-163.9449
962.000000	79.117	-163.3116
975.000000	79.186	-162.6521
988.000000	79.258	-162.0134
1000.000000	79.327	-161.4465
1015.000000	79.416	-160.7825
1030.000000	79.508	-160.1616
1044.000000	79.596	-159.6156
1060.000000	79.697	-159.0377
1075.000000	79.794	-158.5362
1090.000000	79.891	-158.0799
1106.000000	79.993	-157.6385
1120.000000	80.081	-157.2782
1138.000000	80.193	-156.8598
1150.000000	80.266	-156.6064
1172.000000	80.396	-156.1805
1180.000000	80.442	-156.0364
1206.000000	80.588	-155.6077
1220.000000	80.663	-155.3954
1241.000000	80.772	-155.1036
1250.000000	80.817	-154.9838
1265.000000	80.891	-154.7878
1280.000000	80.963	-154.5959
1315.000000	81.125	-154.1651
1320.000000	81.148	-154.1052
1340.000000	81.237	-153.8671
1360.000000	81.325	-153.6282
1380.000000	81.412	-153.3817
1400.000000	81.498	-153.1263
1430.000000	81.627	-152.7292
1450.000000	81.715	-152.4543
1475.000000	81.830	-152.1165
1500.000000	81.950	-151.7901
1525.000000	82.076	-151.4889
1550.000000	82.207	-151.2243
1575.000000	82.343	-151.0114
1600.000000	82.481	-150.8584
1625.000000	82.619	-150.7740
1650.000000	82.755	-150.7539
1675.000000	82.887	-150.8022
1700.000000	83.013	-150.9045
1725.000000	83.132	-151.0483
1750.000000	83.244	-151.2158
1775.000000	83.347	-151.3970
1800.000000	83.442	-151.5781
1825.000000	83.531	-151.7512
1850.000000	83.616	-151.9115
1875.000000	83.696	-152.0570
1900.000000	83.774	-152.1855
1925.000000	83.849	-152.2981
1950.000000	83.925	-152.3960
1975.000000	84.000	-152.4829
2000.000000	84.076	-152.5630
2030.000000	84.166	-152.6494
2060.000000	84.257	-152.7287
2090.000000	84.350	-152.8037
2120.000000	84.444	-152.8790
2140.000000	84.508	-152.9343
2180.000000	84.639	-153.0629
2200.000000	84.705	-153.1368
2240.000000	84.838	-153.3120
2270.000000	84.939	-153.4602
2300.000000	85.040	-153.6237
2330.000000	85.143	-153.8085
2360.000000	85.245	-154.0172
2400.000000	85.380	-154.3277
2430.000000	85.481	-154.5818
2470.000000	85.614	-154.9548
2500.000000	85.713	-155.2601
2540.000000	85.842	-155.7068
2580.000000	85.967	-156.1936
2620.000000	86.089	-156.7145
2650.000000	86.179	-157.1284
2690.000000	86.295	-157.7113
2720.000000	86.380	-158.1713
2760.000000	86.489	-158.8103
2800.000000	86.593	-159.4756
2850.000000	86.716	-160.3431
2900.000000	86.831	-161.2512
2950.000000	86.937	-162.1982
3000.000000	87.033	-163.1817
3040.000000	87.103	-163.9916
3070.000000	87.151	-164.6108
3110.000000	87.209	-165.4445
3150.000000	87.258	-166.2820
3200.000000	87.312	-167.3201
3250.000000	87.357	-168.3448
3300.000000	87.395	-169.3627
3350.000000	87.428	-170.3820
3400.000000	87.452	-171.4036
3450.000000	87.470	-172.4182
3500.000000	87.480	-173.4250
3550.000000	87.483	-174.4243
3600.000000	87.480	-175.4114
3650.000000	87.470	-176.3864
3700.000000	87.455	-177.3488
3750.000000	87.434	-178.2984
3820.000000	87.395	-179.6019
3870.000000	87.361	179.4841
3950.000000	87.298	178.0521
4000.000000	87.252	177.1791
4060.000000	87.192	176.1496
4120.000000	87.125	175.1370
4180.000000	87.053	174.1447
4250.000000	86.961	173.0123
4310.000000	86.876	172.0615
4370.000000	86.785	171.1270
4440.000000	86.672	170.0638
4500.000000	86.568	169.1763
4550.000000	86.477	168.4511
4620.000000	86.343	167.4657
4680.000000	86.222	166.6519
4750.000000	86.073	165.7396
4820.000000	85.916	164.8761
4870.000000	85.800	164.2935
4940.000000	85.631	163.5273
5000.000000	85.482	162.9164
5080.000000	85.278	162.1725
5150.000000	85.093	161.5904
5220.000000	84.905	161.0763
5300.000000	84.687	160.5722
5380.000000	84.468	160.1607
5450.000000	84.274	159.8816
5520.000000	84.083	159.6777
5600.000000	83.868	159.5285
5700.000000	83.604	159.4406
5800.000000	83.345	159.4647
5900.000000	83.091	159.6328
6000.000000	82.850	159.9440
6080.000000	82.670	160.2855
6150.000000	82.524	160.6349
6220.000000	82.389	161.0094
6300.000000	82.245	161.4572
6400.000000	82.079	162.0586
6500.000000	81.931	162.7134
6600.000000	81.803	163.4003
6700.000000	81.697	164.0928
6800.000000	81.610	164.7755
6900.000000	81.543	165.4370
7000.000000	81.494	166.0629
7100.000000	81.465	166.6399
7200.000000	81.456	167.1385
7300.000000	81.464	167.5245
7400.000000	81.486	167.7833
7500.000000	81.515	167.9088
7620.000000	81.557	167.8671
7750.000000	81.605	167.5724
7880.000000	81.645	166.9830
8000.000000	81.661	166.2040
8120.000000	81.650	165.2453
8250.000000	81.605	164.0421
8380.000000	81.522	162.6792
8500.000000	81.407	161.2989
8620.000000	81.248	159.8069
8750.000000	81.009	158.1161
8850.000000	80.776	156.8510
9000.000000	80.343	155.0869
9120.000000	79.917	153.8924
9250.000000	79.377	153.0137
9380.000000	78.775	152.7635
9500.000000	78.196	153.1606
9620.000000	77.618	154.1206
9750.000000	77.005	155.7393
9880.000000	76.427	157.9164
10000.000000	75.937	160.3138
10150.000000	75.390	163.6829
10300.000000	74.914	167.3600
10440.000000	74.531	170.9790
10600.000000	74.166	175.2434
10750.000000	73.889	179.2915
10900.000000	73.667	-176.6552
11060.000000	73.489	-172.3210
11200.000000	73.387	-168.5440
11380.000000	73.329	-163.7927
11500.000000	73.331	-160.6978
11720.000000	73.428	-155.1955
11800.000000	73.494	-153.2699
12060.000000	73.827	-147.3730
12200.000000	74.082	-144.4752
12410.000000	74.574	-140.5966
12500.000000	74.826	-139.1341
12650.000000	75.306	-137.0283
12800.000000	75.862	-135.4292
13150.000000	77.424	-134.4378
13200.000000	77.670	-134.6971
13400.000000	78.675	-136.9788
13600.000000	79.623	-141.4706
13800.000000	80.364	-148.1063
14000.000000	80.752	-156.2006
14300.000000	80.549	-168.4030
14500.000000	79.988	-174.8984
14750.000000	79.053	179.7924
15000.000000	78.094	177.4339
15250.000000	77.257	177.2700
15500.000000	76.599	178.5144
15750.000000	76.129	-179.5150
16000.000000	75.828	-177.3329
16250.000000	75.670	-175.3724
16500.000000	75.618	-174.0232
16750.000000	75.624	-173.6114
17000.000000	75.615	-174.3862
17250.000000	75.515	-176.3632
17500.000000	75.257	-179.3827
17750.000000	74.788	176.9039
18000.000000	74.091	172.9744
18250.000000	73.194	169.2410
18500.000000	72.154	165.8931
18750.000000	71.031	162.9077
19000.000000	69.874	160.1097
19250.000000	68.713	157.3134
19500.000000	67.570	154.4368
19750.000000	66.518	151.5560
20000.000000	65.852	149.3240
