* Measurement data measured by REW V5.31.3
* Source: Microphone (JadeAudio JA11), MICROPHONE (Master Volume), R, volume: 0.250
* Format: 512k Log Swept Sine, 1 sweep at -8.1 dBFS with no timing reference
* Dated: Mar 30, 2025 10:02:29 AM
* REW Settings:
*  C-weighting compensation: Off
*  Target level: 75.0 dB
* Note: 
* Measurement: L Zero Blue 2 (5?, Final E C)
* Smoothing: 1/24 octave
* Frequency Step: 1/48 octave
* Start Frequency: 20.300 Hz
*
* Freq(Hz)	SPL(dB)	Phase(degrees)
20.299999	94.934	170.5786
20.600000	94.926	170.1687
20.900000	94.917	169.6964
21.200001	94.909	169.2253
21.400000	94.904	168.9185
21.799999	94.892	168.3303
22.000000	94.884	168.0457
22.400000	94.859	167.4490
22.700001	94.835	167.0162
23.000000	94.809	166.5917
23.299999	94.782	166.1340
23.600000	94.755	165.6857
24.000000	94.721	165.1060
24.299999	94.695	164.6392
24.700001	94.658	164.0269
25.000000	94.631	163.5776
25.400000	94.595	162.9449
25.799999	94.562	162.3334
26.200001	94.532	161.7340
26.500000	94.512	161.2897
26.900000	94.484	160.7124
27.200001	94.464	160.2900
27.600000	94.438	159.7387
28.000000	94.411	159.2021
28.500000	94.379	158.5713
29.000000	94.346	157.9701
29.500000	94.310	157.4020
30.000000	94.271	156.8515
30.400000	94.238	156.4175
30.700001	94.212	156.0983
31.100000	94.177	155.6775
31.500000	94.140	155.2529
32.000000	94.092	154.7363
32.500000	94.042	154.1983
33.000000	93.991	153.6700
33.500000	93.940	153.1269
34.000000	93.889	152.5979
34.500000	93.839	152.0656
35.000000	93.791	151.5417
35.500000	93.744	151.0132
36.000000	93.697	150.4913
36.500000	93.651	149.9815
37.000000	93.605	149.4874
37.500000	93.559	149.0121
38.200001	93.494	148.3639
38.700001	93.447	147.9170
39.500000	93.369	147.2284
40.000000	93.319	146.8113
40.599998	93.259	146.3073
41.200001	93.199	145.8103
41.799999	93.139	145.3228
42.500000	93.067	144.7518
43.099998	93.004	144.2435
43.700001	92.942	143.7272
44.400002	92.871	143.1765
45.000000	92.812	142.7556
45.500000	92.763	142.4066
46.200001	92.691	141.8800
46.799999	92.625	141.4111
47.500000	92.550	140.8925
48.200001	92.479	140.4079
48.700001	92.428	140.0660
49.400002	92.354	139.5878
50.000000	92.290	139.1907
50.799999	92.206	138.6749
51.500000	92.132	138.2261
52.200001	92.058	137.7787
53.000000	91.973	137.2820
53.799999	91.888	136.8069
54.500000	91.813	136.4030
55.200001	91.737	135.9971
56.000000	91.651	135.5335
57.000000	91.548	134.9670
58.000000	91.440	134.3908
59.000000	91.330	133.8459
60.000000	91.226	133.3570
60.799999	91.141	132.9512
61.500000	91.065	132.5896
62.200001	90.990	132.2487
63.000000	90.906	131.8878
64.000000	90.800	131.4442
65.000000	90.695	130.9819
66.000000	90.589	130.5274
67.000000	90.482	130.1033
68.000000	90.377	129.6828
69.000000	90.271	129.2801
70.000000	90.163	128.9020
71.000000	90.057	128.5261
72.000000	89.951	128.1574
73.000000	89.844	127.8041
74.000000	89.736	127.4645
75.000000	89.630	127.1286
76.199997	89.505	126.7327
77.500000	89.368	126.3292
78.800003	89.227	125.9359
80.000000	89.100	125.5939
81.199997	88.974	125.2679
82.500000	88.838	124.9254
83.800003	88.702	124.5950
85.000000	88.578	124.3095
86.199997	88.453	124.0434
87.500000	88.315	123.7805
88.500000	88.210	123.5822
90.000000	88.058	123.2820
91.199997	87.936	123.0526
92.500000	87.803	122.8279
93.800003	87.671	122.6320
95.000000	87.550	122.4520
96.199997	87.428	122.2749
97.500000	87.296	122.1024
98.800003	87.166	121.9475
100.000000	87.046	121.8046
101.500000	86.895	121.6569
103.000000	86.745	121.5258
104.400002	86.607	121.4084
106.000000	86.450	121.3126
107.500000	86.304	121.2431
109.000000	86.159	121.1812
110.599998	86.005	121.1161
112.000000	85.870	121.0816
113.800003	85.697	121.0756
115.000000	85.583	121.0845
117.199997	85.378	121.1206
118.000000	85.303	121.1377
120.599998	85.058	121.2014
122.000000	84.932	121.2807
124.099998	84.747	121.4609
125.000000	84.666	121.5424
126.500000	84.533	121.6896
128.000000	84.402	121.8560
131.500000	84.108	122.2811
132.000000	84.066	122.3487
134.000000	83.904	122.6131
136.000000	83.741	122.8934
138.000000	83.578	123.2291
140.000000	83.429	123.5973
143.000000	83.211	124.1492
145.000000	83.066	124.6056
147.500000	82.902	125.2642
150.000000	82.763	125.8221
152.500000	82.626	126.2514
155.000000	82.478	126.6586
157.500000	82.326	127.0652
160.000000	82.178	127.5321
162.500000	82.035	128.0702
165.000000	81.893	128.6158
167.500000	81.755	129.1750
170.000000	81.626	129.7552
172.500000	81.505	130.3475
175.000000	81.378	130.9588
177.500000	81.252	131.5628
180.000000	81.135	132.1831
182.500000	81.026	132.8490
185.000000	80.934	133.5124
187.500000	80.854	134.1786
190.000000	80.775	134.8150
192.500000	80.694	135.4333
195.000000	80.613	136.0221
197.500000	80.535	136.5958
200.000000	80.461	137.1785
203.000000	80.376	137.8793
206.000000	80.294	138.5905
209.000000	80.218	139.3134
212.000000	80.148	140.0145
214.000000	80.099	140.4644
218.000000	80.002	141.3306
220.000000	79.964	141.7597
224.000000	79.898	142.6521
227.000000	79.849	143.3040
230.000000	79.802	143.9086
233.000000	79.761	144.5049
236.000000	79.723	145.0751
240.000000	79.673	145.8147
243.000000	79.637	146.3844
247.000000	79.590	147.1204
250.000000	79.556	147.6435
254.000000	79.517	148.3221
258.000000	79.481	148.9798
262.000000	79.448	149.5973
265.000000	79.426	150.0424
269.000000	79.398	150.6385
272.000000	79.379	151.0768
276.000000	79.353	151.6258
280.000000	79.330	152.1473
285.000000	79.300	152.7813
290.000000	79.271	153.3886
295.000000	79.244	153.9695
300.000000	79.219	154.5347
304.000000	79.199	154.9763
307.000000	79.184	155.2969
311.000000	79.165	155.7139
315.000000	79.147	156.1255
320.000000	79.127	156.6283
325.000000	79.109	157.0969
330.000000	79.092	157.5447
335.000000	79.076	157.9644
340.000000	79.058	158.3698
345.000000	79.041	158.7681
350.000000	79.023	159.1539
355.000000	79.006	159.5387
360.000000	78.991	159.9042
365.000000	78.976	160.2375
370.000000	78.960	160.5436
375.000000	78.942	160.8412
382.000000	78.915	161.2580
387.000000	78.895	161.5497
395.000000	78.860	161.9868
400.000000	78.837	162.2488
406.000000	78.806	162.5574
412.000000	78.772	162.8734
418.000000	78.738	163.2013
425.000000	78.697	163.5893
431.000000	78.662	163.9337
437.000000	78.628	164.2916
444.000000	78.589	164.7097
450.000000	78.558	165.0795
455.000000	78.533	165.3904
462.000000	78.499	165.8114
468.000000	78.469	166.1697
475.000000	78.436	166.5942
482.000000	78.404	167.0131
487.000000	78.381	167.3103
494.000000	78.349	167.7241
500.000000	78.324	168.0730
508.000000	78.290	168.5432
515.000000	78.260	168.9510
522.000000	78.232	169.3567
530.000000	78.200	169.8227
538.000000	78.169	170.2844
545.000000	78.142	170.6902
552.000000	78.115	171.0992
560.000000	78.084	171.5705
570.000000	78.046	172.1585
580.000000	78.010	172.7424
590.000000	77.975	173.3329
600.000000	77.942	173.9292
608.000000	77.916	174.4078
615.000000	77.894	174.8295
622.000000	77.873	175.2548
630.000000	77.850	175.7395
640.000000	77.822	176.3405
650.000000	77.795	176.9486
660.000000	77.770	177.5615
670.000000	77.747	178.1722
680.000000	77.725	178.7828
690.000000	77.705	179.3904
700.000000	77.685	179.9977
710.000000	77.666	-179.3942
720.000000	77.645	-178.7777
730.000000	77.624	-178.1484
740.000000	77.604	-177.4991
750.000000	77.586	-176.8239
762.000000	77.567	-175.9836
775.000000	77.555	-175.0508
788.000000	77.552	-174.1028
800.000000	77.555	-173.2331
812.000000	77.564	-172.3728
825.000000	77.579	-171.4485
838.000000	77.600	-170.5369
850.000000	77.624	-169.7062
862.000000	77.651	-168.8854
875.000000	77.686	-168.0066
885.000000	77.716	-167.3394
900.000000	77.766	-166.3519
912.000000	77.810	-165.5770
925.000000	77.862	-164.7615
938.000000	77.919	-163.9667
950.000000	77.977	-163.2485
962.000000	78.038	-162.5568
975.000000	78.106	-161.8396
988.000000	78.178	-161.1448
1000.000000	78.248	-160.5293
1015.000000	78.338	-159.8008
1030.000000	78.430	-159.1177
1044.000000	78.517	-158.5210
1060.000000	78.618	-157.8836
1075.000000	78.714	-157.3245
1090.000000	78.810	-156.8077
1106.000000	78.910	-156.2989
1120.000000	78.997	-155.8885
1138.000000	79.107	-155.4028
1150.000000	79.178	-155.1001
1172.000000	79.305	-154.5875
1180.000000	79.349	-154.4126
1206.000000	79.489	-153.8768
1220.000000	79.561	-153.6017
1241.000000	79.664	-153.2065
1250.000000	79.708	-153.0389
1265.000000	79.778	-152.7613
1280.000000	79.846	-152.4837
1315.000000	79.999	-151.8224
1320.000000	80.021	-151.7265
1340.000000	80.109	-151.3401
1360.000000	80.199	-150.9469
1380.000000	80.290	-150.5560
1400.000000	80.382	-150.1687
1430.000000	80.522	-149.5958
1450.000000	80.618	-149.2196
1475.000000	80.743	-148.7627
1500.000000	80.873	-148.3297
1525.000000	81.009	-147.9322
1550.000000	81.150	-147.5848
1575.000000	81.295	-147.3011
1600.000000	81.442	-147.0851
1625.000000	81.588	-146.9433
1650.000000	81.731	-146.8782
1675.000000	81.869	-146.8827
1700.000000	81.999	-146.9452
1725.000000	82.121	-147.0527
1750.000000	82.232	-147.1843
1775.000000	82.335	-147.3266
1800.000000	82.429	-147.4681
1825.000000	82.516	-147.6007
1850.000000	82.597	-147.7211
1875.000000	82.673	-147.8239
1900.000000	82.746	-147.9045
1925.000000	82.815	-147.9656
1950.000000	82.883	-148.0090
1975.000000	82.950	-148.0371
2000.000000	83.016	-148.0557
2030.000000	83.095	-148.0655
2060.000000	83.174	-148.0649
2090.000000	83.253	-148.0607
2120.000000	83.331	-148.0559
2140.000000	83.384	-148.0549
2180.000000	83.487	-148.0515
2200.000000	83.538	-148.0480
2240.000000	83.638	-148.0463
2270.000000	83.711	-148.0439
2300.000000	83.781	-148.0338
2330.000000	83.849	-148.0110
2360.000000	83.915	-147.9681
2400.000000	84.001	-147.8655
2430.000000	84.066	-147.7438
2470.000000	84.161	-147.5219
2500.000000	84.241	-147.3374
2540.000000	84.358	-147.1176
2580.000000	84.480	-146.9513
2620.000000	84.601	-146.7990
2650.000000	84.691	-146.6580
2690.000000	84.820	-146.4162
2720.000000	84.929	-146.2183
2760.000000	85.092	-145.9959
2800.000000	85.270	-145.8757
2850.000000	85.502	-145.8617
2900.000000	85.746	-145.9745
2950.000000	86.006	-146.2781
3000.000000	86.270	-146.8541
3040.000000	86.473	-147.5215
3070.000000	86.614	-148.1226
3110.000000	86.782	-149.0219
3150.000000	86.927	-149.9850
3200.000000	87.081	-151.1661
3250.000000	87.216	-152.3446
3300.000000	87.331	-153.5068
3350.000000	87.430	-154.6070
3400.000000	87.522	-155.6375
3450.000000	87.614	-156.6297
3500.000000	87.707	-157.6239
3550.000000	87.800	-158.6440
3600.000000	87.892	-159.7049
3650.000000	87.981	-160.8171
3700.000000	88.064	-161.9795
3750.000000	88.141	-163.1924
3820.000000	88.238	-164.9727
3870.000000	88.299	-166.3152
3950.000000	88.377	-168.6148
4000.000000	88.408	-170.1523
4060.000000	88.420	-172.0931
4120.000000	88.394	-174.0887
4180.000000	88.330	-176.0428
4250.000000	88.216	-178.1599
4310.000000	88.103	-179.8289
4370.000000	87.982	178.5675
4440.000000	87.823	176.7181
4500.000000	87.661	175.1761
4550.000000	87.506	173.9766
4620.000000	87.269	172.4944
4680.000000	87.056	171.4016
4750.000000	86.804	170.3163
4820.000000	86.554	169.3987
4870.000000	86.378	168.8195
4940.000000	86.134	168.0791
5000.000000	85.922	167.4930
5080.000000	85.631	166.8119
5150.000000	85.366	166.3603
5220.000000	85.097	166.0762
5300.000000	84.794	165.9549
5380.000000	84.501	166.0249
5450.000000	84.255	166.2179
5520.000000	84.020	166.5182
5600.000000	83.764	166.9819
5700.000000	83.463	167.7261
5800.000000	83.187	168.6432
5900.000000	82.936	169.7271
6000.000000	82.712	170.9702
6080.000000	82.555	172.0741
6150.000000	82.436	173.1183
6220.000000	82.335	174.2251
6300.000000	82.244	175.5509
6400.000000	82.170	177.2771
6500.000000	82.143	179.0550
6600.000000	82.167	-179.1778
6700.000000	82.237	-177.4718
6800.000000	82.356	-175.8232
6900.000000	82.528	-174.2787
7000.000000	82.753	-172.8922
7100.000000	83.033	-171.7149
7200.000000	83.369	-170.8187
7300.000000	83.762	-170.2910
7400.000000	84.209	-170.2346
7500.000000	84.709	-170.7816
7620.000000	85.363	-172.4882
7750.000000	86.093	-176.0484
7880.000000	86.729	178.1932
8000.000000	87.078	170.9769
8120.000000	87.058	162.6085
8250.000000	86.541	153.6021
8380.000000	85.569	146.2002
8500.000000	84.425	141.6287
8620.000000	83.205	139.2968
8750.000000	81.925	138.8816
8850.000000	81.017	139.6951
9000.000000	79.807	142.1794
9120.000000	78.971	144.8858
9250.000000	78.185	148.2641
9380.000000	77.507	151.9344
9500.000000	76.963	155.4916
9620.000000	76.490	159.1680
9750.000000	76.049	163.2455
9880.000000	75.677	167.3839
10000.000000	75.393	171.2239
10150.000000	75.114	176.0221
10300.000000	74.917	-179.2044
10440.000000	74.808	-174.8105
10600.000000	74.775	-169.9197
10750.000000	74.834	-165.5161
10900.000000	74.981	-161.3565
11060.000000	75.239	-157.2693
11200.000000	75.554	-154.0674
11380.000000	76.086	-150.6285
11500.000000	76.522	-148.8986
11720.000000	77.473	-147.3384
11800.000000	77.855	-147.4271
12060.000000	79.107	-150.7258
12200.000000	79.675	-154.5411
12410.000000	80.181	-162.4593
12500.000000	80.227	-166.2933
12650.000000	80.053	-172.6168
12800.000000	79.599	-178.1799
13150.000000	77.927	174.4051
13200.000000	77.668	174.0261
13400.000000	76.678	173.9695
13600.000000	75.823	175.8022
13800.000000	75.145	178.9849
14000.000000	74.656	-176.8995
14300.000000	74.272	-169.5556
14500.000000	74.263	-164.1528
14750.000000	74.561	-157.2371
15000.000000	75.245	-150.6330
15250.000000	76.418	-145.1184
15500.000000	78.238	-142.4190
15750.000000	80.681	-146.3178
16000.000000	82.954	-161.2840
16250.000000	83.570	174.0906
16500.000000	81.807	150.1829
16750.000000	78.538	135.7391
17000.000000	75.076	130.5977
17250.000000	72.113	130.5480
17500.000000	69.716	132.3244
17750.000000	67.759	134.3537
18000.000000	66.137	135.9763
18250.000000	64.785	136.9244
18500.000000	63.657	137.2680
18750.000000	62.714	137.3050
19000.000000	61.919	137.4640
19250.000000	61.236	138.2342
19500.000000	60.640	140.0332
19750.000000	60.143	143.0161
20000.000000	59.852	146.1428
