* Measurement data measured by REW V5.31.3
* Source: Microphone (JadeAudio JA11), MICROPHONE (Master Volume), R, volume: 0.250
* Format: 256k Log Swept Sine, 1 sweep at -8.1 dBFS with no timing reference
* Dated: Mar 27, 2025 10:27:06 PM
* REW Settings:
*  C-weighting compensation: Off
*  Target level: 75.0 dB
* Note: 
* Measurement: R Zero Blue 2 (5?, T300B)
* Smoothing: 1/24 octave
* Frequency Step: 1/48 octave
* Start Frequency: 20.000 Hz
*
* Freq(Hz)	SPL(dB)	Phase(degrees)
20.000000	94.342	168.6408
20.299999	94.334	168.1717
20.600000	94.323	167.7205
20.900000	94.311	167.2858
21.200001	94.296	166.8585
21.400000	94.285	166.5793
21.799999	94.259	166.0395
22.000000	94.245	165.7742
22.400000	94.213	165.2175
22.700001	94.187	164.8129
23.000000	94.160	164.4159
23.299999	94.132	163.9847
23.600000	94.103	163.5602
24.000000	94.063	163.0070
24.299999	94.034	162.5618
24.700001	93.994	161.9783
25.000000	93.965	161.5521
25.400000	93.928	160.9524
25.799999	93.892	160.3694
26.200001	93.858	159.7925
26.500000	93.834	159.3628
26.900000	93.803	158.8051
27.200001	93.780	158.3994
27.600000	93.750	157.8723
28.000000	93.722	157.3580
28.500000	93.686	156.7485
29.000000	93.649	156.1567
29.500000	93.609	155.5917
30.000000	93.566	155.0451
30.400000	93.530	154.6193
30.700001	93.502	154.3097
31.100000	93.463	153.9055
31.500000	93.423	153.4981
32.000000	93.372	152.9984
32.500000	93.321	152.4753
33.000000	93.267	151.9581
33.500000	93.212	151.4279
34.000000	93.157	150.9146
34.500000	93.104	150.3983
35.000000	93.052	149.8938
35.500000	93.002	149.3871
36.000000	92.953	148.8875
36.500000	92.904	148.3952
37.000000	92.856	147.9139
37.500000	92.807	147.4509
38.200001	92.738	146.8283
38.700001	92.689	146.4018
39.500000	92.610	145.7313
40.000000	92.558	145.3145
40.599998	92.492	144.8186
41.200001	92.422	144.3584
41.799999	92.354	143.9401
42.500000	92.284	143.4544
43.099998	92.228	142.9879
43.700001	92.165	142.4766
44.400002	92.082	141.8999
45.000000	92.009	141.4548
45.500000	91.952	141.1022
46.200001	91.874	140.6073
46.799999	91.807	140.1807
47.500000	91.728	139.6935
48.200001	91.649	139.2222
48.700001	91.593	138.8932
49.400002	91.515	138.4390
50.000000	91.448	138.0574
50.799999	91.359	137.5577
51.500000	91.280	137.1341
52.200001	91.202	136.7238
53.000000	91.113	136.2676
53.799999	91.023	135.8210
54.500000	90.944	135.4403
55.200001	90.866	135.0682
56.000000	90.778	134.6385
57.000000	90.663	134.0989
58.000000	90.547	133.6015
59.000000	90.437	133.1188
60.000000	90.327	132.6259
60.799999	90.237	132.2436
61.500000	90.159	131.9237
62.200001	90.080	131.6163
63.000000	89.990	131.2777
64.000000	89.879	130.8685
65.000000	89.767	130.4724
66.000000	89.655	130.0800
67.000000	89.542	129.6949
68.000000	89.429	129.3252
69.000000	89.315	128.9760
70.000000	89.203	128.6454
71.000000	89.093	128.3148
72.000000	88.983	127.9838
73.000000	88.870	127.6718
74.000000	88.759	127.3801
75.000000	88.648	127.0993
76.199997	88.516	126.7731
77.500000	88.371	126.4445
78.800003	88.228	126.1419
80.000000	88.097	125.8815
81.199997	87.968	125.6240
82.500000	87.827	125.3496
83.800003	87.687	125.1043
85.000000	87.560	124.8928
86.199997	87.432	124.6865
87.500000	87.294	124.4826
88.500000	87.188	124.3342
90.000000	87.027	124.1349
91.199997	86.898	123.9959
92.500000	86.760	123.8760
93.800003	86.625	123.7729
95.000000	86.503	123.6796
96.199997	86.382	123.5806
97.500000	86.248	123.4816
98.800003	86.114	123.4291
100.000000	85.994	123.4011
101.500000	85.846	123.3683
103.000000	85.697	123.3439
104.400002	85.559	123.3421
106.000000	85.403	123.3549
107.500000	85.258	123.3841
109.000000	85.117	123.4419
110.599998	84.969	123.5146
112.000000	84.840	123.6088
113.800003	84.676	123.7473
115.000000	84.567	123.8370
117.199997	84.364	124.0408
118.000000	84.291	124.1270
120.599998	84.065	124.4395
122.000000	83.949	124.6178
124.099998	83.779	124.8957
125.000000	83.707	125.0147
126.500000	83.585	125.2192
128.000000	83.465	125.4335
131.500000	83.195	125.9541
132.000000	83.157	126.0321
134.000000	83.005	126.3881
136.000000	82.849	126.8310
138.000000	82.692	127.3232
140.000000	82.542	127.8011
143.000000	82.337	128.4828
145.000000	82.215	128.9438
147.500000	82.066	129.5781
150.000000	81.918	130.2447
152.500000	81.778	130.9110
155.000000	81.645	131.5854
157.500000	81.518	132.2993
160.000000	81.392	133.0047
162.500000	81.275	133.7001
165.000000	81.170	134.3925
167.500000	81.071	135.1012
170.000000	80.974	135.7710
172.500000	80.879	136.3549
175.000000	80.788	136.9093
177.500000	80.695	137.5945
180.000000	80.607	138.4355
182.500000	80.528	139.2083
185.000000	80.444	139.9042
187.500000	80.371	140.5555
190.000000	80.308	141.2699
192.500000	80.277	141.9668
195.000000	80.251	142.5922
197.500000	80.228	143.2665
200.000000	80.201	143.8268
203.000000	80.145	144.3871
206.000000	80.088	144.9474
209.000000	80.039	145.5131
212.000000	79.999	146.0929
214.000000	79.977	146.4814
218.000000	79.923	147.2008
220.000000	79.892	147.5745
224.000000	79.846	148.3269
227.000000	79.819	148.9076
230.000000	79.787	149.4879
233.000000	79.756	150.0106
236.000000	79.734	150.4968
240.000000	79.715	151.1483
243.000000	79.700	151.5898
247.000000	79.679	152.1428
250.000000	79.666	152.5640
254.000000	79.644	153.1132
258.000000	79.622	153.6306
262.000000	79.600	154.1060
265.000000	79.585	154.4729
269.000000	79.565	154.9843
272.000000	79.555	155.3575
276.000000	79.544	155.7867
280.000000	79.531	156.1786
285.000000	79.514	156.6319
290.000000	79.495	157.0759
295.000000	79.480	157.5350
300.000000	79.466	157.9621
304.000000	79.456	158.2776
307.000000	79.448	158.5083
311.000000	79.437	158.8088
315.000000	79.426	159.0966
320.000000	79.414	159.4521
325.000000	79.401	159.7708
330.000000	79.385	160.0715
335.000000	79.366	160.3710
340.000000	79.343	160.6562
345.000000	79.322	160.9346
350.000000	79.302	161.2120
355.000000	79.280	161.4910
360.000000	79.257	161.7769
365.000000	79.230	162.0727
370.000000	79.204	162.3759
375.000000	79.184	162.6813
382.000000	79.161	163.0712
387.000000	79.145	163.3453
395.000000	79.117	163.7850
400.000000	79.100	164.0578
406.000000	79.082	164.3783
412.000000	79.067	164.6911
418.000000	79.054	164.9669
425.000000	79.036	165.2513
431.000000	79.017	165.4621
437.000000	78.999	165.6510
444.000000	78.976	165.8590
450.000000	78.952	166.0444
455.000000	78.927	166.1939
462.000000	78.890	166.3960
468.000000	78.857	166.5856
475.000000	78.814	166.8269
482.000000	78.767	167.0644
487.000000	78.730	167.2475
494.000000	78.678	167.5360
500.000000	78.633	167.8251
508.000000	78.577	168.2740
515.000000	78.534	168.7133
522.000000	78.496	169.1517
530.000000	78.460	169.6323
538.000000	78.429	170.0992
545.000000	78.403	170.4931
552.000000	78.376	170.8745
560.000000	78.346	171.2982
570.000000	78.311	171.8293
580.000000	78.276	172.3488
590.000000	78.241	172.8801
600.000000	78.206	173.4208
608.000000	78.180	173.8539
615.000000	78.158	174.2301
622.000000	78.136	174.6031
630.000000	78.113	175.0256
640.000000	78.085	175.5504
650.000000	78.055	176.0762
660.000000	78.022	176.6166
670.000000	77.990	177.1848
680.000000	77.961	177.7855
690.000000	77.935	178.4038
700.000000	77.913	179.0247
710.000000	77.896	179.6436
720.000000	77.881	-179.7452
730.000000	77.869	-179.1346
740.000000	77.859	-178.5208
750.000000	77.849	-177.8965
762.000000	77.841	-177.1482
775.000000	77.837	-176.3378
788.000000	77.837	-175.5176
800.000000	77.841	-174.7570
812.000000	77.849	-174.0007
825.000000	77.863	-173.1767
838.000000	77.881	-172.3567
850.000000	77.901	-171.5995
862.000000	77.925	-170.8515
875.000000	77.956	-170.0563
885.000000	77.984	-169.4447
900.000000	78.032	-168.5360
912.000000	78.075	-167.8286
925.000000	78.126	-167.0862
938.000000	78.182	-166.3657
950.000000	78.238	-165.7093
962.000000	78.296	-165.0746
975.000000	78.363	-164.4241
988.000000	78.434	-163.8011
1000.000000	78.502	-163.2513
1015.000000	78.590	-162.6037
1030.000000	78.681	-161.9921
1044.000000	78.768	-161.4675
1060.000000	78.867	-160.9212
1075.000000	78.961	-160.4501
1090.000000	79.055	-160.0256
1106.000000	79.156	-159.6167
1120.000000	79.242	-159.2906
1138.000000	79.350	-158.9208
1150.000000	79.420	-158.6992
1172.000000	79.543	-158.3373
1180.000000	79.586	-158.2168
1206.000000	79.720	-157.8571
1220.000000	79.789	-157.6842
1241.000000	79.887	-157.4511
1250.000000	79.928	-157.3537
1265.000000	79.993	-157.1900
1280.000000	80.055	-157.0282
1315.000000	80.195	-156.6522
1320.000000	80.214	-156.5991
1340.000000	80.289	-156.3824
1360.000000	80.362	-156.1600
1380.000000	80.434	-155.9333
1400.000000	80.504	-155.6962
1430.000000	80.609	-155.3180
1450.000000	80.681	-155.0530
1475.000000	80.773	-154.7156
1500.000000	80.867	-154.3753
1525.000000	80.966	-154.0371
1550.000000	81.070	-153.7136
1575.000000	81.177	-153.4077
1600.000000	81.290	-153.1259
1625.000000	81.406	-152.8811
1650.000000	81.525	-152.6824
1675.000000	81.644	-152.5326
1700.000000	81.763	-152.4307
1725.000000	81.879	-152.3798
1750.000000	81.993	-152.3774
1775.000000	82.103	-152.4129
1800.000000	82.206	-152.4693
1825.000000	82.304	-152.5386
1850.000000	82.397	-152.6186
1875.000000	82.485	-152.7048
1900.000000	82.569	-152.7929
1925.000000	82.650	-152.8723
1950.000000	82.730	-152.9404
1975.000000	82.808	-152.9998
2000.000000	82.884	-153.0504
2030.000000	82.974	-153.1006
2060.000000	83.065	-153.1447
2090.000000	83.156	-153.1861
2120.000000	83.248	-153.2225
2140.000000	83.310	-153.2510
2180.000000	83.435	-153.3148
2200.000000	83.499	-153.3500
2240.000000	83.627	-153.4336
2270.000000	83.725	-153.5092
2300.000000	83.823	-153.5998
2330.000000	83.923	-153.7087
2360.000000	84.022	-153.8361
2400.000000	84.156	-154.0386
2430.000000	84.257	-154.2107
2470.000000	84.391	-154.4734
2500.000000	84.491	-154.6957
2540.000000	84.624	-155.0280
2580.000000	84.755	-155.4020
2620.000000	84.883	-155.8142
2650.000000	84.978	-156.1463
2690.000000	85.103	-156.6247
2720.000000	85.194	-157.0092
2760.000000	85.312	-157.5572
2800.000000	85.427	-158.1456
2850.000000	85.563	-158.9363
2900.000000	85.691	-159.7798
2950.000000	85.809	-160.6643
3000.000000	85.918	-161.5868
3040.000000	85.998	-162.3517
3070.000000	86.054	-162.9428
3110.000000	86.122	-163.7472
3150.000000	86.183	-164.5662
3200.000000	86.249	-165.6034
3250.000000	86.301	-166.6456
3300.000000	86.343	-167.6883
3350.000000	86.373	-168.7224
3400.000000	86.393	-169.7435
3450.000000	86.403	-170.7394
3500.000000	86.403	-171.7015
3550.000000	86.395	-172.6259
3600.000000	86.381	-173.5036
3650.000000	86.363	-174.3372
3700.000000	86.345	-175.1329
3750.000000	86.328	-175.9111
3820.000000	86.303	-177.0124
3870.000000	86.281	-177.8283
3950.000000	86.231	-179.1629
4000.000000	86.187	-179.9822
4060.000000	86.124	179.0704
4120.000000	86.052	178.1747
4180.000000	85.974	177.3312
4250.000000	85.875	176.4156
4310.000000	85.787	175.6842
4370.000000	85.696	174.9927
4440.000000	85.585	174.2381
4500.000000	85.489	173.6328
4550.000000	85.406	173.1556
4620.000000	85.289	172.5320
4680.000000	85.187	172.0339
4750.000000	85.067	171.4876
4820.000000	84.945	170.9808
4870.000000	84.856	170.6459
4940.000000	84.730	170.2122
5000.000000	84.620	169.8734
5080.000000	84.471	169.4822
5150.000000	84.339	169.2015
5220.000000	84.209	168.9783
5300.000000	84.060	168.7798
5380.000000	83.913	168.6596
5450.000000	83.788	168.6264
5520.000000	83.669	168.6442
5600.000000	83.536	168.7012
5700.000000	83.376	168.8807
5800.000000	83.232	169.1975
5900.000000	83.110	169.6003
6000.000000	83.009	170.0486
6080.000000	82.940	170.4375
6150.000000	82.891	170.8058
6220.000000	82.854	171.1899
6300.000000	82.828	171.6363
6400.000000	82.819	172.1931
6500.000000	82.835	172.7311
6600.000000	82.879	173.2363
6700.000000	82.951	173.6765
6800.000000	83.055	174.0166
6900.000000	83.188	174.2307
7000.000000	83.348	174.2856
7100.000000	83.534	174.1476
7200.000000	83.745	173.8154
7300.000000	83.988	173.2512
7400.000000	84.265	172.3490
7500.000000	84.567	170.9891
7620.000000	84.945	168.6049
7750.000000	85.328	164.9537
7880.000000	85.623	160.1428
8000.000000	85.758	154.7832
8120.000000	85.709	148.8189
8250.000000	85.419	142.1487
8380.000000	84.886	135.7581
8500.000000	84.203	130.4642
8620.000000	83.365	126.0038
8750.000000	82.325	122.3004
8850.000000	81.461	120.3264
9000.000000	80.107	118.8443
9120.000000	79.016	118.9239
9250.000000	77.873	120.1738
9380.000000	76.800	122.4446
9500.000000	75.891	125.2585
9620.000000	75.066	128.5887
9750.000000	74.268	132.5915
9880.000000	73.559	136.8598
10000.000000	72.975	140.9663
10150.000000	72.331	146.2488
10300.000000	71.771	151.6362
10440.000000	71.313	156.7263
10600.000000	70.861	162.5852
10750.000000	70.502	168.0994
10900.000000	70.197	173.5997
11060.000000	69.928	179.4678
11200.000000	69.742	-175.3871
11380.000000	69.570	-168.8039
11500.000000	69.497	-164.4521
11720.000000	69.442	-156.5222
11800.000000	69.448	-153.6616
12060.000000	69.576	-144.4923
12200.000000	69.712	-139.6399
12410.000000	70.011	-132.4717
12500.000000	70.175	-129.4509
12650.000000	70.503	-124.4929
12800.000000	70.902	-119.6248
13150.000000	72.146	-108.7770
13200.000000	72.365	-107.2977
13400.000000	73.360	-101.6019
13600.000000	74.573	-96.3693
13800.000000	76.052	-91.8064
14000.000000	77.871	-88.2971
14300.000000	81.467	-86.9049
14500.000000	84.448	-91.5128
14750.000000	88.001	-108.3718
15000.000000	89.676	-136.4262
15250.000000	88.664	-163.4208
15500.000000	86.253	-178.8524
15750.000000	84.095	175.9438
16000.000000	82.767	175.3958
16250.000000	82.154	175.6694
16500.000000	82.018	174.5983
16750.000000	82.084	170.8307
17000.000000	82.010	163.9386
17250.000000	81.457	154.9941
17500.000000	80.269	146.3140
17750.000000	78.556	140.1187
18000.000000	76.586	137.3764
18250.000000	74.616	137.8132
18500.000000	72.806	140.6193
18750.000000	71.234	144.9753
19000.000000	69.932	150.2225
19250.000000	68.918	155.8372
19500.000000	68.209	161.3424
19750.000000	67.802	166.1570
20000.000000	67.650	169.1375
