* Measurement data measured by REW V5.31.3
* Source: Microphone (JadeAudio JA11), MICROPHONE (Master Volume), L, volume: 0.250
* Format: 2M Log Swept Sine, 1 sweep at -8.9 dBFS with no timing reference
* Dated: Jun 1, 2025 5:26:01 PM
* REW Settings:
*  C-weighting compensation: Off
*  Target level: 75.0 dB
* Note: 
* Measurement: R Hexa (-DDfilt, Velvet)
* Smoothing: 1/24 octave
* Frequency Step: 1/48 octave
* Start Frequency: 20.300 Hz
*
* Freq(Hz)	SPL(dB)	Phase(degrees)
20.299999	97.194	12.3505
20.600000	97.181	11.4409
20.900000	97.176	10.4941
21.200001	97.181	9.6103
21.400000	97.188	9.0635
21.799999	97.204	8.0615
22.000000	97.211	7.5958
22.400000	97.220	6.7081
22.700001	97.223	6.0665
23.000000	97.226	5.4428
23.299999	97.228	4.8412
23.600000	97.230	4.2660
24.000000	97.231	3.5383
24.299999	97.229	3.0118
24.700001	97.221	2.3151
25.000000	97.212	1.7870
25.400000	97.202	1.0761
25.799999	97.194	0.3729
26.200001	97.190	-0.3043
26.500000	97.187	-0.7906
26.900000	97.182	-1.4150
27.200001	97.176	-1.8720
27.600000	97.167	-2.4736
28.000000	97.157	-3.0678
28.500000	97.146	-3.7942
29.000000	97.135	-4.4965
29.500000	97.123	-5.1756
30.000000	97.109	-5.8356
30.400000	97.098	-6.3511
30.700001	97.090	-6.7306
31.100000	97.078	-7.2277
31.500000	97.066	-7.7155
32.000000	97.051	-8.3127
32.500000	97.035	-8.8945
33.000000	97.019	-9.4596
33.500000	97.003	-10.0091
34.000000	96.986	-10.5457
34.500000	96.969	-11.0709
35.000000	96.950	-11.5834
35.500000	96.932	-12.0809
36.000000	96.913	-12.5625
36.500000	96.893	-13.0307
37.000000	96.872	-13.4902
37.500000	96.852	-13.9449
38.200001	96.823	-14.5717
38.700001	96.801	-15.0049
39.500000	96.763	-15.6670
40.000000	96.739	-16.0685
40.599998	96.709	-16.5457
41.200001	96.678	-17.0125
41.799999	96.645	-17.4586
42.500000	96.606	-17.9538
43.099998	96.572	-18.3679
43.700001	96.536	-18.7753
44.400002	96.493	-19.2337
45.000000	96.455	-19.6123
45.500000	96.421	-19.9245
46.200001	96.373	-20.3621
46.799999	96.330	-20.7305
47.500000	96.278	-21.1415
48.200001	96.225	-21.5324
48.700001	96.186	-21.8025
49.400002	96.131	-22.1700
50.000000	96.084	-22.4751
50.799999	96.020	-22.8654
51.500000	95.963	-23.1913
52.200001	95.905	-23.5060
53.000000	95.838	-23.8562
53.799999	95.770	-24.1979
54.500000	95.711	-24.4924
55.200001	95.651	-24.7837
56.000000	95.585	-25.1130
57.000000	95.504	-25.5156
58.000000	95.423	-25.8877
59.000000	95.347	-26.2482
60.000000	95.272	-26.6109
60.799999	95.207	-26.8746
61.500000	95.149	-27.0915
62.200001	95.093	-27.3085
63.000000	95.031	-27.5515
64.000000	94.954	-27.8407
65.000000	94.879	-28.1238
66.000000	94.804	-28.3941
67.000000	94.729	-28.6515
68.000000	94.656	-28.8991
69.000000	94.583	-29.1355
70.000000	94.511	-29.3651
71.000000	94.439	-29.5895
72.000000	94.369	-29.8029
73.000000	94.299	-30.0048
74.000000	94.229	-30.1947
75.000000	94.161	-30.3751
76.199997	94.079	-30.5900
77.500000	93.991	-30.8136
78.800003	93.905	-31.0241
80.000000	93.827	-31.2064
81.199997	93.749	-31.3798
82.500000	93.667	-31.5590
83.800003	93.586	-31.7221
85.000000	93.511	-31.8635
86.199997	93.438	-32.0001
87.500000	93.360	-32.1359
88.500000	93.300	-32.2341
90.000000	93.212	-32.3727
91.199997	93.142	-32.4799
92.500000	93.067	-32.5909
93.800003	92.993	-32.6923
95.000000	92.926	-32.7745
96.199997	92.861	-32.8554
97.500000	92.789	-32.9410
98.800003	92.719	-33.0145
100.000000	92.655	-33.0788
101.500000	92.577	-33.1562
103.000000	92.500	-33.2238
104.400002	92.428	-33.2798
106.000000	92.348	-33.3380
107.500000	92.274	-33.3847
109.000000	92.202	-33.4263
110.599998	92.126	-33.4642
112.000000	92.059	-33.4929
113.800003	91.974	-33.5247
115.000000	91.919	-33.5417
117.199997	91.820	-33.5583
118.000000	91.785	-33.5627
120.599998	91.671	-33.5748
122.000000	91.612	-33.5715
124.099998	91.524	-33.5553
125.000000	91.487	-33.5480
126.500000	91.424	-33.5385
128.000000	91.363	-33.5258
131.500000	91.225	-33.4749
132.000000	91.205	-33.4656
134.000000	91.128	-33.4260
136.000000	91.052	-33.3870
138.000000	90.979	-33.3514
140.000000	90.907	-33.3075
143.000000	90.799	-33.2305
145.000000	90.728	-33.1694
147.500000	90.641	-33.0848
150.000000	90.555	-33.0057
152.500000	90.473	-32.9119
155.000000	90.392	-32.8122
157.500000	90.310	-32.7121
160.000000	90.231	-32.5981
162.500000	90.153	-32.4769
165.000000	90.077	-32.3458
167.500000	90.004	-32.2099
170.000000	89.933	-32.0696
172.500000	89.862	-31.9242
175.000000	89.793	-31.7634
177.500000	89.725	-31.5876
180.000000	89.657	-31.4144
182.500000	89.596	-31.2857
185.000000	89.537	-31.1716
187.500000	89.477	-31.0402
190.000000	89.418	-30.8700
192.500000	89.363	-30.6964
195.000000	89.310	-30.5536
197.500000	89.256	-30.4295
200.000000	89.199	-30.2991
203.000000	89.129	-30.1342
206.000000	89.060	-29.9428
209.000000	88.992	-29.7120
212.000000	88.924	-29.4517
214.000000	88.877	-29.2719
218.000000	88.786	-28.8265
220.000000	88.752	-28.5310
224.000000	88.726	-27.9374
227.000000	88.733	-27.7106
230.000000	88.730	-27.7185
233.000000	88.702	-27.8161
236.000000	88.656	-27.8741
240.000000	88.584	-27.8385
243.000000	88.528	-27.7586
247.000000	88.455	-27.6277
250.000000	88.402	-27.5118
254.000000	88.332	-27.3358
258.000000	88.266	-27.1329
262.000000	88.203	-26.9023
265.000000	88.160	-26.7277
269.000000	88.103	-26.5098
272.000000	88.062	-26.3529
276.000000	88.007	-26.1446
280.000000	87.951	-25.9329
285.000000	87.884	-25.6595
290.000000	87.822	-25.3865
295.000000	87.763	-25.1244
300.000000	87.704	-24.8678
304.000000	87.656	-24.6652
307.000000	87.621	-24.5127
311.000000	87.574	-24.3085
315.000000	87.528	-24.1029
320.000000	87.473	-23.8441
325.000000	87.419	-23.5854
330.000000	87.367	-23.3251
335.000000	87.316	-23.0623
340.000000	87.267	-22.8004
345.000000	87.218	-22.5412
350.000000	87.170	-22.2827
355.000000	87.123	-22.0224
360.000000	87.077	-21.7608
365.000000	87.033	-21.5044
370.000000	86.989	-21.2482
375.000000	86.947	-20.9928
382.000000	86.889	-20.6404
387.000000	86.849	-20.3904
395.000000	86.787	-19.9925
400.000000	86.750	-19.7440
406.000000	86.706	-19.4498
412.000000	86.662	-19.1607
418.000000	86.619	-18.8697
425.000000	86.571	-18.5335
431.000000	86.530	-18.2445
437.000000	86.490	-17.9532
444.000000	86.443	-17.6153
450.000000	86.405	-17.3289
455.000000	86.373	-17.0916
462.000000	86.330	-16.7614
468.000000	86.294	-16.4798
475.000000	86.253	-16.1468
482.000000	86.212	-15.8144
487.000000	86.185	-15.5790
494.000000	86.147	-15.2485
500.000000	86.115	-14.9673
508.000000	86.072	-14.5958
515.000000	86.035	-14.2686
522.000000	86.000	-13.9390
530.000000	85.959	-13.5664
538.000000	85.920	-13.1969
545.000000	85.887	-12.8730
552.000000	85.854	-12.5445
560.000000	85.817	-12.1672
570.000000	85.773	-11.6971
580.000000	85.730	-11.2277
590.000000	85.689	-10.7580
600.000000	85.649	-10.2882
608.000000	85.618	-9.9116
615.000000	85.592	-9.5788
622.000000	85.566	-9.2448
630.000000	85.537	-8.8624
640.000000	85.501	-8.3793
650.000000	85.468	-7.8951
660.000000	85.435	-7.4123
670.000000	85.404	-6.9247
680.000000	85.375	-6.4367
690.000000	85.346	-5.9439
700.000000	85.320	-5.4446
710.000000	85.295	-4.9428
720.000000	85.271	-4.4404
730.000000	85.249	-3.9359
740.000000	85.228	-3.4271
750.000000	85.209	-2.9174
762.000000	85.188	-2.3005
775.000000	85.169	-1.6283
788.000000	85.154	-0.9565
800.000000	85.142	-0.3344
812.000000	85.133	0.2925
825.000000	85.126	0.9751
838.000000	85.123	1.6565
850.000000	85.123	2.2830
862.000000	85.125	2.9090
875.000000	85.132	3.5824
885.000000	85.140	4.0965
900.000000	85.155	4.8606
912.000000	85.171	5.4641
925.000000	85.192	6.1087
938.000000	85.216	6.7388
950.000000	85.240	7.3062
962.000000	85.267	7.8647
975.000000	85.299	8.4585
988.000000	85.333	9.0390
1000.000000	85.366	9.5603
1015.000000	85.410	10.1906
1030.000000	85.457	10.8009
1044.000000	85.502	11.3528
1060.000000	85.557	11.9641
1075.000000	85.610	12.5195
1090.000000	85.664	13.0540
1106.000000	85.724	13.6027
1120.000000	85.778	14.0635
1138.000000	85.850	14.6291
1150.000000	85.900	14.9891
1172.000000	85.991	15.6154
1180.000000	86.024	15.8327
1206.000000	86.134	16.5040
1220.000000	86.194	16.8424
1241.000000	86.286	17.3116
1250.000000	86.325	17.5005
1265.000000	86.389	17.8004
1280.000000	86.454	18.0834
1315.000000	86.602	18.6864
1320.000000	86.624	18.7661
1340.000000	86.709	19.0675
1360.000000	86.793	19.3377
1380.000000	86.876	19.5690
1400.000000	86.957	19.7705
1430.000000	87.073	20.0402
1450.000000	87.147	20.2006
1475.000000	87.236	20.3813
1500.000000	87.322	20.5445
1525.000000	87.404	20.6967
1550.000000	87.484	20.8404
1575.000000	87.560	20.9793
1600.000000	87.635	21.1168
1625.000000	87.708	21.2518
1650.000000	87.780	21.3853
1675.000000	87.851	21.5181
1700.000000	87.922	21.6508
1725.000000	87.993	21.7818
1750.000000	88.064	21.9081
1775.000000	88.135	22.0300
1800.000000	88.206	22.1459
1825.000000	88.277	22.2563
1850.000000	88.349	22.3603
1875.000000	88.421	22.4554
1900.000000	88.495	22.5386
1925.000000	88.570	22.6078
1950.000000	88.645	22.6615
1975.000000	88.720	22.6980
2000.000000	88.796	22.7160
2030.000000	88.886	22.7158
2060.000000	88.976	22.6904
2090.000000	89.065	22.6350
2120.000000	89.151	22.5498
2140.000000	89.206	22.4768
2180.000000	89.310	22.2964
2200.000000	89.358	22.1931
2240.000000	89.444	21.9794
2270.000000	89.501	21.8332
2300.000000	89.550	21.7188
2330.000000	89.594	21.6581
2360.000000	89.635	21.6735
2400.000000	89.695	21.8289
2430.000000	89.750	22.0384
2470.000000	89.844	22.4051
2500.000000	89.936	22.7061
2540.000000	90.089	23.0645
2580.000000	90.271	23.2902
2620.000000	90.476	23.3263
2650.000000	90.638	23.2140
2690.000000	90.857	22.8759
2720.000000	91.021	22.4834
2760.000000	91.232	21.7879
2800.000000	91.432	20.9188
2850.000000	91.660	19.6174
2900.000000	91.863	18.1086
2950.000000	92.035	16.4312
3000.000000	92.175	14.6195
3040.000000	92.262	13.0975
3070.000000	92.313	11.9238
3110.000000	92.361	10.3289
3150.000000	92.386	8.7149
3200.000000	92.387	6.6978
3250.000000	92.354	4.7068
3300.000000	92.289	2.7716
3350.000000	92.194	0.9191
3400.000000	92.072	-0.8272
3450.000000	91.926	-2.4450
3500.000000	91.758	-3.9173
3550.000000	91.574	-5.2253
3600.000000	91.379	-6.3666
3650.000000	91.175	-7.3524
3700.000000	90.964	-8.1854
3750.000000	90.748	-8.8644
3820.000000	90.442	-9.5491
3870.000000	90.226	-9.8494
3950.000000	89.890	-10.0284
4000.000000	89.691	-9.9727
4060.000000	89.465	-9.7643
4120.000000	89.256	-9.4213
4180.000000	89.064	-8.9641
4250.000000	88.863	-8.3159
4310.000000	88.710	-7.6842
4370.000000	88.576	-7.0029
4440.000000	88.443	-6.1718
4500.000000	88.348	-5.4497
4550.000000	88.281	-4.8555
4620.000000	88.204	-4.0530
4680.000000	88.153	-3.4099
4750.000000	88.107	-2.7353
4820.000000	88.070	-2.1660
4870.000000	88.043	-1.8297
4940.000000	88.000	-1.4401
5000.000000	87.953	-1.1400
5080.000000	87.877	-0.7147
5150.000000	87.801	-0.2711
5220.000000	87.724	0.2570
5300.000000	87.641	0.9580
5380.000000	87.567	1.7450
5450.000000	87.511	2.4872
5520.000000	87.466	3.2678
5600.000000	87.427	4.1911
5700.000000	87.397	5.3730
5800.000000	87.388	6.5669
5900.000000	87.398	7.7594
6000.000000	87.427	8.9449
6080.000000	87.463	9.8882
6150.000000	87.504	10.7097
6220.000000	87.555	11.5298
6300.000000	87.626	12.4636
6400.000000	87.735	13.6279
6500.000000	87.871	14.7874
6600.000000	88.040	15.9213
6700.000000	88.245	16.9962
6800.000000	88.491	17.9724
6900.000000	88.781	18.8067
7000.000000	89.117	19.4279
7100.000000	89.499	19.7601
7200.000000	89.924	19.7315
7300.000000	90.384	19.2591
7400.000000	90.871	18.2797
7500.000000	91.375	16.7772
7620.000000	92.013	14.2545
7750.000000	92.763	10.1362
7880.000000	93.450	3.8722
8000.000000	93.872	-3.6732
8120.000000	93.986	-12.3390
8250.000000	93.695	-22.0013
8380.000000	92.999	-30.7713
8500.000000	92.087	-37.3225
8620.000000	91.033	-42.1064
8750.000000	89.840	-45.3946
8850.000000	88.939	-46.7840
9000.000000	87.668	-47.4214
9120.000000	86.737	-46.9825
9250.000000	85.818	-45.8030
9380.000000	84.994	-44.0734
9500.000000	84.314	-42.1263
9620.000000	83.707	-39.9424
9750.000000	83.126	-37.3982
9880.000000	82.619	-34.7539
10000.000000	82.210	-32.2847
10150.000000	81.770	-29.2359
10300.000000	81.400	-26.3198
10440.000000	81.103	-23.7865
10600.000000	80.804	-21.1713
10750.000000	80.538	-19.0244
10900.000000	80.257	-17.1234
11060.000000	79.917	-15.0897
11200.000000	79.607	-13.0626
11380.000000	79.237	-10.2832
11500.000000	79.003	-8.4024
11720.000000	78.593	-4.8055
11800.000000	78.453	-3.4414
12060.000000	78.042	1.2046
12200.000000	77.854	3.8368
12410.000000	77.631	7.9339
12500.000000	77.562	9.7297
12650.000000	77.486	12.7394
12800.000000	77.461	15.7273
13150.000000	77.620	22.3419
13200.000000	77.669	23.2069
13400.000000	77.917	26.3292
13600.000000	78.218	28.8087
13800.000000	78.513	30.8107
14000.000000	78.797	32.9840
14300.000000	79.486	37.0602
14500.000000	80.211	39.0183
14750.000000	81.293	39.6523
15000.000000	82.497	38.1091
15250.000000	83.777	33.7477
15500.000000	84.960	25.5062
15750.000000	85.651	12.9468
16000.000000	85.367	-1.9461
16250.000000	83.929	-14.5470
16500.000000	81.739	-19.8311
16750.000000	79.979	-16.8938
17000.000000	79.411	-16.5722
17250.000000	78.543	-21.9641
17500.000000	76.929	-24.4569
17750.000000	75.273	-22.6490
18000.000000	73.936	-19.4382
18250.000000	72.818	-16.7637
18500.000000	71.720	-14.5489
18750.000000	70.580	-11.8272
19000.000000	69.483	-8.0141
19250.000000	68.538	-3.1950
19500.000000	67.812	2.2450
19750.000000	67.338	7.7363
20000.000000	67.124	11.8386
