* Measurement data measured by REW V5.31.3
* Source: Microphone (JadeAudio JA11), MICROPHONE (Master Volume), R, volume: 0.250
* Format: 256k Log Swept Sine, 1 sweep at -8.9 dBFS with no timing reference
* Dated: Mar 22, 2025 3:03:16 AM
* REW Settings:
*  C-weighting compensation: Off
*  Target level: 75.0 dB
* Note: 
* Measurement: R Zero Blue 2 (5?, ET4)
* Smoothing: 1/24 octave
* Frequency Step: 1/48 octave
* Start Frequency: 20.000 Hz
*
* Freq(Hz)	SPL(dB)	Phase(degrees)
20.000000	93.384	169.5847
20.299999	93.377	169.1297
20.600000	93.369	168.6842
20.900000	93.358	168.2485
21.200001	93.343	167.8179
21.400000	93.332	167.5374
21.799999	93.306	167.0008
22.000000	93.291	166.7402
22.400000	93.259	166.1950
22.700001	93.234	165.7975
23.000000	93.207	165.4044
23.299999	93.180	164.9742
23.600000	93.151	164.5496
24.000000	93.110	163.9985
24.299999	93.080	163.5576
24.700001	93.040	162.9828
25.000000	93.011	162.5633
25.400000	92.974	161.9710
25.799999	92.939	161.3929
26.200001	92.905	160.8196
26.500000	92.880	160.3924
26.900000	92.848	159.8385
27.200001	92.825	159.4362
27.600000	92.795	158.9147
28.000000	92.765	158.4078
28.500000	92.728	157.8111
29.000000	92.690	157.2361
29.500000	92.650	156.6900
30.000000	92.608	156.1604
30.400000	92.573	155.7438
30.700001	92.545	155.4378
31.100000	92.506	155.0356
31.500000	92.466	154.6302
32.000000	92.414	154.1385
32.500000	92.361	153.6303
33.000000	92.308	153.1298
33.500000	92.253	152.6141
34.000000	92.198	152.1155
34.500000	92.144	151.6179
35.000000	92.093	151.1346
35.500000	92.045	150.6448
36.000000	91.997	150.1554
36.500000	91.948	149.6726
37.000000	91.898	149.2077
37.500000	91.848	148.7694
38.200001	91.780	148.1803
38.700001	91.732	147.7649
39.500000	91.650	147.1002
40.000000	91.595	146.7005
40.599998	91.527	146.2416
41.200001	91.460	145.8005
41.799999	91.394	145.3562
42.500000	91.315	144.8339
43.099998	91.248	144.3964
43.700001	91.181	143.9579
44.400002	91.103	143.4436
45.000000	91.033	143.0242
45.500000	90.977	142.7009
46.200001	90.906	142.2585
46.799999	90.848	141.8453
47.500000	90.773	141.3387
48.200001	90.690	140.8786
48.700001	90.631	140.5863
49.400002	90.555	140.1844
50.000000	90.489	139.8334
50.799999	90.399	139.3745
51.500000	90.323	138.9811
52.200001	90.246	138.5825
53.000000	90.155	138.1448
53.799999	90.067	137.7153
54.500000	89.989	137.3192
55.200001	89.904	136.9478
56.000000	89.810	136.5948
57.000000	89.705	136.1309
58.000000	89.590	135.6302
59.000000	89.475	135.2242
60.000000	89.370	134.8155
60.799999	89.282	134.4662
61.500000	89.204	134.1791
62.200001	89.126	133.9074
63.000000	89.037	133.6033
64.000000	88.925	133.2399
65.000000	88.815	132.8998
66.000000	88.707	132.5659
67.000000	88.598	132.2335
68.000000	88.489	131.9141
69.000000	88.381	131.6097
70.000000	88.272	131.3097
71.000000	88.163	131.0211
72.000000	88.054	130.7440
73.000000	87.944	130.4879
74.000000	87.836	130.2617
75.000000	87.730	130.0378
76.199997	87.602	129.7819
77.500000	87.465	129.5228
78.800003	87.327	129.2676
80.000000	87.198	129.0492
81.199997	87.071	128.8488
82.500000	86.936	128.6508
83.800003	86.803	128.4587
85.000000	86.680	128.2896
86.199997	86.557	128.1438
87.500000	86.424	128.0192
88.500000	86.323	127.9383
90.000000	86.174	127.8267
91.199997	86.057	127.7556
92.500000	85.933	127.6790
93.800003	85.808	127.6114
95.000000	85.695	127.5776
96.199997	85.583	127.5240
97.500000	85.455	127.4788
98.800003	85.327	127.4846
100.000000	85.212	127.5028
101.500000	85.071	127.5410
103.000000	84.934	127.5875
104.400002	84.808	127.6390
106.000000	84.665	127.7090
107.500000	84.532	127.8044
109.000000	84.403	127.9219
110.599998	84.267	128.0519
112.000000	84.151	128.1895
113.800003	84.005	128.3843
115.000000	83.909	128.5208
117.199997	83.732	128.7963
118.000000	83.668	128.9178
120.599998	83.471	129.3221
122.000000	83.366	129.5273
124.099998	83.211	129.8458
125.000000	83.145	129.9779
126.500000	83.035	130.2055
128.000000	82.926	130.4597
131.500000	82.687	131.1363
132.000000	82.655	131.2336
134.000000	82.525	131.6251
136.000000	82.404	132.0705
138.000000	82.295	132.4818
140.000000	82.178	132.8418
143.000000	81.997	133.5430
145.000000	81.892	134.0095
147.500000	81.771	134.5145
150.000000	81.649	135.0744
152.500000	81.531	135.7319
155.000000	81.418	136.3817
157.500000	81.311	136.9591
160.000000	81.209	137.5171
162.500000	81.116	138.1125
165.000000	81.027	138.7262
167.500000	80.940	139.3316
170.000000	80.857	139.9344
172.500000	80.781	140.5235
175.000000	80.711	141.0961
177.500000	80.644	141.6555
180.000000	80.581	142.1939
182.500000	80.519	142.7433
185.000000	80.461	143.3054
187.500000	80.409	143.8467
190.000000	80.360	144.3518
192.500000	80.311	144.8434
195.000000	80.263	145.3669
197.500000	80.221	145.8839
200.000000	80.181	146.3647
203.000000	80.132	146.9027
206.000000	80.085	147.4141
209.000000	80.045	147.9425
212.000000	80.016	148.5176
214.000000	79.998	148.8917
218.000000	79.957	149.5267
220.000000	79.933	149.8014
224.000000	79.889	150.4361
227.000000	79.858	150.8706
230.000000	79.826	151.1969
233.000000	79.798	151.5372
236.000000	79.777	151.9309
240.000000	79.754	152.4604
243.000000	79.735	152.8596
247.000000	79.710	153.3715
250.000000	79.692	153.6895
254.000000	79.666	154.1057
258.000000	79.638	154.5371
262.000000	79.615	154.9253
265.000000	79.600	155.2119
269.000000	79.581	155.5824
272.000000	79.565	155.8599
276.000000	79.543	156.2500
280.000000	79.523	156.5952
285.000000	79.494	156.9367
290.000000	79.467	157.3117
295.000000	79.444	157.6381
300.000000	79.421	157.9664
304.000000	79.400	158.2366
307.000000	79.383	158.4363
311.000000	79.360	158.6912
315.000000	79.338	158.9312
320.000000	79.309	159.2158
325.000000	79.280	159.5018
330.000000	79.251	159.7896
335.000000	79.220	160.0105
340.000000	79.185	160.3008
345.000000	79.152	160.6407
350.000000	79.122	160.9523
355.000000	79.092	161.2430
360.000000	79.061	161.5285
365.000000	79.029	161.8012
370.000000	78.998	162.0898
375.000000	78.970	162.3945
382.000000	78.933	162.8172
387.000000	78.907	163.1121
395.000000	78.865	163.5734
400.000000	78.842	163.8735
406.000000	78.816	164.2330
412.000000	78.791	164.5825
418.000000	78.772	164.9068
425.000000	78.751	165.2221
431.000000	78.732	165.4704
437.000000	78.714	165.7188
444.000000	78.688	166.0015
450.000000	78.663	166.2302
455.000000	78.640	166.4076
462.000000	78.605	166.6763
468.000000	78.575	166.9183
475.000000	78.538	167.2012
482.000000	78.502	167.4855
487.000000	78.476	167.6927
494.000000	78.439	167.9969
500.000000	78.408	168.2687
508.000000	78.366	168.6331
515.000000	78.328	168.9610
522.000000	78.289	169.2911
530.000000	78.247	169.6691
538.000000	78.206	170.0578
545.000000	78.172	170.4015
552.000000	78.140	170.7490
560.000000	78.102	171.1485
570.000000	78.055	171.6617
580.000000	78.009	172.1926
590.000000	77.966	172.7212
600.000000	77.923	173.2532
608.000000	77.890	173.6936
615.000000	77.862	174.0834
622.000000	77.835	174.4751
630.000000	77.805	174.9248
640.000000	77.770	175.4836
650.000000	77.736	176.0528
660.000000	77.703	176.6303
670.000000	77.672	177.2152
680.000000	77.644	177.8126
690.000000	77.617	178.4172
700.000000	77.592	179.0188
710.000000	77.571	179.6270
720.000000	77.551	-179.7555
730.000000	77.532	-179.1361
740.000000	77.516	-178.5024
750.000000	77.502	-177.8638
762.000000	77.489	-177.0881
775.000000	77.478	-176.2218
788.000000	77.474	-175.3573
800.000000	77.476	-174.5701
812.000000	77.484	-173.7858
825.000000	77.496	-172.9430
838.000000	77.514	-172.1064
850.000000	77.533	-171.3389
862.000000	77.556	-170.5816
875.000000	77.584	-169.7658
885.000000	77.609	-169.1412
900.000000	77.653	-168.2209
912.000000	77.692	-167.5041
925.000000	77.736	-166.7419
938.000000	77.784	-165.9858
950.000000	77.832	-165.2891
962.000000	77.887	-164.6011
975.000000	77.952	-163.8788
988.000000	78.022	-163.1857
1000.000000	78.091	-162.5737
1015.000000	78.181	-161.8608
1030.000000	78.275	-161.2027
1044.000000	78.365	-160.6461
1060.000000	78.469	-160.0624
1075.000000	78.567	-159.5596
1090.000000	78.664	-159.1035
1106.000000	78.766	-158.6637
1120.000000	78.854	-158.3173
1138.000000	78.964	-157.9254
1150.000000	79.036	-157.6888
1172.000000	79.162	-157.2950
1180.000000	79.206	-157.1686
1206.000000	79.344	-156.8024
1220.000000	79.413	-156.6242
1241.000000	79.512	-156.3731
1250.000000	79.553	-156.2669
1265.000000	79.618	-156.0910
1280.000000	79.681	-155.9226
1315.000000	79.817	-155.5333
1320.000000	79.836	-155.4763
1340.000000	79.909	-155.2443
1360.000000	79.980	-155.0019
1380.000000	80.049	-154.7490
1400.000000	80.116	-154.4770
1430.000000	80.217	-154.0462
1450.000000	80.286	-153.7430
1475.000000	80.375	-153.3482
1500.000000	80.466	-152.9466
1525.000000	80.563	-152.5437
1550.000000	80.665	-152.1412
1575.000000	80.773	-151.7472
1600.000000	80.887	-151.3812
1625.000000	81.007	-151.0512
1650.000000	81.132	-150.7654
1675.000000	81.260	-150.5336
1700.000000	81.389	-150.3586
1725.000000	81.519	-150.2519
1750.000000	81.646	-150.2088
1775.000000	81.767	-150.2186
1800.000000	81.882	-150.2701
1825.000000	81.991	-150.3467
1850.000000	82.093	-150.4393
1875.000000	82.190	-150.5402
1900.000000	82.281	-150.6435
1925.000000	82.367	-150.7436
1950.000000	82.449	-150.8355
1975.000000	82.529	-150.9124
2000.000000	82.607	-150.9745
2030.000000	82.701	-151.0341
2060.000000	82.794	-151.0863
2090.000000	82.887	-151.1329
2120.000000	82.981	-151.1753
2140.000000	83.045	-151.2094
2180.000000	83.172	-151.2945
2200.000000	83.236	-151.3430
2240.000000	83.364	-151.4476
2270.000000	83.460	-151.5367
2300.000000	83.556	-151.6338
2330.000000	83.653	-151.7422
2360.000000	83.750	-151.8645
2400.000000	83.881	-152.0491
2430.000000	83.980	-152.2035
2470.000000	84.113	-152.4477
2500.000000	84.211	-152.6599
2540.000000	84.342	-152.9763
2580.000000	84.469	-153.3294
2620.000000	84.595	-153.7189
2650.000000	84.687	-154.0339
2690.000000	84.808	-154.4857
2720.000000	84.896	-154.8482
2760.000000	85.011	-155.3646
2800.000000	85.121	-155.9111
2850.000000	85.253	-156.6380
2900.000000	85.377	-157.4159
2950.000000	85.493	-158.2411
3000.000000	85.600	-159.1043
3040.000000	85.679	-159.8199
3070.000000	85.734	-160.3702
3110.000000	85.801	-161.1164
3150.000000	85.861	-161.8762
3200.000000	85.926	-162.8373
3250.000000	85.981	-163.8015
3300.000000	86.024	-164.7633
3350.000000	86.058	-165.7111
3400.000000	86.084	-166.6449
3450.000000	86.102	-167.5657
3500.000000	86.111	-168.4723
3550.000000	86.113	-169.3578
3600.000000	86.109	-170.2151
3650.000000	86.100	-171.0506
3700.000000	86.085	-171.8651
3750.000000	86.065	-172.6583
3820.000000	86.028	-173.7261
3870.000000	85.997	-174.4629
3950.000000	85.939	-175.5977
4000.000000	85.899	-176.2736
4060.000000	85.847	-177.0572
4120.000000	85.790	-177.8112
4180.000000	85.730	-178.5417
4250.000000	85.656	-179.3589
4310.000000	85.588	179.9713
4370.000000	85.518	179.3217
4440.000000	85.432	178.5938
4500.000000	85.355	177.9946
4550.000000	85.289	177.5079
4620.000000	85.192	176.8545
4680.000000	85.105	176.3187
4750.000000	85.000	175.7225
4820.000000	84.891	175.1667
4870.000000	84.810	174.7950
4940.000000	84.694	174.3087
5000.000000	84.592	173.9274
5080.000000	84.453	173.4850
5150.000000	84.329	173.1486
5220.000000	84.204	172.8673
5300.000000	84.063	172.6121
5380.000000	83.923	172.4140
5450.000000	83.802	172.2886
5520.000000	83.680	172.2138
5600.000000	83.543	172.1995
5700.000000	83.379	172.2922
5800.000000	83.225	172.4873
5900.000000	83.083	172.7895
6000.000000	82.956	173.1970
6080.000000	82.866	173.5839
6150.000000	82.799	173.9739
6220.000000	82.743	174.4036
6300.000000	82.697	174.9232
6400.000000	82.662	175.5894
6500.000000	82.654	176.2713
6600.000000	82.676	176.9517
6700.000000	82.728	177.6019
6800.000000	82.812	178.1986
6900.000000	82.931	178.7196
7000.000000	83.090	179.1274
7100.000000	83.292	179.3530
7200.000000	83.533	179.2939
7300.000000	83.806	178.8777
7400.000000	84.102	178.0739
7500.000000	84.415	176.8321
7620.000000	84.808	174.6627
7750.000000	85.223	171.2665
7880.000000	85.577	166.6725
8000.000000	85.794	161.2734
8120.000000	85.822	154.8575
8250.000000	85.552	147.2781
8380.000000	84.926	139.8911
8500.000000	84.054	134.0825
8620.000000	82.979	129.8436
8750.000000	81.705	127.2550
8850.000000	80.720	126.5662
9000.000000	79.310	127.2621
9120.000000	78.273	128.9864
9250.000000	77.258	131.7013
9380.000000	76.354	135.0026
9500.000000	75.607	138.4478
9620.000000	74.946	142.1821
9750.000000	74.316	146.3766
9880.000000	73.755	150.6462
10000.000000	73.288	154.6864
10150.000000	72.771	159.8693
10300.000000	72.327	165.1695
10440.000000	71.974	170.1837
10600.000000	71.639	175.9689
10750.000000	71.389	-178.6051
10900.000000	71.197	-173.1889
11060.000000	71.054	-167.3806
11200.000000	70.984	-162.3062
11380.000000	70.970	-155.8344
11500.000000	71.010	-151.5470
11720.000000	71.189	-143.7586
11800.000000	71.290	-140.9654
12060.000000	71.759	-132.0551
12200.000000	72.109	-127.3750
12410.000000	72.773	-120.5651
12500.000000	73.117	-117.7402
12650.000000	73.778	-113.1897
12800.000000	74.563	-108.8849
13150.000000	77.019	-100.4079
13200.000000	77.460	-99.4847
13400.000000	79.512	-97.0988
13600.000000	82.050	-98.2832
13800.000000	84.840	-105.8209
14000.000000	87.147	-121.6799
14300.000000	87.859	-154.4509
14500.000000	86.418	-172.0839
14750.000000	83.854	176.9410
15000.000000	81.696	175.1921
15250.000000	80.298	177.8380
15500.000000	79.559	-177.9082
15750.000000	79.363	-173.4202
16000.000000	79.659	-169.7198
16250.000000	80.417	-168.0445
16500.000000	81.531	-170.2015
16750.000000	82.652	-178.0343
17000.000000	83.165	168.4818
17250.000000	82.557	152.7675
17500.000000	80.865	139.7106
17750.000000	78.595	131.9311
18000.000000	76.284	128.9760
18250.000000	74.229	129.0513
18500.000000	72.506	130.5438
18750.000000	71.095	132.3629
19000.000000	69.942	133.7947
19250.000000	68.978	134.4260
19500.000000	68.127	134.1299
19750.000000	67.368	133.1599
20000.000000	66.896	132.2614
