* Measurement data measured by REW V5.31.3
* Source: Microphone (JadeAudio JA11), MICROPHONE (Master Volume), R, volume: 0.250
* Format: 256k Log Swept Sine, 1 sweep at -8.9 dBFS with no timing reference
* Dated: Mar 23, 2025 5:25:32 AM
* REW Settings:
*  C-weighting compensation: Off
*  Target level: 75.0 dB
* Note: 
* Measurement: L Zero Blue 2 (5?, GateWide
* Smoothing: 1/24 octave
* Frequency Step: 1/48 octave
* Start Frequency: 20.000 Hz
*
* Freq(Hz)	SPL(dB)	Phase(degrees)
20.000000	94.253	172.3871
20.299999	94.249	171.9295
20.600000	94.244	171.4899
20.900000	94.237	171.0641
21.200001	94.227	170.6414
21.400000	94.219	170.3630
21.799999	94.201	169.8220
22.000000	94.189	169.5561
22.400000	94.162	169.0013
22.700001	94.139	168.6019
23.000000	94.115	168.2130
23.299999	94.091	167.7913
23.600000	94.065	167.3760
24.000000	94.031	166.8325
24.299999	94.006	166.3915
24.700001	93.971	165.8106
25.000000	93.946	165.3855
25.400000	93.914	164.7881
25.799999	93.882	164.2093
26.200001	93.853	163.6382
26.500000	93.832	163.2129
26.900000	93.805	162.6604
27.200001	93.786	162.2580
27.600000	93.762	161.7352
28.000000	93.737	161.2268
28.500000	93.707	160.6286
29.000000	93.675	160.0537
29.500000	93.641	159.5103
30.000000	93.606	158.9857
30.400000	93.575	158.5735
30.700001	93.552	158.2702
31.100000	93.518	157.8699
31.500000	93.483	157.4651
32.000000	93.436	156.9747
32.500000	93.388	156.4719
33.000000	93.340	155.9801
33.500000	93.293	155.4693
34.000000	93.245	154.9660
34.500000	93.197	154.4578
35.000000	93.151	153.9686
35.500000	93.107	153.4843
36.000000	93.065	153.0062
36.500000	93.024	152.5312
37.000000	92.981	152.0687
37.500000	92.938	151.6305
38.200001	92.880	151.0373
38.700001	92.838	150.6127
39.500000	92.762	149.9397
40.000000	92.712	149.5465
40.599998	92.651	149.0914
41.200001	92.592	148.6341
41.799999	92.531	148.1678
42.500000	92.458	147.6385
43.099998	92.399	147.2002
43.700001	92.343	146.7517
44.400002	92.278	146.2214
45.000000	92.222	145.7788
45.500000	92.177	145.4179
46.200001	92.113	144.9156
46.799999	92.054	144.4980
47.500000	91.982	144.0536
48.200001	91.913	143.6415
48.700001	91.864	143.3404
49.400002	91.790	142.9095
50.000000	91.724	142.5604
50.799999	91.641	142.0948
51.500000	91.569	141.6432
52.200001	91.493	141.1937
53.000000	91.417	140.6632
53.799999	91.336	139.9737
54.500000	91.231	139.4116
55.200001	91.121	139.1612
56.000000	91.051	139.0571
57.000000	91.002	138.5943
58.000000	90.916	138.0133
59.000000	90.823	137.5699
60.000000	90.727	137.1563
60.799999	90.647	136.8417
61.500000	90.577	136.5568
62.200001	90.504	136.2661
63.000000	90.420	135.9399
64.000000	90.315	135.5325
65.000000	90.212	135.1286
66.000000	90.112	134.7267
67.000000	90.013	134.3362
68.000000	89.915	133.9753
69.000000	89.819	133.6320
70.000000	89.721	133.2811
71.000000	89.620	132.9442
72.000000	89.518	132.6318
73.000000	89.417	132.3222
74.000000	89.316	132.0220
75.000000	89.216	131.7302
76.199997	89.096	131.3990
77.500000	88.969	131.0790
78.800003	88.843	130.7708
80.000000	88.725	130.5063
81.199997	88.609	130.2488
82.500000	88.484	129.9620
83.800003	88.357	129.6890
85.000000	88.241	129.4594
86.199997	88.125	129.2484
87.500000	88.001	129.0402
88.500000	87.906	128.8904
90.000000	87.762	128.6685
91.199997	87.644	128.5162
92.500000	87.520	128.3874
93.800003	87.402	128.2517
95.000000	87.295	128.1059
96.199997	87.184	127.9670
97.500000	87.065	127.8474
98.800003	86.947	127.7619
100.000000	86.842	127.6981
101.500000	86.712	127.6142
103.000000	86.580	127.5397
104.400002	86.457	127.4962
106.000000	86.318	127.4665
107.500000	86.190	127.4412
109.000000	86.061	127.4313
110.599998	85.927	127.4460
112.000000	85.811	127.4744
113.800003	85.663	127.5275
115.000000	85.566	127.5801
117.199997	85.388	127.6757
118.000000	85.324	127.7155
120.599998	85.121	127.8834
122.000000	85.016	127.9706
124.099998	84.859	128.1337
125.000000	84.792	128.2269
126.500000	84.682	128.3932
128.000000	84.573	128.5595
131.500000	84.322	128.9471
132.000000	84.287	129.0063
134.000000	84.154	129.2611
136.000000	84.024	129.5256
138.000000	83.893	129.7978
140.000000	83.757	130.1173
143.000000	83.576	130.6912
145.000000	83.461	130.9962
147.500000	83.316	131.4230
150.000000	83.181	131.9090
152.500000	83.050	132.3669
155.000000	82.915	132.8417
157.500000	82.788	133.3627
160.000000	82.673	133.8643
162.500000	82.564	134.3611
165.000000	82.460	134.8539
167.500000	82.358	135.3383
170.000000	82.262	135.8343
172.500000	82.170	136.3669
175.000000	82.082	136.9049
177.500000	81.988	137.4301
180.000000	81.896	137.9710
182.500000	81.812	138.4693
185.000000	81.732	138.9564
187.500000	81.661	139.4519
190.000000	81.593	139.9523
192.500000	81.527	140.4565
195.000000	81.462	140.9543
197.500000	81.399	141.4669
200.000000	81.342	142.0013
203.000000	81.280	142.5844
206.000000	81.226	143.0583
209.000000	81.181	143.4952
212.000000	81.128	143.9784
214.000000	81.087	144.3612
218.000000	81.018	145.0896
220.000000	80.987	145.4423
224.000000	80.927	146.1495
227.000000	80.888	146.5976
230.000000	80.853	146.9981
233.000000	80.814	147.4356
236.000000	80.773	147.9001
240.000000	80.733	148.4922
243.000000	80.705	148.8719
247.000000	80.663	149.3274
250.000000	80.635	149.6543
254.000000	80.597	150.1230
258.000000	80.560	150.6744
262.000000	80.520	151.1651
265.000000	80.494	151.5026
269.000000	80.468	151.9264
272.000000	80.447	152.2064
276.000000	80.414	152.5796
280.000000	80.378	152.9882
285.000000	80.340	153.4958
290.000000	80.322	154.0370
295.000000	80.298	154.5527
300.000000	80.270	154.9909
304.000000	80.254	155.3514
307.000000	80.243	155.6294
311.000000	80.233	155.9904
315.000000	80.226	156.2916
320.000000	80.218	156.5776
325.000000	80.210	156.8505
330.000000	80.200	157.0552
335.000000	80.180	157.2486
340.000000	80.152	157.4492
345.000000	80.123	157.6336
350.000000	80.093	157.8149
355.000000	80.056	158.0191
360.000000	80.019	158.2280
365.000000	79.987	158.5106
370.000000	79.959	158.7981
375.000000	79.933	159.0361
382.000000	79.897	159.3253
387.000000	79.871	159.5216
395.000000	79.827	159.8141
400.000000	79.797	159.9700
406.000000	79.757	160.1674
412.000000	79.712	160.3678
418.000000	79.664	160.5955
425.000000	79.609	160.9088
431.000000	79.565	161.1850
437.000000	79.521	161.4842
444.000000	79.471	161.8404
450.000000	79.432	162.1462
455.000000	79.399	162.4031
462.000000	79.354	162.7631
468.000000	79.317	163.0536
475.000000	79.277	163.3701
482.000000	79.237	163.6962
487.000000	79.207	163.9320
494.000000	79.166	164.2529
500.000000	79.132	164.5492
508.000000	79.089	164.9460
515.000000	79.049	165.2988
522.000000	79.011	165.6420
530.000000	78.969	166.0381
538.000000	78.927	166.4357
545.000000	78.890	166.7787
552.000000	78.854	167.1370
560.000000	78.815	167.5505
570.000000	78.768	168.0552
580.000000	78.721	168.5793
590.000000	78.675	169.1042
600.000000	78.629	169.6171
608.000000	78.593	170.0305
615.000000	78.563	170.3979
622.000000	78.534	170.7771
630.000000	78.501	171.2204
640.000000	78.459	171.7709
650.000000	78.420	172.3336
660.000000	78.382	172.8968
670.000000	78.347	173.4688
680.000000	78.313	174.0392
690.000000	78.280	174.6048
700.000000	78.245	175.1883
710.000000	78.212	175.7888
720.000000	78.180	176.4170
730.000000	78.151	177.0758
740.000000	78.127	177.7521
750.000000	78.110	178.4360
762.000000	78.096	179.2529
775.000000	78.087	-179.8883
788.000000	78.082	-179.0357
800.000000	78.078	-178.2382
812.000000	78.079	-177.4410
825.000000	78.086	-176.5729
838.000000	78.098	-175.7078
850.000000	78.114	-174.9189
862.000000	78.135	-174.1399
875.000000	78.161	-173.2988
885.000000	78.186	-172.6429
900.000000	78.229	-171.6764
912.000000	78.270	-170.9173
925.000000	78.320	-170.1166
938.000000	78.376	-169.3386
950.000000	78.431	-168.6423
962.000000	78.491	-167.9741
975.000000	78.559	-167.2861
988.000000	78.631	-166.6248
1000.000000	78.701	-166.0467
1015.000000	78.792	-165.3611
1030.000000	78.887	-164.7242
1044.000000	78.977	-164.1789
1060.000000	79.081	-163.6032
1075.000000	79.180	-163.1172
1090.000000	79.279	-162.6803
1106.000000	79.384	-162.2634
1120.000000	79.474	-161.9384
1138.000000	79.587	-161.5704
1150.000000	79.659	-161.3528
1172.000000	79.788	-161.0057
1180.000000	79.834	-160.8910
1206.000000	79.974	-160.5656
1220.000000	80.045	-160.4090
1241.000000	80.146	-160.1955
1250.000000	80.188	-160.1093
1265.000000	80.255	-159.9621
1280.000000	80.319	-159.8171
1315.000000	80.458	-159.4981
1320.000000	80.478	-159.4508
1340.000000	80.553	-159.2581
1360.000000	80.627	-159.0521
1380.000000	80.700	-158.8353
1400.000000	80.774	-158.6154
1430.000000	80.884	-158.2780
1450.000000	80.960	-158.0348
1475.000000	81.057	-157.7274
1500.000000	81.158	-157.4372
1525.000000	81.264	-157.1566
1550.000000	81.375	-156.8833
1575.000000	81.491	-156.6344
1600.000000	81.615	-156.4317
1625.000000	81.744	-156.2937
1650.000000	81.878	-156.2227
1675.000000	82.012	-156.2291
1700.000000	82.143	-156.3191
1725.000000	82.269	-156.4828
1750.000000	82.386	-156.7094
1775.000000	82.491	-156.9848
1800.000000	82.583	-157.2848
1825.000000	82.663	-157.5799
1850.000000	82.734	-157.8437
1875.000000	82.798	-158.0682
1900.000000	82.859	-158.2561
1925.000000	82.920	-158.4159
1950.000000	82.981	-158.5626
1975.000000	83.042	-158.6977
2000.000000	83.102	-158.8220
2030.000000	83.173	-158.9628
2060.000000	83.243	-159.0953
2090.000000	83.312	-159.2231
2120.000000	83.381	-159.3332
2140.000000	83.428	-159.3902
2180.000000	83.527	-159.4981
2200.000000	83.578	-159.5631
2240.000000	83.679	-159.6985
2270.000000	83.756	-159.7919
2300.000000	83.837	-159.8864
2330.000000	83.922	-159.9981
2360.000000	84.008	-160.1354
2400.000000	84.125	-160.3586
2430.000000	84.212	-160.5533
2470.000000	84.328	-160.8411
2500.000000	84.414	-161.0782
2540.000000	84.530	-161.4312
2580.000000	84.646	-161.8215
2620.000000	84.759	-162.2550
2650.000000	84.844	-162.6051
2690.000000	84.954	-163.1080
2720.000000	85.035	-163.5130
2760.000000	85.140	-164.0866
2800.000000	85.241	-164.7013
2850.000000	85.361	-165.5264
2900.000000	85.475	-166.4129
2950.000000	85.579	-167.3552
3000.000000	85.674	-168.3463
3040.000000	85.742	-169.1740
3070.000000	85.789	-169.8116
3110.000000	85.844	-170.6812
3150.000000	85.891	-171.5734
3200.000000	85.940	-172.7071
3250.000000	85.975	-173.8569
3300.000000	85.997	-175.0145
3350.000000	86.006	-176.1686
3400.000000	86.002	-177.3142
3450.000000	85.986	-178.4352
3500.000000	85.959	-179.5329
3550.000000	85.923	179.4005
3600.000000	85.876	178.3675
3650.000000	85.820	177.3651
3700.000000	85.756	176.4043
3750.000000	85.684	175.4832
3820.000000	85.572	174.2746
3870.000000	85.484	173.4653
3950.000000	85.333	172.2642
4000.000000	85.233	171.5790
4060.000000	85.108	170.8153
4120.000000	84.979	170.1238
4180.000000	84.846	169.4947
4250.000000	84.688	168.8430
4310.000000	84.551	168.3576
4370.000000	84.413	167.9239
4440.000000	84.253	167.4878
4500.000000	84.115	167.1658
4550.000000	84.000	166.9282
4620.000000	83.840	166.6532
4680.000000	83.704	166.4636
4750.000000	83.546	166.2965
4820.000000	83.390	166.1871
4870.000000	83.280	166.1438
4940.000000	83.128	166.1265
5000.000000	83.002	166.1423
5080.000000	82.837	166.2183
5150.000000	82.695	166.3336
5220.000000	82.556	166.4879
5300.000000	82.403	166.7180
5380.000000	82.257	166.9954
5450.000000	82.133	167.2703
5520.000000	82.015	167.5840
5600.000000	81.886	167.9814
5700.000000	81.736	168.5348
5800.000000	81.598	169.1471
5900.000000	81.475	169.8126
6000.000000	81.365	170.5200
6080.000000	81.288	171.1266
6150.000000	81.232	171.6815
6220.000000	81.186	172.2354
6300.000000	81.145	172.8590
6400.000000	81.111	173.6329
6500.000000	81.098	174.4101
6600.000000	81.114	175.1367
6700.000000	81.148	175.7333
6800.000000	81.195	176.2367
6900.000000	81.256	176.6436
7000.000000	81.328	176.9265
7100.000000	81.407	177.0533
7200.000000	81.484	177.0157
7300.000000	81.549	176.8372
7400.000000	81.592	176.6051
7500.000000	81.611	176.4193
7620.000000	81.617	176.4243
7750.000000	81.637	176.8227
7880.000000	81.714	177.5940
8000.000000	81.871	178.5662
8120.000000	82.149	179.5438
8250.000000	82.599	-179.8258
8380.000000	83.192	179.9311
8500.000000	83.839	178.5455
8620.000000	84.531	175.6712
8750.000000	85.235	170.5551
8850.000000	85.657	165.1708
9000.000000	85.925	155.2463
9120.000000	85.729	146.6528
9250.000000	85.101	137.9442
9380.000000	84.134	130.8386
9500.000000	83.063	126.1005
9620.000000	81.929	123.0748
9750.000000	80.710	121.4358
9880.000000	79.547	121.1381
10000.000000	78.544	121.7782
10150.000000	77.390	123.4935
10300.000000	76.344	125.9665
10440.000000	75.459	128.7896
10600.000000	74.544	132.4557
10750.000000	73.773	136.2062
10900.000000	73.075	140.1704
11060.000000	72.405	144.5989
11200.000000	71.876	148.5985
11380.000000	71.267	153.8529
11500.000000	70.902	157.4014
11720.000000	70.307	163.9434
11800.000000	70.112	166.3298
12060.000000	69.563	174.1318
12200.000000	69.316	178.3348
12410.000000	69.009	-175.3681
12500.000000	68.902	-172.6818
12650.000000	68.752	-168.2422
12800.000000	68.639	-163.8418
13150.000000	68.536	-153.7967
13200.000000	68.539	-152.3955
13400.000000	68.600	-146.8746
13600.000000	68.739	-141.5118
13800.000000	68.961	-136.3437
14000.000000	69.270	-131.3965
14300.000000	69.913	-124.3793
14500.000000	70.485	-120.0083
14750.000000	71.379	-115.0255
15000.000000	72.500	-110.7871
15250.000000	73.876	-107.5369
15500.000000	75.549	-105.7391
15750.000000	77.537	-106.2121
16000.000000	79.787	-110.2563
16250.000000	82.054	-119.3583
16500.000000	83.876	-134.0504
16750.000000	84.773	-152.5142
17000.000000	84.607	-171.0349
17250.000000	83.666	173.2918
17500.000000	82.340	161.0049
17750.000000	80.831	151.3195
18000.000000	79.159	143.6077
18250.000000	77.295	137.8528
18500.000000	75.252	134.3759
18750.000000	73.088	133.4042
19000.000000	70.882	134.9368
19250.000000	68.705	138.7959
19500.000000	66.614	144.7336
19750.000000	64.737	152.2563
20000.000000	63.571	158.7218
