* Measurement data measured by REW V5.31.3
* Source: Microphone (JadeAudio JA11), MICROPHONE (Master Volume), R, volume: 0.250
* Format: 512k Log Swept Sine, 1 sweep at -8.1 dBFS with no timing reference
* Dated: Apr 30, 2025 5:32:04 PM
* REW Settings:
*  C-weighting compensation: Off
*  Target level: 75.0 dB
* Note: 
* Measurement: L Zero Blue 2 (5?, OS300)
* Smoothing: 1/24 octave
* Frequency Step: 1/48 octave
* Start Frequency: 20.300 Hz
*
* Freq(Hz)	SPL(dB)	Phase(degrees)
20.299999	93.814	173.9880
20.600000	93.809	173.5537
20.900000	93.801	173.0576
21.200001	93.791	172.5637
21.400000	93.784	172.2412
21.799999	93.769	171.6193
22.000000	93.760	171.3173
22.400000	93.739	170.6863
22.700001	93.719	170.2299
23.000000	93.697	169.7832
23.299999	93.674	169.3036
23.600000	93.649	168.8320
24.000000	93.616	168.2185
24.299999	93.590	167.7249
24.700001	93.556	167.0783
25.000000	93.530	166.6060
25.400000	93.497	165.9463
25.799999	93.465	165.3092
26.200001	93.436	164.6829
26.500000	93.415	164.2168
26.900000	93.388	163.6092
27.200001	93.368	163.1642
27.600000	93.342	162.5835
28.000000	93.317	162.0188
28.500000	93.286	161.3546
29.000000	93.254	160.7234
29.500000	93.219	160.1289
30.000000	93.181	159.5532
30.400000	93.149	159.0984
30.700001	93.124	158.7638
31.100000	93.090	158.3251
31.500000	93.054	157.8881
32.000000	93.006	157.3639
32.500000	92.955	156.8209
33.000000	92.903	156.2823
33.500000	92.852	155.7198
34.000000	92.801	155.1660
34.500000	92.751	154.6102
35.000000	92.702	154.0702
35.500000	92.653	153.5341
36.000000	92.605	153.0094
36.500000	92.558	152.4974
37.000000	92.512	152.0028
37.500000	92.466	151.5339
38.200001	92.399	150.9070
38.700001	92.351	150.4711
39.500000	92.273	149.7732
40.000000	92.225	149.3468
40.599998	92.163	148.8511
41.200001	92.096	148.3777
41.799999	92.029	147.9028
42.500000	91.955	147.3312
43.099998	91.892	146.8443
43.700001	91.827	146.3735
44.400002	91.754	145.8493
45.000000	91.696	145.4031
45.500000	91.649	145.0297
46.200001	91.578	144.5191
46.799999	91.512	144.0988
47.500000	91.435	143.6211
48.200001	91.361	143.1560
48.700001	91.309	142.8323
49.400002	91.236	142.3838
50.000000	91.172	142.0024
50.799999	91.088	141.4979
51.500000	91.013	141.0693
52.200001	90.937	140.6546
53.000000	90.849	140.1943
53.799999	90.761	139.7430
54.500000	90.687	139.3595
55.200001	90.612	138.9789
56.000000	90.524	138.5504
57.000000	90.418	138.0464
58.000000	90.309	137.5345
59.000000	90.225	137.1877
60.000000	90.154	136.9585
60.799999	90.052	136.5357
61.500000	89.950	136.0607
62.200001	89.865	135.6685
63.000000	89.781	135.3199
64.000000	89.673	134.8986
65.000000	89.569	134.5132
66.000000	89.464	134.1459
67.000000	89.356	133.7839
68.000000	89.249	133.4322
69.000000	89.144	133.0915
70.000000	89.039	132.7666
71.000000	88.935	132.4490
72.000000	88.833	132.1378
73.000000	88.731	131.8479
74.000000	88.627	131.5717
75.000000	88.523	131.2953
76.199997	88.402	130.9780
77.500000	88.272	130.6755
78.800003	88.140	130.3783
80.000000	88.018	130.0861
81.199997	87.898	129.8291
82.500000	87.769	129.6040
83.800003	87.638	129.3802
85.000000	87.520	129.1682
86.199997	87.403	128.9701
87.500000	87.279	128.7690
88.500000	87.183	128.6225
90.000000	87.038	128.4153
91.199997	86.924	128.2543
92.500000	86.803	128.0913
93.800003	86.683	127.9530
95.000000	86.572	127.8465
96.199997	86.462	127.7735
97.500000	86.341	127.7168
98.800003	86.222	127.6479
100.000000	86.114	127.5810
101.500000	85.981	127.5190
103.000000	85.850	127.4737
104.400002	85.729	127.4397
106.000000	85.590	127.4202
107.500000	85.461	127.4170
109.000000	85.336	127.4282
110.599998	85.205	127.4541
112.000000	85.089	127.4850
113.800003	84.942	127.5398
115.000000	84.845	127.5891
117.199997	84.670	127.7056
118.000000	84.608	127.7584
120.599998	84.411	127.9327
122.000000	84.302	128.0288
124.099998	84.147	128.1937
125.000000	84.080	128.2701
126.500000	83.969	128.4159
128.000000	83.860	128.5782
131.500000	83.614	128.9585
132.000000	83.579	129.0188
134.000000	83.440	129.2839
136.000000	83.300	129.5644
138.000000	83.168	129.8577
140.000000	83.037	130.1664
143.000000	82.845	130.6658
145.000000	82.720	131.0387
147.500000	82.584	131.6429
150.000000	82.466	132.2330
152.500000	82.356	132.6799
155.000000	82.242	133.0302
157.500000	82.123	133.4150
160.000000	82.004	133.8235
162.500000	81.887	134.2596
165.000000	81.772	134.6964
167.500000	81.663	135.1622
170.000000	81.559	135.6475
172.500000	81.458	136.1347
175.000000	81.362	136.6413
177.500000	81.267	137.1598
180.000000	81.177	137.6611
182.500000	81.094	138.1563
185.000000	81.016	138.6436
187.500000	80.941	139.1152
190.000000	80.870	139.6030
192.500000	80.804	140.1031
195.000000	80.737	140.5995
197.500000	80.672	141.0863
200.000000	80.609	141.5687
203.000000	80.537	142.1133
206.000000	80.468	142.6364
209.000000	80.400	143.1623
212.000000	80.336	143.6638
214.000000	80.296	143.9976
218.000000	80.221	144.6472
220.000000	80.185	144.9716
224.000000	80.118	145.6295
227.000000	80.069	146.1125
230.000000	80.018	146.5916
233.000000	79.969	147.0528
236.000000	79.925	147.5106
240.000000	79.872	148.1140
243.000000	79.835	148.5622
247.000000	79.787	149.1374
250.000000	79.753	149.5591
254.000000	79.713	150.0999
258.000000	79.678	150.6269
262.000000	79.645	151.1510
265.000000	79.622	151.5198
269.000000	79.591	151.9731
272.000000	79.568	152.2891
276.000000	79.538	152.6898
280.000000	79.507	153.0816
285.000000	79.467	153.5587
290.000000	79.426	154.0396
295.000000	79.384	154.5079
300.000000	79.345	154.9567
304.000000	79.314	155.3196
307.000000	79.293	155.5869
311.000000	79.264	155.9267
315.000000	79.236	156.2634
320.000000	79.200	156.6800
325.000000	79.167	157.0970
330.000000	79.137	157.5062
335.000000	79.107	157.8880
340.000000	79.078	158.2582
345.000000	79.047	158.6271
350.000000	79.017	158.9961
355.000000	78.987	159.3553
360.000000	78.959	159.7182
365.000000	78.929	160.0682
370.000000	78.899	160.4115
375.000000	78.872	160.7564
382.000000	78.834	161.2326
387.000000	78.809	161.5699
395.000000	78.768	162.1100
400.000000	78.744	162.4461
406.000000	78.716	162.8429
412.000000	78.687	163.2301
418.000000	78.658	163.6060
425.000000	78.627	164.0620
431.000000	78.605	164.4424
437.000000	78.586	164.8092
444.000000	78.562	165.2151
450.000000	78.544	165.5505
455.000000	78.528	165.8222
462.000000	78.505	166.1771
468.000000	78.484	166.4656
475.000000	78.460	166.7927
482.000000	78.435	167.1067
487.000000	78.415	167.3227
494.000000	78.384	167.6125
500.000000	78.355	167.8580
508.000000	78.311	168.2056
515.000000	78.267	168.5250
522.000000	78.220	168.8779
530.000000	78.166	169.3465
538.000000	78.117	169.8800
545.000000	78.082	170.3664
552.000000	78.052	170.8652
560.000000	78.025	171.4276
570.000000	77.996	172.0937
580.000000	77.971	172.7272
590.000000	77.949	173.3453
600.000000	77.927	173.9516
608.000000	77.909	174.4276
615.000000	77.894	174.8429
622.000000	77.880	175.2573
630.000000	77.864	175.7285
640.000000	77.846	176.3253
650.000000	77.827	176.9211
660.000000	77.811	177.5149
670.000000	77.796	178.1159
680.000000	77.782	178.7176
690.000000	77.770	179.3160
700.000000	77.760	179.9208
710.000000	77.752	-179.4669
720.000000	77.746	-178.8501
730.000000	77.742	-178.2346
740.000000	77.741	-177.6195
750.000000	77.742	-176.9973
762.000000	77.747	-176.2433
775.000000	77.754	-175.4285
788.000000	77.767	-174.6103
800.000000	77.783	-173.8560
812.000000	77.803	-173.1099
825.000000	77.829	-172.3126
838.000000	77.860	-171.5267
850.000000	77.892	-170.8069
862.000000	77.927	-170.0919
875.000000	77.971	-169.3259
885.000000	78.007	-168.7461
900.000000	78.065	-167.8879
912.000000	78.117	-167.2196
925.000000	78.177	-166.5159
938.000000	78.242	-165.8333
950.000000	78.305	-165.2258
962.000000	78.370	-164.6422
975.000000	78.444	-164.0355
988.000000	78.520	-163.4548
1000.000000	78.594	-162.9489
1015.000000	78.688	-162.3581
1030.000000	78.784	-161.8084
1044.000000	78.876	-161.3344
1060.000000	78.981	-160.8406
1075.000000	79.081	-160.4265
1090.000000	79.180	-160.0536
1106.000000	79.284	-159.6971
1120.000000	79.373	-159.4180
1138.000000	79.485	-159.1007
1150.000000	79.558	-158.9117
1172.000000	79.686	-158.5995
1180.000000	79.730	-158.4954
1206.000000	79.868	-158.1855
1220.000000	79.938	-158.0260
1241.000000	80.038	-157.7883
1250.000000	80.079	-157.6771
1265.000000	80.147	-157.4731
1280.000000	80.216	-157.2491
1315.000000	80.397	-156.7287
1320.000000	80.425	-156.6666
1340.000000	80.538	-156.4720
1360.000000	80.648	-156.3560
1380.000000	80.750	-156.2799
1400.000000	80.844	-156.2046
1430.000000	80.981	-156.0567
1450.000000	81.074	-155.9470
1475.000000	81.194	-155.8208
1500.000000	81.318	-155.7265
1525.000000	81.447	-155.6860
1550.000000	81.577	-155.7106
1575.000000	81.707	-155.8042
1600.000000	81.832	-155.9764
1625.000000	81.949	-156.2180
1650.000000	82.058	-156.5113
1675.000000	82.155	-156.8427
1700.000000	82.240	-157.1891
1725.000000	82.315	-157.5254
1750.000000	82.383	-157.8310
1775.000000	82.451	-158.1179
1800.000000	82.519	-158.4307
1825.000000	82.583	-158.8104
1850.000000	82.635	-159.2469
1875.000000	82.672	-159.6931
1900.000000	82.694	-160.1096
1925.000000	82.703	-160.4802
1950.000000	82.704	-160.7968
1975.000000	82.699	-161.0646
2000.000000	82.688	-161.3015
2030.000000	82.664	-161.5542
2060.000000	82.623	-161.7536
2090.000000	82.562	-161.8352
2120.000000	82.485	-161.7438
2140.000000	82.428	-161.5778
2180.000000	82.298	-160.9534
2200.000000	82.224	-160.4377
2240.000000	82.080	-158.7595
2270.000000	82.019	-156.8110
2300.000000	82.054	-154.3900
2330.000000	82.217	-151.8212
2360.000000	82.509	-149.4877
2400.000000	83.050	-147.2638
2430.000000	83.516	-146.4997
2470.000000	84.118	-146.6959
2500.000000	84.510	-147.5053
2540.000000	84.940	-149.0219
2580.000000	85.280	-150.7770
2620.000000	85.540	-152.6018
2650.000000	85.694	-153.9164
2690.000000	85.865	-155.5483
2720.000000	85.978	-156.7129
2760.000000	86.109	-158.2313
2800.000000	86.213	-159.7030
2850.000000	86.312	-161.4044
2900.000000	86.392	-162.9038
2950.000000	86.471	-164.2392
3000.000000	86.556	-165.4969
3040.000000	86.629	-166.4980
3070.000000	86.685	-167.2582
3110.000000	86.760	-168.2886
3150.000000	86.833	-169.3319
3200.000000	86.924	-170.6440
3250.000000	87.019	-171.9824
3300.000000	87.119	-173.3873
3350.000000	87.223	-174.9080
3400.000000	87.322	-176.5720
3450.000000	87.411	-178.3662
3500.000000	87.488	179.7189
3550.000000	87.552	177.6788
3600.000000	87.599	175.5047
3650.000000	87.624	173.2004
3700.000000	87.624	170.7816
3750.000000	87.594	168.2605
3820.000000	87.494	164.6003
3870.000000	87.375	161.9378
3950.000000	87.100	157.7266
4000.000000	86.877	155.2016
4060.000000	86.562	152.3405
4120.000000	86.201	149.7115
4180.000000	85.802	147.3574
4250.000000	85.301	144.9851
4310.000000	84.850	143.2783
4370.000000	84.386	141.8634
4440.000000	83.837	140.5726
4500.000000	83.364	139.7565
4550.000000	82.972	139.2625
4620.000000	82.429	138.8430
4680.000000	81.972	138.7223
4750.000000	81.451	138.8361
4820.000000	80.949	139.2000
4870.000000	80.604	139.5977
4940.000000	80.139	140.3211
5000.000000	79.758	141.0735
5080.000000	79.275	142.2506
5150.000000	78.875	143.4315
5220.000000	78.496	144.7402
5300.000000	78.090	146.3786
5380.000000	77.713	148.1681
5450.000000	77.408	149.8423
5520.000000	77.128	151.6002
5600.000000	76.838	153.6957
5700.000000	76.516	156.4271
5800.000000	76.240	159.2884
5900.000000	76.017	162.2679
6000.000000	75.844	165.3130
6080.000000	75.742	167.8088
6150.000000	75.684	170.0222
6220.000000	75.656	172.2366
6300.000000	75.658	174.7364
6400.000000	75.705	177.8105
6500.000000	75.804	-179.1373
6600.000000	75.962	-176.1583
6700.000000	76.175	-173.2994
6800.000000	76.448	-170.5066
6900.000000	76.794	-167.8643
7000.000000	77.210	-165.4730
7100.000000	77.701	-163.3572
7200.000000	78.275	-161.6285
7300.000000	78.939	-160.4395
7400.000000	79.695	-159.9850
7500.000000	80.536	-160.5370
7620.000000	81.621	-163.0471
7750.000000	82.766	-168.6877
7880.000000	83.641	-177.6645
8000.000000	83.959	171.8280
8120.000000	83.674	160.8995
8250.000000	82.752	150.7243
8380.000000	81.431	143.5948
8500.000000	80.089	139.8284
8620.000000	78.771	138.2820
8750.000000	77.452	138.4417
8850.000000	76.533	139.4906
9000.000000	75.312	142.0787
9120.000000	74.464	144.7339
9250.000000	73.664	147.9794
9380.000000	72.979	151.4426
9500.000000	72.440	154.7115
9620.000000	71.990	157.9498
9750.000000	71.597	161.3013
9880.000000	71.295	164.3252
10000.000000	71.084	166.6668
10150.000000	70.877	168.8259
10300.000000	70.692	170.0606
10440.000000	70.494	170.4033
10600.000000	70.187	170.0360
10750.000000	69.798	169.2710
10900.000000	69.313	168.3953
11060.000000	68.706	167.6113
11200.000000	68.124	167.2208
11380.000000	67.347	167.1969
11500.000000	66.826	167.4910
11720.000000	65.903	168.7133
11800.000000	65.585	169.3661
12060.000000	64.639	172.2535
12200.000000	64.197	174.2871
12410.000000	63.638	177.9580
12500.000000	63.439	179.7412
12650.000000	63.166	-177.0417
12800.000000	62.962	-173.5475
13150.000000	62.734	-164.5134
13200.000000	62.726	-163.1249
13400.000000	62.751	-157.3437
13600.000000	62.864	-151.2148
13800.000000	63.072	-144.7728
14000.000000	63.381	-138.0821
14300.000000	64.056	-127.6845
14500.000000	64.686	-120.6719
14750.000000	65.775	-112.2531
15000.000000	67.330	-105.4073
15250.000000	69.469	-102.7881
15500.000000	71.889	-109.1010
15750.000000	73.361	-127.2191
16000.000000	72.514	-150.5319
16250.000000	69.456	-167.1775
16500.000000	65.455	-172.9126
16750.000000	61.546	-171.0893
17000.000000	58.075	-166.7244
17250.000000	54.923	-163.5755
17500.000000	51.918	-163.9215
17750.000000	49.238	-170.2086
18000.000000	47.578	176.9658
18250.000000	47.548	163.4014
18500.000000	48.566	155.6914
18750.000000	49.803	154.1479
19000.000000	50.892	156.7087
19250.000000	51.727	161.8100
19500.000000	52.309	168.6134
19750.000000	52.673	176.3770
20000.000000	52.839	-177.1325
