* Measurement data measured by REW V5.31.3
* Source: Microphone (JadeAudio JA11), MICROPHONE (Master Volume), L, volume: 0.250
* Format: 512k Log Swept Sine, 1 sweep at -13.3 dBFS with no timing reference
* Dated: Jun 13, 2025 6:05:11 PM
* REW Settings:
*  C-weighting compensation: Off
*  Target level: 75.0 dB
* Note: 
* Measurement: R Zero ("AET07")
* Smoothing: 1/24 octave
* Frequency Step: 1/48 octave
* Start Frequency: 20.300 Hz
*
* Freq(Hz)	SPL(dB)	Phase(degrees)
20.299999	82.991	-136.8587
20.600000	83.061	-137.2435
20.900000	83.138	-137.6840
21.200001	83.212	-138.1157
21.400000	83.261	-138.3912
21.799999	83.356	-138.9069
22.000000	83.401	-139.1538
22.400000	83.484	-139.6843
22.700001	83.541	-140.0840
23.000000	83.597	-140.4938
23.299999	83.653	-140.9533
23.600000	83.708	-141.4136
24.000000	83.781	-142.0119
24.299999	83.835	-142.4878
24.700001	83.901	-143.1029
25.000000	83.948	-143.5510
25.400000	84.010	-144.1866
25.799999	84.072	-144.8143
26.200001	84.137	-145.4459
26.500000	84.186	-145.9226
26.900000	84.252	-146.5486
27.200001	84.302	-147.0076
27.600000	84.367	-147.6053
28.000000	84.433	-148.1869
28.500000	84.515	-148.8820
29.000000	84.591	-149.5658
29.500000	84.661	-150.2304
30.000000	84.726	-150.8744
30.400000	84.778	-151.3744
30.700001	84.816	-151.7404
31.100000	84.865	-152.2264
31.500000	84.908	-152.7230
32.000000	84.954	-153.3300
32.500000	84.996	-153.9391
33.000000	85.040	-154.5172
33.500000	85.087	-155.1195
34.000000	85.132	-155.7475
34.500000	85.171	-156.4100
35.000000	85.204	-157.0510
35.500000	85.235	-157.6519
36.000000	85.269	-158.2177
36.500000	85.309	-158.7909
37.000000	85.353	-159.3984
37.500000	85.398	-160.0230
38.200001	85.452	-160.8654
38.700001	85.482	-161.4142
39.500000	85.524	-162.2535
40.000000	85.553	-162.7905
40.599998	85.589	-163.4552
41.200001	85.621	-164.1008
41.799999	85.648	-164.7165
42.500000	85.676	-165.4177
43.099998	85.697	-166.0140
43.700001	85.713	-166.6132
44.400002	85.735	-167.3316
45.000000	85.764	-167.9866
45.500000	85.791	-168.5423
46.200001	85.816	-169.2630
46.799999	85.822	-169.8064
47.500000	85.825	-170.4195
48.200001	85.837	-171.0584
48.700001	85.849	-171.5123
49.400002	85.864	-172.1362
50.000000	85.872	-172.6900
50.799999	85.879	-173.4635
51.500000	85.887	-174.1095
52.200001	85.895	-174.7267
53.000000	85.896	-175.4399
53.799999	85.897	-176.1434
54.500000	85.906	-176.7278
55.200001	85.907	-177.2738
56.000000	85.901	-177.8923
57.000000	85.911	-178.7324
58.000000	85.894	-179.5349
59.000000	85.932	179.3300
60.000000	86.030	178.1085
60.799999	85.988	177.7460
61.500000	85.902	177.6053
62.200001	85.856	177.2295
63.000000	85.843	176.6075
64.000000	85.820	175.8950
65.000000	85.802	175.1743
66.000000	85.782	174.4580
67.000000	85.760	173.7430
68.000000	85.736	173.0439
69.000000	85.710	172.3883
70.000000	85.683	171.7427
71.000000	85.654	171.0931
72.000000	85.626	170.4394
73.000000	85.594	169.7846
74.000000	85.560	169.1205
75.000000	85.525	168.4765
76.199997	85.489	167.7438
77.500000	85.445	166.9543
78.800003	85.396	166.2754
80.000000	85.352	165.6469
81.199997	85.307	164.9471
82.500000	85.260	164.2238
83.800003	85.206	163.5140
85.000000	85.153	162.8729
86.199997	85.099	162.2429
87.500000	85.039	161.5776
88.500000	84.993	161.0754
90.000000	84.929	160.3470
91.199997	84.872	159.7731
92.500000	84.803	159.1918
93.800003	84.737	158.6022
95.000000	84.679	158.0284
96.199997	84.616	157.4839
97.500000	84.546	156.9176
98.800003	84.476	156.3747
100.000000	84.409	155.8529
101.500000	84.325	155.2360
103.000000	84.241	154.6644
104.400002	84.165	154.1180
106.000000	84.072	153.4942
107.500000	83.978	152.9285
109.000000	83.890	152.4113
110.599998	83.798	151.8870
112.000000	83.713	151.4292
113.800003	83.597	150.8864
115.000000	83.523	150.5434
117.199997	83.382	149.9281
118.000000	83.330	149.6997
120.599998	83.149	148.9958
122.000000	83.056	148.6276
124.099998	82.922	148.0709
125.000000	82.862	147.8259
126.500000	82.759	147.4270
128.000000	82.656	147.0768
131.500000	82.418	146.4295
132.000000	82.384	146.3239
134.000000	82.246	145.8772
136.000000	82.098	145.5612
138.000000	81.937	145.4198
140.000000	81.793	145.2433
143.000000	81.609	144.8542
145.000000	81.471	144.6165
147.500000	81.285	144.4126
150.000000	81.105	144.2997
152.500000	80.933	144.2380
155.000000	80.761	144.1642
157.500000	80.586	144.0434
160.000000	80.412	144.0836
162.500000	80.245	144.2398
165.000000	80.079	144.3717
167.500000	79.911	144.5302
170.000000	79.748	144.7722
172.500000	79.588	145.0578
175.000000	79.422	145.3383
177.500000	79.264	145.6512
180.000000	79.123	145.9905
182.500000	78.975	146.4198
185.000000	78.819	146.9648
187.500000	78.671	147.5850
190.000000	78.533	148.2298
192.500000	78.408	148.8775
195.000000	78.315	149.5143
197.500000	78.236	150.1083
200.000000	78.161	150.6915
203.000000	78.047	151.3857
206.000000	77.926	152.1631
209.000000	77.833	152.9979
212.000000	77.754	153.6808
214.000000	77.700	154.1014
218.000000	77.581	155.1509
220.000000	77.535	155.6695
224.000000	77.468	156.6877
227.000000	77.423	157.3395
230.000000	77.392	157.9859
233.000000	77.359	158.8063
236.000000	77.326	159.5130
240.000000	77.299	160.2189
243.000000	77.271	160.6719
247.000000	77.221	161.4243
250.000000	77.183	162.0824
254.000000	77.145	162.8609
258.000000	77.132	163.4319
262.000000	77.128	164.0834
265.000000	77.122	164.6610
269.000000	77.108	165.3629
272.000000	77.102	165.8400
276.000000	77.098	166.4056
280.000000	77.100	166.8687
285.000000	77.108	167.4099
290.000000	77.114	167.9775
295.000000	77.109	168.5206
300.000000	77.102	168.9443
304.000000	77.097	169.2756
307.000000	77.092	169.5465
311.000000	77.088	169.9660
315.000000	77.085	170.3531
320.000000	77.076	170.7578
325.000000	77.067	171.1213
330.000000	77.056	171.4872
335.000000	77.052	171.8707
340.000000	77.044	172.2231
345.000000	77.030	172.5495
350.000000	77.016	172.8866
355.000000	77.002	173.2392
360.000000	76.987	173.5576
365.000000	76.971	173.8624
370.000000	76.957	174.1913
375.000000	76.943	174.5229
382.000000	76.921	174.9979
387.000000	76.904	175.3329
395.000000	76.871	175.8636
400.000000	76.854	176.2075
406.000000	76.834	176.5914
412.000000	76.814	176.9828
418.000000	76.791	177.3961
425.000000	76.768	177.8746
431.000000	76.749	178.2808
437.000000	76.728	178.6719
444.000000	76.705	179.1460
450.000000	76.683	179.5823
455.000000	76.664	179.9579
462.000000	76.640	-179.5198
468.000000	76.621	-179.0641
475.000000	76.601	-178.5610
482.000000	76.582	-178.0508
487.000000	76.570	-177.6656
494.000000	76.552	-177.1056
500.000000	76.536	-176.6183
508.000000	76.518	-175.9724
515.000000	76.503	-175.3915
522.000000	76.491	-174.7857
530.000000	76.479	-174.0764
538.000000	76.475	-173.3374
545.000000	76.477	-172.6761
552.000000	76.482	-172.0259
560.000000	76.493	-171.2848
570.000000	76.517	-170.3622
580.000000	76.545	-169.4819
590.000000	76.577	-168.6020
600.000000	76.618	-167.7396
608.000000	76.655	-167.0673
615.000000	76.693	-166.4733
622.000000	76.735	-165.8836
630.000000	76.789	-165.2456
640.000000	76.860	-164.4886
650.000000	76.938	-163.7882
660.000000	77.022	-163.1469
670.000000	77.108	-162.5604
680.000000	77.197	-162.0393
690.000000	77.287	-161.5885
700.000000	77.375	-161.2008
710.000000	77.459	-160.8690
720.000000	77.539	-160.5919
730.000000	77.611	-160.3567
740.000000	77.679	-160.1540
750.000000	77.740	-159.9716
762.000000	77.804	-159.7621
775.000000	77.863	-159.5408
788.000000	77.915	-159.3068
800.000000	77.957	-159.0659
812.000000	77.994	-158.8004
825.000000	78.030	-158.4745
838.000000	78.066	-158.1138
850.000000	78.099	-157.7522
862.000000	78.133	-157.3631
875.000000	78.173	-156.9134
885.000000	78.205	-156.5539
900.000000	78.259	-155.9967
912.000000	78.305	-155.5383
925.000000	78.359	-155.0384
938.000000	78.419	-154.5446
950.000000	78.478	-154.0920
962.000000	78.541	-153.6480
975.000000	78.613	-153.1817
988.000000	78.689	-152.7344
1000.000000	78.763	-152.3407
1015.000000	78.858	-151.8778
1030.000000	78.956	-151.4529
1044.000000	79.051	-151.0939
1060.000000	79.161	-150.7283
1075.000000	79.265	-150.4305
1090.000000	79.369	-150.1764
1106.000000	79.478	-149.9506
1120.000000	79.573	-149.7833
1138.000000	79.691	-149.6059
1150.000000	79.768	-149.5089
1172.000000	79.904	-149.3687
1180.000000	79.952	-149.3301
1206.000000	80.102	-149.2584
1220.000000	80.178	-149.2487
1241.000000	80.285	-149.2647
1250.000000	80.328	-149.2779
1265.000000	80.396	-149.3013
1280.000000	80.460	-149.3193
1315.000000	80.594	-149.3337
1320.000000	80.612	-149.3305
1340.000000	80.682	-149.3058
1360.000000	80.748	-149.2614
1380.000000	80.812	-149.1932
1400.000000	80.874	-149.0970
1430.000000	80.967	-148.9076
1450.000000	81.031	-148.7547
1475.000000	81.114	-148.5428
1500.000000	81.200	-148.3137
1525.000000	81.290	-148.0800
1550.000000	81.384	-147.8516
1575.000000	81.481	-147.6291
1600.000000	81.581	-147.4128
1625.000000	81.683	-147.2105
1650.000000	81.788	-147.0224
1675.000000	81.894	-146.8438
1700.000000	82.001	-146.6783
1725.000000	82.111	-146.5278
1750.000000	82.222	-146.3922
1775.000000	82.335	-146.2725
1800.000000	82.450	-146.1675
1825.000000	82.566	-146.0796
1850.000000	82.684	-146.0101
1875.000000	82.804	-145.9603
1900.000000	82.925	-145.9270
1925.000000	83.047	-145.9145
1950.000000	83.170	-145.9256
1975.000000	83.293	-145.9597
2000.000000	83.418	-146.0184
2030.000000	83.568	-146.1183
2060.000000	83.719	-146.2531
2090.000000	83.870	-146.4232
2120.000000	84.021	-146.6232
2140.000000	84.122	-146.7744
2180.000000	84.325	-147.1319
2200.000000	84.427	-147.3443
2240.000000	84.628	-147.8403
2270.000000	84.775	-148.2518
2300.000000	84.920	-148.6800
2330.000000	85.066	-149.1362
2360.000000	85.212	-149.6383
2400.000000	85.403	-150.3855
2430.000000	85.543	-151.0016
2470.000000	85.723	-151.8869
2500.000000	85.853	-152.5981
2540.000000	86.020	-153.6153
2580.000000	86.176	-154.7057
2620.000000	86.321	-155.8580
2650.000000	86.421	-156.7575
2690.000000	86.543	-157.9920
2720.000000	86.626	-158.9355
2760.000000	86.726	-160.2071
2800.000000	86.817	-161.4973
2850.000000	86.917	-163.1438
2900.000000	86.998	-164.8298
2950.000000	87.061	-166.5477
3000.000000	87.104	-168.2794
3040.000000	87.124	-169.6623
3070.000000	87.130	-170.6932
3110.000000	87.127	-172.0518
3150.000000	87.111	-173.3895
3200.000000	87.077	-175.0183
3250.000000	87.026	-176.5916
3300.000000	86.962	-178.1063
3350.000000	86.884	-179.5603
3400.000000	86.794	179.0465
3450.000000	86.693	177.7206
3500.000000	86.581	176.4623
3550.000000	86.460	175.2739
3600.000000	86.330	174.1562
3650.000000	86.194	173.1068
3700.000000	86.052	172.1289
3750.000000	85.904	171.2224
3820.000000	85.688	170.0730
3870.000000	85.527	169.3359
3950.000000	85.262	168.3060
4000.000000	85.092	167.7591
4060.000000	84.884	167.1996
4120.000000	84.673	166.7470
4180.000000	84.460	166.4056
4250.000000	84.210	166.1509
4310.000000	83.998	166.0598
4370.000000	83.788	166.0817
4440.000000	83.550	166.2517
4500.000000	83.352	166.5185
4550.000000	83.194	166.8204
4620.000000	82.985	167.3588
4680.000000	82.819	167.9196
4750.000000	82.644	168.6688
4820.000000	82.487	169.4998
4870.000000	82.388	170.1339
4940.000000	82.267	171.0682
5000.000000	82.180	171.9006
5080.000000	82.089	173.0338
5150.000000	82.033	174.0245
5220.000000	81.998	174.9921
5300.000000	81.981	176.0448
5380.000000	81.987	177.0256
5450.000000	82.007	177.8128
5520.000000	82.039	178.5287
5600.000000	82.090	179.2563
5700.000000	82.171	-179.9761
5800.000000	82.265	-179.3653
5900.000000	82.368	-178.9008
6000.000000	82.478	-178.5814
6080.000000	82.568	-178.4249
6150.000000	82.647	-178.3503
6220.000000	82.726	-178.3249
6300.000000	82.817	-178.3429
6400.000000	82.931	-178.4222
6500.000000	83.049	-178.5508
6600.000000	83.171	-178.7211
6700.000000	83.303	-178.9339
6800.000000	83.448	-179.1927
6900.000000	83.608	-179.5080
7000.000000	83.790	-179.8993
7100.000000	83.998	179.5985
7200.000000	84.237	178.9276
7300.000000	84.509	178.0164
7400.000000	84.813	176.7880
7500.000000	85.148	175.1485
7620.000000	85.581	172.4528
7750.000000	86.057	168.3443
7880.000000	86.467	162.7690
8000.000000	86.699	156.3344
8120.000000	86.708	148.9530
8250.000000	86.399	140.5448
8380.000000	85.749	132.5714
8500.000000	84.894	126.2717
8620.000000	83.874	121.3522
8750.000000	82.674	117.6596
8850.000000	81.732	115.8952
9000.000000	80.351	114.7289
9120.000000	79.300	114.8249
9250.000000	78.228	115.7186
9380.000000	77.230	117.2531
9500.000000	76.373	119.1114
9620.000000	75.574	121.3038
9750.000000	74.770	123.9550
9880.000000	74.023	126.8157
10000.000000	73.376	129.5990
10150.000000	72.611	133.2337
10300.000000	71.882	137.0604
10440.000000	71.226	140.8773
10600.000000	70.512	145.6301
10750.000000	69.896	150.5175
10900.000000	69.356	155.7510
11060.000000	68.875	161.5313
11200.000000	68.534	166.5894
11380.000000	68.186	172.9163
11500.000000	67.992	176.9666
11720.000000	67.663	-175.8676
11800.000000	67.546	-173.2361
12060.000000	67.218	-164.0336
12200.000000	67.128	-158.6459
12410.000000	67.158	-150.4318
12500.000000	67.228	-146.9821
12650.000000	67.412	-141.3823
12800.000000	67.675	-135.9611
13150.000000	68.615	-123.8862
13200.000000	68.793	-122.2571
13400.000000	69.618	-116.0728
13600.000000	70.647	-110.5060
13800.000000	71.917	-105.8583
14000.000000	73.449	-102.6264
14300.000000	76.254	-101.8596
14500.000000	78.418	-105.5975
14750.000000	81.054	-117.6020
15000.000000	82.686	-138.0023
15250.000000	82.514	-160.9742
15500.000000	80.827	-178.4319
15750.000000	78.639	172.4120
16000.000000	76.691	169.3272
16250.000000	75.183	169.3470
16500.000000	74.054	170.5604
16750.000000	73.193	171.9269
17000.000000	72.487	172.8586
17250.000000	71.827	173.0535
17500.000000	71.107	172.5298
17750.000000	70.237	171.5979
18000.000000	69.165	170.7903
18250.000000	67.882	170.7103
18500.000000	66.430	171.8922
18750.000000	64.883	174.5336
19000.000000	63.298	178.5558
19250.000000	61.715	-176.1297
19500.000000	60.182	-169.6421
19750.000000	58.812	-162.3635
20000.000000	57.968	-156.2012
