* Measurement data measured by REW V5.31.3
* Source: Microphone (JadeAudio JA11), MICROPHONE (Master Volume), L, volume: 0.250
* Format: 512k Log Swept Sine, 1 sweep at -14.9 dBFS with no timing reference
* Dated: Oct 24, 2025 10:46:47 PM
* REW Settings:
*  C-weighting compensation: Off
*  Target level: 75.0 dB
* Note: 
* Measurement: R Pure (Crystal 2)
* Smoothing: 1/24 octave
* Frequency Step: 1/48 octave
* Start Frequency: 20.300 Hz
*
* Freq(Hz)	SPL(dB)	Phase(degrees)
20.299999	89.401	172.3096
20.600000	89.390	172.0769
20.900000	89.375	171.8021
21.200001	89.360	171.5369
21.400000	89.349	171.3707
21.799999	89.327	171.0672
22.000000	89.313	170.9240
22.400000	89.281	170.6035
22.700001	89.253	170.3715
23.000000	89.224	170.1438
23.299999	89.195	169.8813
23.600000	89.166	169.6288
24.000000	89.128	169.3131
24.299999	89.100	169.0458
24.700001	89.062	168.6998
25.000000	89.034	168.4485
25.400000	88.999	168.0758
25.799999	88.967	167.7197
26.200001	88.937	167.3736
26.500000	88.916	167.1201
26.900000	88.889	166.8000
27.200001	88.870	166.5727
27.600000	88.845	166.2818
28.000000	88.822	166.0022
28.500000	88.793	165.6846
29.000000	88.765	165.3920
29.500000	88.733	165.1350
30.000000	88.700	164.8997
30.400000	88.672	164.7173
30.700001	88.650	164.5850
31.100000	88.620	164.4118
31.500000	88.588	164.2371
32.000000	88.547	164.0414
32.500000	88.506	163.8311
33.000000	88.465	163.6267
33.500000	88.424	163.3961
34.000000	88.384	163.1728
34.500000	88.347	162.9494
35.000000	88.311	162.7422
35.500000	88.276	162.5324
36.000000	88.241	162.3238
36.500000	88.205	162.1231
37.000000	88.173	161.9427
37.500000	88.145	161.7914
38.200001	88.104	161.6016
38.700001	88.071	161.4685
39.500000	88.014	161.2492
40.000000	87.980	161.1198
40.599998	87.938	160.9726
41.200001	87.899	160.8434
41.799999	87.866	160.7226
42.500000	87.833	160.5778
43.099998	87.797	160.4436
43.700001	87.749	160.2987
44.400002	87.692	160.1426
45.000000	87.651	160.0271
45.500000	87.622	159.9377
46.200001	87.582	159.8147
46.799999	87.547	159.7118
47.500000	87.508	159.6009
48.200001	87.470	159.5023
48.700001	87.440	159.4352
49.400002	87.398	159.3398
50.000000	87.363	159.2620
50.799999	87.320	159.1667
51.500000	87.282	159.0923
52.200001	87.243	159.0247
53.000000	87.199	158.9575
53.799999	87.158	158.8774
54.500000	87.122	158.7970
55.200001	87.086	158.7434
56.000000	87.044	158.7039
57.000000	86.989	158.5992
58.000000	86.942	158.5046
59.000000	86.887	158.3635
60.000000	86.826	158.1917
60.799999	86.796	158.2332
61.500000	86.776	158.3231
62.200001	86.750	158.3461
63.000000	86.714	158.3255
64.000000	86.669	158.3160
65.000000	86.624	158.2855
66.000000	86.580	158.2566
67.000000	86.537	158.2371
68.000000	86.496	158.2289
69.000000	86.455	158.2262
70.000000	86.415	158.2163
71.000000	86.376	158.2104
72.000000	86.336	158.2152
73.000000	86.298	158.2286
74.000000	86.261	158.2395
75.000000	86.224	158.2445
76.199997	86.182	158.2476
77.500000	86.139	158.2506
78.800003	86.094	158.2680
80.000000	86.054	158.2876
81.199997	86.014	158.3185
82.500000	85.971	158.3460
83.800003	85.929	158.3721
85.000000	85.891	158.4082
86.199997	85.853	158.4456
87.500000	85.812	158.4810
88.500000	85.781	158.5036
90.000000	85.736	158.5448
91.199997	85.702	158.5859
92.500000	85.666	158.6406
93.800003	85.629	158.6871
95.000000	85.595	158.7158
96.199997	85.562	158.7646
97.500000	85.527	158.8197
98.800003	85.494	158.8690
100.000000	85.463	158.9147
101.500000	85.425	158.9701
103.000000	85.388	159.0267
104.400002	85.355	159.0886
106.000000	85.317	159.1563
107.500000	85.280	159.2225
109.000000	85.246	159.2832
110.599998	85.211	159.3494
112.000000	85.182	159.4119
113.800003	85.144	159.4902
115.000000	85.119	159.5402
117.199997	85.074	159.6396
118.000000	85.058	159.6742
120.599998	85.006	159.7842
122.000000	84.979	159.8324
124.099998	84.940	159.9091
125.000000	84.924	159.9511
126.500000	84.896	160.0218
128.000000	84.870	160.0875
131.500000	84.811	160.2286
132.000000	84.802	160.2497
134.000000	84.768	160.3345
136.000000	84.733	160.4122
138.000000	84.697	160.4895
140.000000	84.662	160.5752
143.000000	84.613	160.7216
145.000000	84.577	160.8201
147.500000	84.528	160.9574
150.000000	84.477	161.1237
152.500000	84.427	161.3719
155.000000	84.389	161.7382
157.500000	84.364	162.1743
160.000000	84.366	162.5326
162.500000	84.378	162.6893
165.000000	84.376	162.7203
167.500000	84.358	162.7209
170.000000	84.333	162.7649
172.500000	84.309	162.9100
175.000000	84.297	163.0136
177.500000	84.294	163.0235
180.000000	84.289	162.9593
182.500000	84.270	162.9747
185.000000	84.244	163.0107
187.500000	84.217	163.0014
190.000000	84.190	162.9978
192.500000	84.162	162.9989
195.000000	84.129	162.9985
197.500000	84.099	163.0211
200.000000	84.072	163.0608
203.000000	84.043	163.1139
206.000000	84.014	163.1899
209.000000	83.985	163.3129
212.000000	83.960	163.4123
214.000000	83.943	163.4591
218.000000	83.913	163.5665
220.000000	83.901	163.6130
224.000000	83.878	163.6882
227.000000	83.858	163.7505
230.000000	83.839	163.8231
233.000000	83.821	163.8860
236.000000	83.803	163.9549
240.000000	83.780	164.0463
243.000000	83.762	164.1044
247.000000	83.735	164.1720
250.000000	83.714	164.2255
254.000000	83.684	164.2998
258.000000	83.653	164.3728
262.000000	83.623	164.4550
265.000000	83.601	164.5210
269.000000	83.572	164.6077
272.000000	83.550	164.6735
276.000000	83.520	164.7534
280.000000	83.491	164.8418
285.000000	83.455	164.9604
290.000000	83.420	165.0625
295.000000	83.384	165.1759
300.000000	83.350	165.3053
304.000000	83.326	165.4184
307.000000	83.309	165.4885
311.000000	83.286	165.5603
315.000000	83.264	165.6396
320.000000	83.237	165.7374
325.000000	83.209	165.8256
330.000000	83.179	165.9192
335.000000	83.149	166.0141
340.000000	83.117	166.0952
345.000000	83.086	166.1790
350.000000	83.053	166.2709
355.000000	83.021	166.3641
360.000000	82.990	166.4596
365.000000	82.959	166.5663
370.000000	82.928	166.6785
375.000000	82.896	166.7993
382.000000	82.853	166.9752
387.000000	82.824	167.1051
395.000000	82.781	167.3028
400.000000	82.756	167.4052
406.000000	82.723	167.5107
412.000000	82.687	167.6242
418.000000	82.651	167.7549
425.000000	82.607	167.9240
431.000000	82.571	168.0698
437.000000	82.534	168.2125
444.000000	82.492	168.3876
450.000000	82.456	168.5435
455.000000	82.424	168.6772
462.000000	82.382	168.8700
468.000000	82.345	169.0511
475.000000	82.303	169.2815
482.000000	82.261	169.5255
487.000000	82.232	169.7077
494.000000	82.194	169.9739
500.000000	82.165	170.2102
508.000000	82.131	170.5149
515.000000	82.105	170.7545
522.000000	82.077	170.9752
530.000000	82.042	171.2173
538.000000	82.005	171.4723
545.000000	81.971	171.7094
552.000000	81.939	171.9556
560.000000	81.902	172.2477
570.000000	81.857	172.6223
580.000000	81.814	172.9966
590.000000	81.773	173.3755
600.000000	81.733	173.7619
608.000000	81.700	174.0766
615.000000	81.672	174.3567
622.000000	81.645	174.6443
630.000000	81.614	174.9820
640.000000	81.576	175.4067
650.000000	81.540	175.8373
660.000000	81.506	176.2790
670.000000	81.472	176.7362
680.000000	81.440	177.2084
690.000000	81.410	177.6903
700.000000	81.381	178.1810
710.000000	81.354	178.6817
720.000000	81.329	179.1949
730.000000	81.306	179.7162
740.000000	81.285	-179.7558
750.000000	81.266	-179.2160
762.000000	81.247	-178.5588
775.000000	81.229	-177.8370
788.000000	81.216	-177.0997
800.000000	81.206	-176.4037
812.000000	81.198	-175.7062
825.000000	81.191	-174.9496
838.000000	81.190	-174.1917
850.000000	81.193	-173.4855
862.000000	81.200	-172.7806
875.000000	81.214	-172.0208
885.000000	81.227	-171.4393
900.000000	81.254	-170.5760
912.000000	81.281	-169.8988
925.000000	81.317	-169.1780
938.000000	81.358	-168.4753
950.000000	81.400	-167.8467
962.000000	81.447	-167.2398
975.000000	81.501	-166.6077
988.000000	81.558	-166.0018
1000.000000	81.613	-165.4673
1015.000000	81.681	-164.8388
1030.000000	81.751	-164.2584
1044.000000	81.817	-163.7616
1060.000000	81.896	-163.2433
1075.000000	81.970	-162.8034
1090.000000	82.046	-162.4116
1106.000000	82.127	-162.0445
1120.000000	82.196	-161.7645
1138.000000	82.283	-161.4501
1150.000000	82.339	-161.2677
1172.000000	82.437	-160.9893
1180.000000	82.471	-160.9023
1206.000000	82.576	-160.6730
1220.000000	82.628	-160.5764
1241.000000	82.702	-160.4561
1250.000000	82.733	-160.4104
1265.000000	82.784	-160.3408
1280.000000	82.835	-160.2775
1315.000000	82.942	-160.1483
1320.000000	82.956	-160.1304
1340.000000	83.009	-160.0555
1360.000000	83.058	-159.9761
1380.000000	83.104	-159.8878
1400.000000	83.145	-159.7854
1430.000000	83.202	-159.6093
1450.000000	83.237	-159.4751
1475.000000	83.279	-159.2901
1500.000000	83.319	-159.0799
1525.000000	83.358	-158.8471
1550.000000	83.398	-158.5956
1575.000000	83.438	-158.3254
1600.000000	83.481	-158.0362
1625.000000	83.530	-157.7289
1650.000000	83.582	-157.4059
1675.000000	83.636	-157.0717
1700.000000	83.693	-156.7292
1725.000000	83.751	-156.3828
1750.000000	83.812	-156.0302
1775.000000	83.875	-155.6729
1800.000000	83.940	-155.3105
1825.000000	84.008	-154.9500
1850.000000	84.079	-154.5945
1875.000000	84.154	-154.2434
1900.000000	84.231	-153.9000
1925.000000	84.312	-153.5674
1950.000000	84.395	-153.2451
1975.000000	84.479	-152.9343
2000.000000	84.565	-152.6345
2030.000000	84.669	-152.2828
2060.000000	84.777	-151.9408
2090.000000	84.888	-151.6149
2120.000000	85.002	-151.3103
2140.000000	85.080	-151.1215
2180.000000	85.240	-150.7741
2200.000000	85.321	-150.6141
2240.000000	85.486	-150.3292
2270.000000	85.611	-150.1416
2300.000000	85.739	-149.9743
2330.000000	85.868	-149.8241
2360.000000	85.998	-149.6892
2400.000000	86.177	-149.5247
2430.000000	86.316	-149.4105
2470.000000	86.511	-149.2841
2500.000000	86.665	-149.2221
2540.000000	86.880	-149.2054
2580.000000	87.107	-149.3013
2620.000000	87.346	-149.5516
2650.000000	87.530	-149.8593
2690.000000	87.777	-150.4444
2720.000000	87.958	-151.0151
2760.000000	88.189	-151.9355
2800.000000	88.404	-153.0150
2850.000000	88.648	-154.5450
2900.000000	88.863	-156.2369
2950.000000	89.049	-158.0691
3000.000000	89.204	-160.0272
3040.000000	89.304	-161.6760
3070.000000	89.363	-162.9498
3110.000000	89.419	-164.6763
3150.000000	89.450	-166.4106
3200.000000	89.455	-168.5475
3250.000000	89.425	-170.6166
3300.000000	89.363	-172.5889
3350.000000	89.274	-174.4398
3400.000000	89.162	-176.1548
3450.000000	89.031	-177.7222
3500.000000	88.886	-179.1414
3550.000000	88.729	179.5847
3600.000000	88.565	178.4495
3650.000000	88.396	177.4444
3700.000000	88.222	176.5646
3750.000000	88.046	175.8043
3820.000000	87.797	174.9390
3870.000000	87.620	174.4544
3950.000000	87.345	173.8983
4000.000000	87.180	173.6731
4060.000000	86.989	173.5009
4120.000000	86.809	173.4135
4180.000000	86.638	173.3914
4250.000000	86.450	173.4277
4310.000000	86.298	173.5045
4370.000000	86.153	173.6145
4440.000000	85.993	173.7814
4500.000000	85.862	173.9505
4550.000000	85.757	174.1037
4620.000000	85.616	174.3351
4680.000000	85.500	174.5506
4750.000000	85.369	174.8181
4820.000000	85.241	175.1032
4870.000000	85.152	175.3208
4940.000000	85.028	175.6490
5000.000000	84.922	175.9535
5080.000000	84.782	176.4042
5150.000000	84.662	176.8491
5220.000000	84.546	177.3474
5300.000000	84.421	177.9799
5380.000000	84.308	178.6775
5450.000000	84.221	179.3285
5520.000000	84.147	179.9964
5600.000000	84.079	-179.2539
5700.000000	84.012	-178.3936
5800.000000	83.956	-177.6557
5900.000000	83.897	-177.0249
6000.000000	83.827	-176.4410
6080.000000	83.760	-175.9448
6150.000000	83.696	-175.4523
6220.000000	83.629	-174.8832
6300.000000	83.554	-174.1207
6400.000000	83.470	-172.9959
6500.000000	83.407	-171.6887
6600.000000	83.377	-170.2263
6700.000000	83.387	-168.6524
6800.000000	83.443	-167.0161
6900.000000	83.551	-165.3676
7000.000000	83.715	-163.7683
7100.000000	83.936	-162.2862
7200.000000	84.218	-160.9861
7300.000000	84.565	-159.9225
7400.000000	84.991	-159.2217
7500.000000	85.485	-159.1553
7620.000000	86.136	-160.0882
7750.000000	86.870	-162.5986
7880.000000	87.563	-166.9072
8000.000000	88.066	-172.6893
8120.000000	88.288	179.9590
8250.000000	88.026	171.2955
8380.000000	87.165	164.9758
8500.000000	86.586	165.1432
8620.000000	87.036	162.4942
8750.000000	86.562	152.1833
8850.000000	85.459	147.0521
9000.000000	83.769	144.6135
9120.000000	82.637	144.9823
9250.000000	81.610	146.4630
9380.000000	80.747	148.5868
9500.000000	80.073	150.8916
9620.000000	79.502	153.3889
9750.000000	78.987	156.1843
9880.000000	78.567	158.9700
10000.000000	78.253	161.4532
10150.000000	77.943	164.3331
10300.000000	77.711	166.8557
10440.000000	77.549	168.8031
10600.000000	77.400	170.4635
10750.000000	77.262	171.4624
10900.000000	77.094	171.9928
11060.000000	76.853	172.2072
11200.000000	76.572	172.3078
11380.000000	76.113	172.6584
11500.000000	75.758	173.2056
11720.000000	75.060	175.1501
11800.000000	74.809	176.1916
12060.000000	74.079	-179.3350
12200.000000	73.770	-176.4250
12410.000000	73.440	-171.7831
12500.000000	73.344	-169.7975
12650.000000	73.226	-166.5751
12800.000000	73.137	-163.3597
13150.000000	73.204	-154.8016
13200.000000	73.266	-153.6158
13400.000000	73.611	-149.4263
13600.000000	74.057	-146.0295
13800.000000	74.591	-143.3259
14000.000000	75.216	-141.3621
14300.000000	76.333	-140.1537
14500.000000	77.197	-140.9144
14750.000000	78.353	-144.4073
15000.000000	79.412	-151.4003
15250.000000	80.088	-161.7850
15500.000000	80.123	-174.0720
15750.000000	79.472	174.1247
16000.000000	78.380	164.6098
16250.000000	77.166	157.8920
16500.000000	75.864	154.5212
16750.000000	74.690	155.5332
17000.000000	74.016	158.5624
17250.000000	73.697	161.1733
17500.000000	73.541	163.1803
17750.000000	73.426	164.4744
18000.000000	73.206	166.2054
18250.000000	73.449	172.7554
18500.000000	75.206	177.2337
18750.000000	76.496	167.6319
19000.000000	76.304	154.7694
19250.000000	75.234	144.8599
19500.000000	73.760	138.4361
19750.000000	72.183	135.1743
20000.000000	71.091	134.4412
