* Measurement data measured by REW V5.31.3
* Source: Microphone (JadeAudio JA11), MICROPHONE (Master Volume), R, volume: 0.250
* Format: 256k Log Swept Sine, 1 sweep at -8.9 dBFS with no timing reference
* Dated: Mar 22, 2025 3:04:57 AM
* REW Settings:
*  C-weighting compensation: Off
*  Target level: 75.0 dB
* Note: 
* Measurement: L Zero Blue 2 (5?, ET4)
* Smoothing: 1/24 octave
* Frequency Step: 1/48 octave
* Start Frequency: 20.000 Hz
*
* Freq(Hz)	SPL(dB)	Phase(degrees)
20.000000	93.969	171.2310
20.299999	93.964	170.7661
20.600000	93.957	170.3194
20.900000	93.948	169.8879
21.200001	93.937	169.4615
21.400000	93.928	169.1817
21.799999	93.907	168.6385
22.000000	93.894	168.3711
22.400000	93.866	167.8107
22.700001	93.842	167.4045
23.000000	93.817	167.0071
23.299999	93.790	166.5766
23.600000	93.762	166.1539
24.000000	93.725	165.6042
24.299999	93.697	165.1623
24.700001	93.659	164.5837
25.000000	93.632	164.1614
25.400000	93.598	163.5666
25.799999	93.565	162.9872
26.200001	93.534	162.4117
26.500000	93.512	161.9813
26.900000	93.483	161.4214
27.200001	93.461	161.0141
27.600000	93.434	160.4871
28.000000	93.407	159.9766
28.500000	93.374	159.3758
29.000000	93.340	158.7939
29.500000	93.304	158.2373
30.000000	93.266	157.6976
30.400000	93.232	157.2767
30.700001	93.206	156.9697
31.100000	93.170	156.5669
31.500000	93.133	156.1585
32.000000	93.085	155.6580
32.500000	93.035	155.1407
33.000000	92.983	154.6381
33.500000	92.932	154.1243
34.000000	92.882	153.6199
34.500000	92.832	153.1045
35.000000	92.783	152.6023
35.500000	92.736	152.1069
36.000000	92.690	151.6243
36.500000	92.646	151.1456
37.000000	92.601	150.6719
37.500000	92.555	150.2185
38.200001	92.490	149.6225
38.700001	92.445	149.2146
39.500000	92.371	148.5588
40.000000	92.322	148.1559
40.599998	92.261	147.6873
41.200001	92.200	147.2325
41.799999	92.139	146.7690
42.500000	92.066	146.2162
43.099998	92.002	145.7512
43.700001	91.937	145.2947
44.400002	91.861	144.7706
45.000000	91.796	144.3311
45.500000	91.741	143.9788
46.200001	91.665	143.5159
46.799999	91.604	143.1399
47.500000	91.536	142.7039
48.200001	91.469	142.2552
48.700001	91.421	141.9254
49.400002	91.350	141.4629
50.000000	91.287	141.0843
50.799999	91.203	140.6027
51.500000	91.130	140.1860
52.200001	91.057	139.7743
53.000000	90.972	139.3216
53.799999	90.887	138.8726
54.500000	90.810	138.4892
55.200001	90.733	138.1377
56.000000	90.650	137.7526
57.000000	90.548	137.2497
58.000000	90.442	136.7646
59.000000	90.339	136.2996
60.000000	90.235	135.8491
60.799999	90.154	135.4930
61.500000	90.082	135.1762
62.200001	90.008	134.8690
63.000000	89.922	134.5433
64.000000	89.819	134.1504
65.000000	89.715	133.7477
66.000000	89.610	133.3519
67.000000	89.504	132.9792
68.000000	89.400	132.6191
69.000000	89.296	132.2697
70.000000	89.194	131.9333
71.000000	89.091	131.6066
72.000000	88.989	131.2961
73.000000	88.887	131.0010
74.000000	88.785	130.7186
75.000000	88.683	130.4541
76.199997	88.562	130.1441
77.500000	88.429	129.8139
78.800003	88.295	129.5024
80.000000	88.172	129.2278
81.199997	88.050	128.9644
82.500000	87.919	128.7014
83.800003	87.791	128.4747
85.000000	87.676	128.2706
86.199997	87.559	128.0681
87.500000	87.430	127.8727
88.500000	87.331	127.7390
90.000000	87.183	127.5451
91.199997	87.065	127.4006
92.500000	86.939	127.2870
93.800003	86.821	127.1930
95.000000	86.714	127.0908
96.199997	86.607	126.9670
97.500000	86.485	126.8422
98.800003	86.362	126.7617
100.000000	86.251	126.6937
101.500000	86.113	126.6162
103.000000	85.975	126.5698
104.400002	85.850	126.5545
106.000000	85.709	126.5560
107.500000	85.580	126.5620
109.000000	85.452	126.5662
110.599998	85.316	126.5940
112.000000	85.200	126.6369
113.800003	85.052	126.7170
115.000000	84.952	126.7714
117.199997	84.769	126.9333
118.000000	84.705	126.9999
120.599998	84.507	127.1910
122.000000	84.401	127.2946
124.099998	84.243	127.5122
125.000000	84.175	127.6115
126.500000	84.061	127.7742
128.000000	83.945	127.9553
131.500000	83.695	128.4089
132.000000	83.662	128.4734
134.000000	83.530	128.7415
136.000000	83.394	129.0458
138.000000	83.257	129.4005
140.000000	83.132	129.7491
143.000000	82.962	130.2113
145.000000	82.848	130.5291
147.500000	82.702	131.0182
150.000000	82.566	131.5197
152.500000	82.436	132.0012
155.000000	82.309	132.4918
157.500000	82.181	132.9936
160.000000	82.059	133.5013
162.500000	81.947	134.0037
165.000000	81.840	134.5236
167.500000	81.737	135.0643
170.000000	81.642	135.5853
172.500000	81.552	136.0982
175.000000	81.461	136.6326
177.500000	81.369	137.1501
180.000000	81.279	137.6603
182.500000	81.201	138.1979
185.000000	81.132	138.7221
187.500000	81.059	139.2487
190.000000	80.989	139.7810
192.500000	80.925	140.2678
195.000000	80.862	140.7676
197.500000	80.802	141.2739
200.000000	80.746	141.7459
203.000000	80.690	142.2753
206.000000	80.632	142.8349
209.000000	80.569	143.4596
212.000000	80.502	144.0216
214.000000	80.459	144.3600
218.000000	80.397	144.9831
220.000000	80.373	145.2701
224.000000	80.323	145.9062
227.000000	80.288	146.3446
230.000000	80.252	146.7451
233.000000	80.212	147.1996
236.000000	80.172	147.6805
240.000000	80.129	148.2447
243.000000	80.098	148.6510
247.000000	80.059	149.1812
250.000000	80.030	149.5670
254.000000	79.992	150.0859
258.000000	79.956	150.5288
262.000000	79.924	150.9669
265.000000	79.900	151.3040
269.000000	79.871	151.7250
272.000000	79.851	152.0394
276.000000	79.821	152.4223
280.000000	79.787	152.7526
285.000000	79.755	153.1801
290.000000	79.723	153.6542
295.000000	79.689	154.0986
300.000000	79.654	154.5067
304.000000	79.628	154.8218
307.000000	79.609	155.0451
311.000000	79.584	155.3440
315.000000	79.559	155.6429
320.000000	79.526	155.9989
325.000000	79.493	156.3419
330.000000	79.459	156.6859
335.000000	79.430	157.0234
340.000000	79.399	157.3434
345.000000	79.368	157.6519
350.000000	79.344	157.9850
355.000000	79.320	158.3252
360.000000	79.293	158.6440
365.000000	79.270	158.9568
370.000000	79.248	159.2614
375.000000	79.228	159.5414
382.000000	79.203	159.8905
387.000000	79.189	160.1122
395.000000	79.164	160.4166
400.000000	79.142	160.5526
406.000000	79.105	160.6744
412.000000	79.061	160.7806
418.000000	79.011	160.8938
425.000000	78.941	161.1333
431.000000	78.879	161.4229
437.000000	78.823	161.7536
444.000000	78.766	162.1666
450.000000	78.724	162.5299
455.000000	78.692	162.8286
462.000000	78.647	163.2350
468.000000	78.609	163.5691
475.000000	78.566	163.9525
482.000000	78.525	164.3286
487.000000	78.497	164.6000
494.000000	78.459	164.9771
500.000000	78.425	165.2885
508.000000	78.380	165.7120
515.000000	78.344	166.0742
522.000000	78.307	166.4411
530.000000	78.265	166.8704
538.000000	78.223	167.2967
545.000000	78.189	167.6674
552.000000	78.154	168.0518
560.000000	78.113	168.5001
570.000000	78.064	169.0557
580.000000	78.018	169.6083
590.000000	77.972	170.1690
600.000000	77.926	170.7359
608.000000	77.890	171.1932
615.000000	77.861	171.5962
622.000000	77.832	172.0005
630.000000	77.801	172.4629
640.000000	77.762	173.0567
650.000000	77.727	173.6575
660.000000	77.694	174.2581
670.000000	77.660	174.8650
680.000000	77.628	175.4872
690.000000	77.600	176.1129
700.000000	77.573	176.7466
710.000000	77.548	177.3754
720.000000	77.525	178.0080
730.000000	77.505	178.6528
740.000000	77.488	179.3056
750.000000	77.473	179.9657
762.000000	77.458	-179.2478
775.000000	77.446	-178.3987
788.000000	77.439	-177.5428
800.000000	77.434	-176.7499
812.000000	77.433	-175.9471
825.000000	77.438	-175.0568
838.000000	77.451	-174.1668
850.000000	77.468	-173.3687
862.000000	77.489	-172.5837
875.000000	77.516	-171.7420
885.000000	77.539	-171.0907
900.000000	77.578	-170.1129
912.000000	77.616	-169.3382
925.000000	77.665	-168.5180
938.000000	77.721	-167.7245
950.000000	77.775	-167.0170
962.000000	77.835	-166.3424
975.000000	77.903	-165.6513
988.000000	77.973	-165.0059
1000.000000	78.039	-164.4448
1015.000000	78.121	-163.7674
1030.000000	78.206	-163.1100
1044.000000	78.288	-162.5333
1060.000000	78.384	-161.9292
1075.000000	78.473	-161.4174
1090.000000	78.560	-160.9412
1106.000000	78.652	-160.4578
1120.000000	78.734	-160.0543
1138.000000	78.841	-159.5756
1150.000000	78.911	-159.2892
1172.000000	79.036	-158.8219
1180.000000	79.080	-158.6689
1206.000000	79.217	-158.2155
1220.000000	79.286	-157.9846
1241.000000	79.385	-157.6652
1250.000000	79.426	-157.5379
1265.000000	79.493	-157.3292
1280.000000	79.557	-157.1218
1315.000000	79.698	-156.6498
1320.000000	79.717	-156.5816
1340.000000	79.792	-156.2985
1360.000000	79.867	-155.9988
1380.000000	79.941	-155.6974
1400.000000	80.014	-155.3817
1430.000000	80.126	-154.8853
1450.000000	80.204	-154.5481
1475.000000	80.304	-154.1245
1500.000000	80.408	-153.6961
1525.000000	80.519	-153.2883
1550.000000	80.637	-152.9103
1575.000000	80.762	-152.5612
1600.000000	80.894	-152.2452
1625.000000	81.030	-151.9781
1650.000000	81.170	-151.7886
1675.000000	81.310	-151.6776
1700.000000	81.449	-151.6442
1725.000000	81.584	-151.6847
1750.000000	81.710	-151.7881
1775.000000	81.827	-151.9399
1800.000000	81.935	-152.1203
1825.000000	82.033	-152.3133
1850.000000	82.122	-152.5099
1875.000000	82.205	-152.6917
1900.000000	82.281	-152.8515
1925.000000	82.352	-152.9902
1950.000000	82.421	-153.1083
1975.000000	82.488	-153.2059
2000.000000	82.554	-153.2875
2030.000000	82.631	-153.3670
2060.000000	82.709	-153.4268
2090.000000	82.788	-153.4686
2120.000000	82.869	-153.5002
2140.000000	82.923	-153.5205
2180.000000	83.034	-153.5592
2200.000000	83.091	-153.5802
2240.000000	83.207	-153.6333
2270.000000	83.294	-153.6874
2300.000000	83.383	-153.7528
2330.000000	83.473	-153.8337
2360.000000	83.564	-153.9295
2400.000000	83.685	-154.0824
2430.000000	83.776	-154.2181
2470.000000	83.897	-154.4238
2500.000000	83.988	-154.5921
2540.000000	84.108	-154.8455
2580.000000	84.228	-155.1342
2620.000000	84.347	-155.4568
2650.000000	84.435	-155.7231
2690.000000	84.551	-156.1097
2720.000000	84.636	-156.4228
2760.000000	84.748	-156.8753
2800.000000	84.856	-157.3642
2850.000000	84.985	-158.0220
2900.000000	85.108	-158.7327
2950.000000	85.223	-159.4910
3000.000000	85.330	-160.2887
3040.000000	85.408	-160.9506
3070.000000	85.462	-161.4618
3110.000000	85.530	-162.1573
3150.000000	85.591	-162.8710
3200.000000	85.658	-163.7801
3250.000000	85.715	-164.6946
3300.000000	85.762	-165.6150
3350.000000	85.799	-166.5341
3400.000000	85.826	-167.4458
3450.000000	85.846	-168.3457
3500.000000	85.856	-169.2309
3550.000000	85.859	-170.0996
3600.000000	85.853	-170.9478
3650.000000	85.842	-171.7771
3700.000000	85.824	-172.5783
3750.000000	85.799	-173.3524
3820.000000	85.757	-174.3868
3870.000000	85.722	-175.0932
3950.000000	85.658	-176.1670
4000.000000	85.613	-176.8042
4060.000000	85.555	-177.5387
4120.000000	85.492	-178.2386
4180.000000	85.426	-178.9006
4250.000000	85.345	-179.6238
4310.000000	85.272	179.7942
4370.000000	85.197	179.2440
4440.000000	85.107	178.6432
4500.000000	85.028	178.1600
4550.000000	84.961	177.7759
4620.000000	84.865	177.2721
4680.000000	84.782	176.8688
4750.000000	84.683	176.4271
4820.000000	84.583	176.0236
4870.000000	84.510	175.7605
4940.000000	84.406	175.4254
5000.000000	84.316	175.1697
5080.000000	84.195	174.8813
5150.000000	84.089	174.6795
5220.000000	83.985	174.5240
5300.000000	83.868	174.4016
5380.000000	83.756	174.3323
5450.000000	83.662	174.3124
5520.000000	83.571	174.3317
5600.000000	83.471	174.3948
5700.000000	83.356	174.5335
5800.000000	83.251	174.7340
5900.000000	83.159	174.9990
6000.000000	83.081	175.3179
6080.000000	83.030	175.6155
6150.000000	82.994	175.9026
6220.000000	82.968	176.2045
6300.000000	82.951	176.5586
6400.000000	82.951	177.0117
6500.000000	82.977	177.4587
6600.000000	83.030	177.8277
6700.000000	83.103	178.1215
6800.000000	83.197	178.3504
6900.000000	83.315	178.4800
7000.000000	83.453	178.4993
7100.000000	83.613	178.4020
7200.000000	83.799	178.1749
7300.000000	84.013	177.7869
7400.000000	84.261	177.2050
7500.000000	84.551	176.3488
7620.000000	84.964	174.7391
7750.000000	85.475	171.8459
7880.000000	85.974	167.2377
8000.000000	86.304	161.3037
8120.000000	86.380	154.0694
8250.000000	86.080	145.6805
8380.000000	85.371	137.9216
8500.000000	84.435	132.2231
8620.000000	83.346	128.2917
8750.000000	82.116	125.9395
8850.000000	81.187	125.2550
9000.000000	79.862	125.6854
9120.000000	78.887	127.0209
9250.000000	77.925	129.1447
9380.000000	77.049	131.7791
9500.000000	76.308	134.5695
9620.000000	75.627	137.6494
9750.000000	74.952	141.2436
9880.000000	74.339	145.0484
10000.000000	73.824	148.7208
10150.000000	73.244	153.4803
10300.000000	72.729	158.3818
10440.000000	72.306	163.0687
10600.000000	71.885	168.5083
10750.000000	71.548	173.6848
10900.000000	71.266	178.9053
11060.000000	71.024	-175.5094
11200.000000	70.863	-170.6017
11380.000000	70.719	-164.2754
11500.000000	70.665	-160.0694
11720.000000	70.655	-152.3993
11800.000000	70.681	-149.6162
12060.000000	70.883	-140.6647
12200.000000	71.068	-135.9321
12410.000000	71.455	-128.9704
12500.000000	71.663	-126.0369
12650.000000	72.070	-121.2326
12800.000000	72.558	-116.5434
13150.000000	74.067	-106.1757
13200.000000	74.332	-104.7786
13400.000000	75.545	-99.4725
13600.000000	77.053	-94.8106
13800.000000	78.953	-91.2667
14000.000000	81.372	-89.9101
14300.000000	85.925	-97.2195
14500.000000	88.760	-112.7185
14750.000000	90.278	-142.5524
15000.000000	88.867	-169.9822
15250.000000	86.085	175.7554
15500.000000	83.695	172.2523
15750.000000	82.210	173.4952
16000.000000	81.460	175.9068
16250.000000	81.242	177.7364
16500.000000	81.395	177.7488
16750.000000	81.717	174.8730
17000.000000	81.917	168.6237
17250.000000	81.668	159.8250
17500.000000	80.789	150.6027
17750.000000	79.350	143.2368
18000.000000	77.604	138.9236
18250.000000	75.822	137.5565
18500.000000	74.191	138.3134
18750.000000	72.803	140.2267
19000.000000	71.693	142.4097
19250.000000	70.857	144.0899
19500.000000	70.260	144.5846
19750.000000	69.848	143.5291
20000.000000	69.629	141.8367
