* Measurement data measured by REW V5.31.3
* Source: Microphone (JadeAudio JA11), MICROPHONE (Master Volume), R, volume: 0.250
* Format: 512k Log Swept Sine, 1 sweep at -7.3 dBFS with no timing reference
* Dated: Apr 5, 2025 2:51:25 AM
* REW Settings:
*  C-weighting compensation: Off
*  Target level: 75.0 dB
* Note: 
* Measurement: L Zero Blue 2 (5?, ASMR)
* Smoothing: 1/24 octave
* Frequency Step: 1/48 octave
* Start Frequency: 20.300 Hz
*
* Freq(Hz)	SPL(dB)	Phase(degrees)
20.299999	95.517	170.0177
20.600000	95.510	169.6072
20.900000	95.498	169.1369
21.200001	95.484	168.6676
21.400000	95.475	168.3604
21.799999	95.455	167.7659
22.000000	95.444	167.4760
22.400000	95.417	166.8668
22.700001	95.394	166.4255
23.000000	95.370	165.9941
23.299999	95.344	165.5307
23.600000	95.317	165.0770
24.000000	95.281	164.4903
24.299999	95.253	164.0189
24.700001	95.216	163.4036
25.000000	95.189	162.9548
25.400000	95.155	162.3237
25.799999	95.123	161.7108
26.200001	95.093	161.1041
26.500000	95.072	160.6513
26.900000	95.044	160.0620
27.200001	95.024	159.6327
27.600000	94.997	159.0759
28.000000	94.971	158.5350
28.500000	94.938	157.8935
29.000000	94.904	157.2733
29.500000	94.868	156.6845
30.000000	94.830	156.1190
30.400000	94.797	155.6768
30.700001	94.771	155.3518
31.100000	94.736	154.9223
31.500000	94.698	154.4888
32.000000	94.650	153.9660
32.500000	94.601	153.4304
33.000000	94.550	152.9089
33.500000	94.499	152.3673
34.000000	94.448	151.8295
34.500000	94.396	151.2811
35.000000	94.346	150.7418
35.500000	94.297	150.2046
36.000000	94.251	149.6809
36.500000	94.206	149.1721
37.000000	94.160	148.6775
37.500000	94.114	148.1983
38.200001	94.047	147.5416
38.700001	93.999	147.0875
39.500000	93.923	146.3848
40.000000	93.873	145.9611
40.599998	93.813	145.4567
41.200001	93.752	144.9587
41.799999	93.688	144.4565
42.500000	93.612	143.8698
43.099998	93.551	143.3865
43.700001	93.495	142.9194
44.400002	93.428	142.3746
45.000000	93.360	141.8908
45.500000	93.301	141.4879
46.200001	93.224	140.9531
46.799999	93.162	140.5142
47.500000	93.089	140.0020
48.200001	93.014	139.5023
48.700001	92.961	139.1568
49.400002	92.889	138.6744
50.000000	92.826	138.2697
50.799999	92.741	137.7519
51.500000	92.665	137.2885
52.200001	92.589	136.8249
53.000000	92.505	136.3455
53.799999	92.417	135.7688
54.500000	92.337	135.1257
55.200001	92.258	134.5999
56.000000	92.172	134.3039
57.000000	92.064	133.9481
58.000000	91.961	133.3799
59.000000	91.857	132.8523
60.000000	91.743	132.3538
60.799999	91.654	131.9492
61.500000	91.580	131.5888
62.200001	91.506	131.2348
63.000000	91.418	130.8543
64.000000	91.308	130.3912
65.000000	91.199	129.9307
66.000000	91.089	129.4862
67.000000	90.979	129.0512
68.000000	90.871	128.6268
69.000000	90.763	128.2165
70.000000	90.656	127.8147
71.000000	90.546	127.4276
72.000000	90.438	127.0598
73.000000	90.329	126.7049
74.000000	90.220	126.3562
75.000000	90.111	126.0110
76.199997	89.980	125.6105
77.500000	89.841	125.1990
78.800003	89.702	124.8022
80.000000	89.574	124.4557
81.199997	89.444	124.1179
82.500000	89.306	123.7727
83.800003	89.168	123.4473
85.000000	89.040	123.1622
86.199997	88.913	122.8929
87.500000	88.777	122.6069
88.500000	88.673	122.4009
90.000000	88.516	122.1089
91.199997	88.391	121.8880
92.500000	88.257	121.6576
93.800003	88.120	121.4305
95.000000	87.995	121.2365
96.199997	87.871	121.0717
97.500000	87.738	120.9159
98.800003	87.604	120.7688
100.000000	87.481	120.6382
101.500000	87.328	120.4958
103.000000	87.179	120.3859
104.400002	87.041	120.3028
106.000000	86.882	120.2206
107.500000	86.735	120.1625
109.000000	86.591	120.1149
110.599998	86.438	120.0649
112.000000	86.303	120.0236
113.800003	86.128	120.0218
115.000000	86.011	120.0432
117.199997	85.807	120.1218
118.000000	85.734	120.1677
120.599998	85.502	120.3416
122.000000	85.381	120.4244
124.099998	85.200	120.5468
125.000000	85.122	120.5985
126.500000	84.993	120.7025
128.000000	84.863	120.8386
131.500000	84.563	121.2743
132.000000	84.522	121.3527
134.000000	84.369	121.6852
136.000000	84.222	122.0054
138.000000	84.079	122.3071
140.000000	83.943	122.5375
143.000000	83.735	122.8392
145.000000	83.588	123.1557
147.500000	83.410	123.6240
150.000000	83.248	124.0455
152.500000	83.074	124.4370
155.000000	82.907	124.9126
157.500000	82.746	125.4056
160.000000	82.587	125.9355
162.500000	82.432	126.5046
165.000000	82.278	127.1163
167.500000	82.130	127.7752
170.000000	81.992	128.5264
172.500000	81.873	129.3087
175.000000	81.764	129.9770
177.500000	81.677	130.6646
180.000000	81.595	131.3795
182.500000	81.515	132.0020
185.000000	81.434	132.5276
187.500000	81.349	133.0068
190.000000	81.261	133.5175
192.500000	81.174	134.0715
195.000000	81.094	134.6385
197.500000	81.011	135.2275
200.000000	80.933	135.8376
203.000000	80.856	136.4905
206.000000	80.779	137.1079
209.000000	80.700	137.7946
212.000000	80.622	138.4558
214.000000	80.576	138.9069
218.000000	80.494	139.7681
220.000000	80.457	140.1711
224.000000	80.394	140.9560
227.000000	80.346	141.5599
230.000000	80.297	142.1584
233.000000	80.253	142.7175
236.000000	80.212	143.2588
240.000000	80.162	143.9542
243.000000	80.127	144.4423
247.000000	80.080	145.0545
250.000000	80.044	145.5110
254.000000	80.003	146.1697
258.000000	79.963	146.7768
262.000000	79.925	147.3093
265.000000	79.898	147.7077
269.000000	79.864	148.2575
272.000000	79.838	148.6674
276.000000	79.807	149.1920
280.000000	79.782	149.6710
285.000000	79.749	150.2462
290.000000	79.715	150.8126
295.000000	79.684	151.3488
300.000000	79.656	151.8411
304.000000	79.633	152.2242
307.000000	79.614	152.5124
311.000000	79.589	152.8818
315.000000	79.568	153.2462
320.000000	79.543	153.6923
325.000000	79.518	154.1202
330.000000	79.495	154.5211
335.000000	79.472	154.9083
340.000000	79.449	155.2757
345.000000	79.426	155.6267
350.000000	79.403	155.9721
355.000000	79.382	156.3017
360.000000	79.362	156.6006
365.000000	79.342	156.8826
370.000000	79.320	157.1427
375.000000	79.298	157.3787
382.000000	79.262	157.6736
387.000000	79.232	157.8549
395.000000	79.172	158.1254
400.000000	79.125	158.3008
406.000000	79.061	158.5415
412.000000	78.989	158.8530
418.000000	78.918	159.2616
425.000000	78.842	159.8774
431.000000	78.793	160.4687
437.000000	78.763	161.0371
444.000000	78.745	161.6510
450.000000	78.734	162.0647
455.000000	78.723	162.3549
462.000000	78.702	162.7218
468.000000	78.678	163.0261
475.000000	78.646	163.3856
482.000000	78.611	163.7514
487.000000	78.586	164.0102
494.000000	78.552	164.3802
500.000000	78.522	164.7106
508.000000	78.483	165.1555
515.000000	78.449	165.5463
522.000000	78.416	165.9291
530.000000	78.377	166.3699
538.000000	78.340	166.8124
545.000000	78.307	167.2040
552.000000	78.275	167.5972
560.000000	78.240	168.0488
570.000000	78.196	168.6240
580.000000	78.154	169.1999
590.000000	78.112	169.7758
600.000000	78.073	170.3537
608.000000	78.042	170.8233
615.000000	78.016	171.2369
622.000000	77.991	171.6497
630.000000	77.963	172.1249
640.000000	77.930	172.7285
650.000000	77.897	173.3303
660.000000	77.867	173.9325
670.000000	77.839	174.5439
680.000000	77.812	175.1600
690.000000	77.786	175.7821
700.000000	77.762	176.4120
710.000000	77.740	177.0469
720.000000	77.719	177.6832
730.000000	77.702	178.3314
740.000000	77.687	178.9915
750.000000	77.674	179.6484
762.000000	77.663	-179.5594
775.000000	77.655	-178.6974
788.000000	77.652	-177.8344
800.000000	77.654	-177.0385
812.000000	77.659	-176.2424
825.000000	77.669	-175.3808
838.000000	77.685	-174.5223
850.000000	77.704	-173.7303
862.000000	77.727	-172.9404
875.000000	77.757	-172.1023
885.000000	77.783	-171.4694
900.000000	77.828	-170.5283
912.000000	77.869	-169.7886
925.000000	77.918	-169.0054
938.000000	77.971	-168.2440
950.000000	78.024	-167.5636
962.000000	78.081	-166.9043
975.000000	78.146	-166.2166
988.000000	78.214	-165.5608
1000.000000	78.280	-164.9868
1015.000000	78.365	-164.3055
1030.000000	78.454	-163.6665
1044.000000	78.538	-163.1120
1060.000000	78.636	-162.5276
1075.000000	78.728	-162.0203
1090.000000	78.820	-161.5585
1106.000000	78.918	-161.1093
1120.000000	79.001	-160.7547
1138.000000	79.107	-160.3429
1150.000000	79.175	-160.0891
1172.000000	79.296	-159.6699
1180.000000	79.339	-159.5319
1206.000000	79.471	-159.1247
1220.000000	79.538	-158.9225
1241.000000	79.635	-158.6400
1250.000000	79.674	-158.5228
1265.000000	79.738	-158.3324
1280.000000	79.799	-158.1477
1315.000000	79.930	-157.7261
1320.000000	79.948	-157.6636
1340.000000	80.018	-157.4036
1360.000000	80.087	-157.1282
1380.000000	80.157	-156.8408
1400.000000	80.227	-156.5507
1430.000000	80.332	-156.1031
1450.000000	80.403	-155.7977
1475.000000	80.495	-155.4156
1500.000000	80.589	-155.0325
1525.000000	80.687	-154.6589
1550.000000	80.789	-154.2996
1575.000000	80.894	-153.9596
1600.000000	81.003	-153.6455
1625.000000	81.115	-153.3634
1650.000000	81.230	-153.1227
1675.000000	81.345	-152.9257
1700.000000	81.461	-152.7721
1725.000000	81.576	-152.6656
1750.000000	81.689	-152.6052
1775.000000	81.799	-152.5897
1800.000000	81.904	-152.6049
1825.000000	82.004	-152.6423
1850.000000	82.098	-152.6938
1875.000000	82.188	-152.7545
1900.000000	82.274	-152.8193
1925.000000	82.357	-152.8865
1950.000000	82.438	-152.9553
1975.000000	82.516	-153.0314
2000.000000	82.592	-153.1192
2030.000000	82.677	-153.2303
2060.000000	82.756	-153.3345
2090.000000	82.831	-153.4148
2120.000000	82.904	-153.4712
2140.000000	82.952	-153.5012
2180.000000	83.047	-153.5452
2200.000000	83.094	-153.5605
2240.000000	83.188	-153.5918
2270.000000	83.256	-153.6113
2300.000000	83.322	-153.6236
2330.000000	83.386	-153.6254
2360.000000	83.447	-153.6102
2400.000000	83.524	-153.5445
2430.000000	83.578	-153.4419
2470.000000	83.649	-153.1889
2500.000000	83.707	-152.8776
2540.000000	83.806	-152.2650
2580.000000	83.956	-151.4672
2620.000000	84.187	-150.6986
2650.000000	84.412	-150.3718
2690.000000	84.742	-150.5302
2720.000000	84.974	-151.0958
2760.000000	85.228	-152.2300
2800.000000	85.414	-153.5155
2850.000000	85.577	-155.0776
2900.000000	85.686	-156.4971
2950.000000	85.764	-157.6985
3000.000000	85.835	-158.7245
3040.000000	85.893	-159.4734
3070.000000	85.938	-160.0181
3110.000000	85.999	-160.7470
3150.000000	86.059	-161.5044
3200.000000	86.125	-162.4874
3250.000000	86.179	-163.4784
3300.000000	86.223	-164.4700
3350.000000	86.256	-165.4524
3400.000000	86.278	-166.4150
3450.000000	86.290	-167.3389
3500.000000	86.294	-168.2193
3550.000000	86.293	-169.0497
3600.000000	86.290	-169.8325
3650.000000	86.289	-170.5895
3700.000000	86.289	-171.3487
3750.000000	86.287	-172.1318
3820.000000	86.272	-173.2630
3870.000000	86.251	-174.0750
3950.000000	86.201	-175.3339
4000.000000	86.160	-176.0766
4060.000000	86.103	-176.9121
4120.000000	86.042	-177.6765
4180.000000	85.981	-178.3747
4250.000000	85.914	-179.1462
4310.000000	85.859	-179.8059
4370.000000	85.803	179.5167
4440.000000	85.732	178.7074
4500.000000	85.663	178.0118
4550.000000	85.600	177.4413
4620.000000	85.504	176.6785
4680.000000	85.415	176.0693
4750.000000	85.307	175.4017
4820.000000	85.195	174.7736
4870.000000	85.113	174.3502
4940.000000	84.994	173.7931
5000.000000	84.889	173.3490
5080.000000	84.744	172.8139
5150.000000	84.613	172.4093
5220.000000	84.479	172.0677
5300.000000	84.324	171.7511
5380.000000	84.168	171.5195
5450.000000	84.032	171.3894
5520.000000	83.899	171.3272
5600.000000	83.749	171.3424
5700.000000	83.571	171.4815
5800.000000	83.407	171.7462
5900.000000	83.259	172.1288
6000.000000	83.128	172.6229
6080.000000	83.038	173.0936
6150.000000	82.972	173.5568
6220.000000	82.920	174.0593
6300.000000	82.878	174.6657
6400.000000	82.853	175.4526
6500.000000	82.861	176.2567
6600.000000	82.903	177.0340
6700.000000	82.979	177.7555
6800.000000	83.089	178.4215
6900.000000	83.237	178.9958
7000.000000	83.426	179.4329
7100.000000	83.657	179.6842
7200.000000	83.929	179.6856
7300.000000	84.242	179.3662
7400.000000	84.592	178.6555
7500.000000	84.976	177.4740
7620.000000	85.471	175.2798
7750.000000	86.028	171.6808
7880.000000	86.544	166.4669
8000.000000	86.895	160.0621
8120.000000	87.009	152.2413
8250.000000	86.733	142.8682
8380.000000	85.977	133.8932
8500.000000	84.916	127.1866
8620.000000	83.645	122.6400
8750.000000	82.198	120.1616
8850.000000	81.115	119.7167
9000.000000	79.614	120.7983
9120.000000	78.536	122.7274
9250.000000	77.489	125.5352
9380.000000	76.556	128.8555
9500.000000	75.783	132.2278
9620.000000	75.082	135.8119
9750.000000	74.394	139.8912
9880.000000	73.770	144.1401
10000.000000	73.247	148.1850
10150.000000	72.659	153.3713
10300.000000	72.139	158.6762
10440.000000	71.711	163.7130
10600.000000	71.286	169.5508
10750.000000	70.950	175.0733
10900.000000	70.672	-179.3856
11060.000000	70.437	-173.4761
11200.000000	70.282	-168.3138
11380.000000	70.152	-161.7169
11500.000000	70.108	-157.3543
11720.000000	70.116	-149.4367
11800.000000	70.148	-146.5885
12060.000000	70.363	-137.4672
12200.000000	70.555	-132.6610
12410.000000	70.946	-125.6122
12500.000000	71.155	-122.6517
12650.000000	71.562	-117.8074
12800.000000	72.046	-113.0772
13150.000000	73.537	-102.5934
13200.000000	73.798	-101.1742
13400.000000	74.983	-95.7586
13600.000000	76.437	-90.9011
13800.000000	78.238	-86.9480
14000.000000	80.494	-84.6814
14300.000000	84.833	-88.2839
14500.000000	87.897	-99.4400
14750.000000	90.410	-125.0029
15000.000000	90.225	-153.9012
15250.000000	88.145	-172.8686
15500.000000	86.013	179.6782
15750.000000	84.763	178.0320
16000.000000	84.393	177.1263
16250.000000	84.615	173.6367
16500.000000	84.967	165.4352
16750.000000	84.817	152.6577
17000.000000	83.690	138.5592
17250.000000	81.620	127.4561
17500.000000	79.049	121.5807
17750.000000	76.445	120.5489
18000.000000	74.080	122.8317
18250.000000	72.040	126.9916
18500.000000	70.330	132.0730
18750.000000	68.937	137.4219
19000.000000	67.852	142.5794
19250.000000	67.077	147.1527
19500.000000	66.607	150.7640
19750.000000	66.403	153.0598
20000.000000	66.360	153.9229
