* Measurement data measured by REW V5.31.3
* Source: Microphone (JadeAudio JA11), MICROPHONE (Master Volume), R, volume: 0.250
* Format: 256k Log Swept Sine, 1 sweep at -8.9 dBFS with no timing reference
* Dated: Mar 23, 2025 9:08:04 PM
* REW Settings:
*  C-weighting compensation: Off
*  Target level: 75.0 dB
* Note: 
* Measurement: R Zero Blue 2 (5?, Spring F)
* Smoothing: 1/24 octave
* Frequency Step: 1/48 octave
* Start Frequency: 20.000 Hz
*
* Freq(Hz)	SPL(dB)	Phase(degrees)
20.000000	77.668	-168.7970
20.299999	77.683	-169.0662
20.600000	77.696	-169.3242
20.900000	77.709	-169.5754
21.200001	77.718	-169.8284
21.400000	77.722	-169.9952
21.799999	77.727	-170.3148
22.000000	77.727	-170.4706
22.400000	77.724	-170.8076
22.700001	77.720	-171.0471
23.000000	77.715	-171.2800
23.299999	77.709	-171.5494
23.600000	77.703	-171.8146
24.000000	77.692	-172.1568
24.299999	77.684	-172.4416
24.700001	77.673	-172.8045
25.000000	77.666	-173.0609
25.400000	77.660	-173.4337
25.799999	77.655	-173.7958
26.200001	77.650	-174.1566
26.500000	77.646	-174.4203
26.900000	77.639	-174.7405
27.200001	77.636	-174.9534
27.600000	77.635	-175.2135
28.000000	77.638	-175.4713
28.500000	77.645	-175.8025
29.000000	77.645	-176.1548
29.500000	77.635	-176.4787
30.000000	77.622	-176.7612
30.400000	77.612	-176.9721
30.700001	77.605	-177.1293
31.100000	77.593	-177.3438
31.500000	77.577	-177.5635
32.000000	77.554	-177.7983
32.500000	77.534	-178.0080
33.000000	77.521	-178.1925
33.500000	77.517	-178.4239
34.000000	77.515	-178.7088
34.500000	77.507	-179.0620
35.000000	77.486	-179.4181
35.500000	77.453	-179.7166
36.000000	77.418	-179.9021
36.500000	77.394	179.9932
37.000000	77.384	179.8777
37.500000	77.380	179.6873
38.200001	77.360	179.3357
38.700001	77.336	179.1197
39.500000	77.303	178.8468
40.000000	77.289	178.6703
40.599998	77.270	178.4634
41.200001	77.258	178.3078
41.799999	77.262	178.1275
42.500000	77.266	177.7731
43.099998	77.242	177.4734
43.700001	77.208	177.3499
44.400002	77.195	177.3254
45.000000	77.197	177.1599
45.500000	77.179	176.9190
46.200001	77.120	176.6652
46.799999	77.071	176.5919
47.500000	77.033	176.4582
48.200001	76.990	176.2053
48.700001	76.956	176.0271
49.400002	76.919	175.7780
50.000000	76.893	175.5472
50.799999	76.865	175.3447
51.500000	76.873	175.2210
52.200001	76.886	175.0444
53.000000	76.896	175.1677
53.799999	77.011	175.3914
54.500000	77.141	174.6962
55.200001	77.108	173.4274
56.000000	76.881	172.8765
57.000000	76.674	173.7475
58.000000	76.609	174.4162
59.000000	76.563	174.5654
60.000000	76.504	174.3908
60.799999	76.452	174.2619
61.500000	76.427	174.1075
62.200001	76.402	173.8367
63.000000	76.354	173.5753
64.000000	76.299	173.4944
65.000000	76.260	173.5441
66.000000	76.234	173.6122
67.000000	76.203	173.5587
68.000000	76.146	173.5042
69.000000	76.092	173.5534
70.000000	76.052	173.5446
71.000000	76.012	173.4453
72.000000	75.969	173.3046
73.000000	75.913	173.2124
74.000000	75.863	173.2613
75.000000	75.829	173.3106
76.199997	75.789	173.2834
77.500000	75.735	173.2596
78.800003	75.679	173.2947
80.000000	75.628	173.3468
81.199997	75.577	173.4357
82.500000	75.518	173.5063
83.800003	75.450	173.6389
85.000000	75.397	173.7821
86.199997	75.349	173.9119
87.500000	75.312	174.0544
88.500000	75.287	174.0800
90.000000	75.225	174.1546
91.199997	75.172	174.3805
92.500000	75.127	174.6165
93.800003	75.064	174.7529
95.000000	75.001	175.0252
96.199997	74.965	175.2466
97.500000	74.922	175.3240
98.800003	74.878	175.4940
100.000000	74.851	175.6422
101.500000	74.804	175.7709
103.000000	74.737	176.0092
104.400002	74.673	176.2975
106.000000	74.595	176.5938
107.500000	74.536	176.9300
109.000000	74.503	177.1449
110.599998	74.475	177.3180
112.000000	74.437	177.4838
113.800003	74.385	177.9400
115.000000	74.349	178.2328
117.199997	74.259	178.6859
118.000000	74.223	178.8566
120.599998	74.136	179.5532
122.000000	74.112	179.9503
124.099998	74.079	-179.3155
125.000000	74.067	-178.9735
126.500000	74.044	-178.4926
128.000000	74.007	-178.0845
131.500000	73.942	-177.0923
132.000000	73.934	-176.9472
134.000000	73.896	-176.2891
136.000000	73.836	-175.4268
138.000000	73.814	-174.4032
140.000000	73.830	-173.8353
143.000000	73.848	-173.4322
145.000000	73.829	-173.1388
147.500000	73.812	-172.5702
150.000000	73.813	-172.1721
152.500000	73.800	-171.8897
155.000000	73.770	-171.5543
157.500000	73.681	-170.8771
160.000000	73.602	-169.5830
162.500000	73.582	-168.1034
165.000000	73.627	-166.8113
167.500000	73.695	-165.9413
170.000000	73.753	-165.3232
172.500000	73.785	-164.7022
175.000000	73.810	-163.8999
177.500000	73.851	-163.1138
180.000000	73.902	-162.5706
182.500000	73.955	-162.0486
185.000000	74.034	-161.2560
187.500000	74.123	-160.3552
190.000000	74.190	-159.4869
192.500000	74.250	-158.8245
195.000000	74.315	-158.4056
197.500000	74.380	-157.9329
200.000000	74.452	-157.2482
203.000000	74.554	-156.5863
206.000000	74.655	-156.0928
209.000000	74.758	-155.5622
212.000000	74.842	-155.0904
214.000000	74.907	-154.7822
218.000000	75.072	-154.1235
220.000000	75.147	-153.8128
224.000000	75.216	-153.1923
227.000000	75.251	-152.4615
230.000000	75.350	-151.9883
233.000000	75.485	-152.1136
236.000000	75.623	-152.0871
240.000000	75.781	-151.5316
243.000000	75.890	-151.2373
247.000000	76.005	-151.1648
250.000000	76.083	-150.9820
254.000000	76.225	-150.5588
258.000000	76.373	-150.2778
262.000000	76.482	-150.2109
265.000000	76.562	-150.1286
269.000000	76.680	-149.9076
272.000000	76.780	-149.8532
276.000000	76.909	-149.9357
280.000000	77.032	-150.0286
285.000000	77.194	-150.1024
290.000000	77.343	-150.2074
295.000000	77.486	-150.3378
300.000000	77.600	-150.5521
304.000000	77.681	-150.7416
307.000000	77.748	-150.8123
311.000000	77.850	-150.9182
315.000000	77.961	-151.1161
320.000000	78.083	-151.4678
325.000000	78.172	-151.7933
330.000000	78.262	-152.0646
335.000000	78.364	-152.3817
340.000000	78.459	-152.7208
345.000000	78.546	-152.9585
350.000000	78.635	-153.2524
355.000000	78.723	-153.7810
360.000000	78.802	-154.2911
365.000000	78.866	-154.5732
370.000000	78.928	-154.8873
375.000000	78.992	-155.2892
382.000000	79.080	-155.8580
387.000000	79.132	-156.2396
395.000000	79.217	-156.7710
400.000000	79.268	-157.1134
406.000000	79.328	-157.6303
412.000000	79.386	-158.1221
418.000000	79.430	-158.6123
425.000000	79.476	-159.2034
431.000000	79.517	-159.7782
437.000000	79.555	-160.3424
444.000000	79.586	-160.8978
450.000000	79.604	-161.3713
455.000000	79.617	-161.7771
462.000000	79.634	-162.3340
468.000000	79.643	-162.7773
475.000000	79.641	-163.3551
482.000000	79.636	-163.8802
487.000000	79.630	-164.2232
494.000000	79.616	-164.7018
500.000000	79.604	-165.0793
508.000000	79.588	-165.5295
515.000000	79.571	-165.9460
522.000000	79.556	-166.3254
530.000000	79.531	-166.6782
538.000000	79.494	-166.9885
545.000000	79.462	-167.2643
552.000000	79.432	-167.5097
560.000000	79.397	-167.8103
570.000000	79.354	-168.1534
580.000000	79.299	-168.4118
590.000000	79.242	-168.6550
600.000000	79.188	-168.8854
608.000000	79.143	-169.0224
615.000000	79.101	-169.1033
622.000000	79.057	-169.1555
630.000000	79.011	-169.1859
640.000000	78.959	-169.2078
650.000000	78.902	-169.1986
660.000000	78.843	-169.1275
670.000000	78.788	-168.9736
680.000000	78.738	-168.7851
690.000000	78.693	-168.6104
700.000000	78.651	-168.4065
710.000000	78.613	-168.1702
720.000000	78.574	-167.9276
730.000000	78.537	-167.6670
740.000000	78.505	-167.4014
750.000000	78.472	-167.0995
762.000000	78.434	-166.7236
775.000000	78.399	-166.3159
788.000000	78.372	-165.8295
800.000000	78.352	-165.3689
812.000000	78.335	-164.9394
825.000000	78.322	-164.4311
838.000000	78.312	-163.9107
850.000000	78.311	-163.4024
862.000000	78.315	-162.8918
875.000000	78.324	-162.3397
885.000000	78.335	-161.9106
900.000000	78.359	-161.2631
912.000000	78.383	-160.7332
925.000000	78.414	-160.1752
938.000000	78.450	-159.6258
950.000000	78.488	-159.1255
962.000000	78.530	-158.6398
975.000000	78.582	-158.1460
988.000000	78.640	-157.6804
1000.000000	78.697	-157.2669
1015.000000	78.774	-156.7786
1030.000000	78.853	-156.3320
1044.000000	78.928	-155.9687
1060.000000	79.015	-155.5885
1075.000000	79.100	-155.2741
1090.000000	79.188	-155.0054
1106.000000	79.281	-154.7492
1120.000000	79.359	-154.5682
1138.000000	79.457	-154.3963
1150.000000	79.522	-154.3003
1172.000000	79.637	-154.1546
1180.000000	79.677	-154.1165
1206.000000	79.799	-154.0380
1220.000000	79.861	-154.0186
1241.000000	79.949	-154.0088
1250.000000	79.985	-154.0040
1265.000000	80.042	-153.9989
1280.000000	80.097	-154.0012
1315.000000	80.214	-154.0051
1320.000000	80.230	-154.0041
1340.000000	80.290	-153.9925
1360.000000	80.346	-153.9634
1380.000000	80.398	-153.9179
1400.000000	80.449	-153.8477
1430.000000	80.527	-153.7006
1450.000000	80.580	-153.5735
1475.000000	80.648	-153.4046
1500.000000	80.718	-153.2167
1525.000000	80.793	-153.0102
1550.000000	80.874	-152.8063
1575.000000	80.959	-152.6048
1600.000000	81.050	-152.4162
1625.000000	81.146	-152.2469
1650.000000	81.246	-152.1197
1675.000000	81.348	-152.0352
1700.000000	81.451	-151.9963
1725.000000	81.553	-152.0082
1750.000000	81.650	-152.0580
1775.000000	81.743	-152.1295
1800.000000	81.831	-152.2127
1825.000000	81.916	-152.2972
1850.000000	81.999	-152.3777
1875.000000	82.083	-152.4635
1900.000000	82.168	-152.5629
1925.000000	82.250	-152.6892
1950.000000	82.327	-152.8398
1975.000000	82.399	-152.9902
2000.000000	82.464	-153.1214
2030.000000	82.539	-153.2278
2060.000000	82.615	-153.2759
2090.000000	82.699	-153.2749
2120.000000	82.794	-153.2600
2140.000000	82.864	-153.2717
2180.000000	83.011	-153.3957
2200.000000	83.084	-153.5091
2240.000000	83.224	-153.8058
2270.000000	83.322	-154.0532
2300.000000	83.416	-154.3011
2330.000000	83.508	-154.5470
2360.000000	83.599	-154.7928
2400.000000	83.721	-155.1410
2430.000000	83.814	-155.4199
2470.000000	83.936	-155.8193
2500.000000	84.026	-156.1398
2540.000000	84.144	-156.5976
2580.000000	84.260	-157.0854
2620.000000	84.372	-157.5995
2650.000000	84.455	-158.0033
2690.000000	84.564	-158.5677
2720.000000	84.643	-159.0041
2760.000000	84.746	-159.6035
2800.000000	84.847	-160.2256
2850.000000	84.971	-161.0556
2900.000000	85.091	-161.9590
2950.000000	85.202	-162.9330
3000.000000	85.303	-163.9755
3040.000000	85.374	-164.8434
3070.000000	85.422	-165.5101
3110.000000	85.478	-166.4162
3150.000000	85.525	-167.3359
3200.000000	85.572	-168.4904
3250.000000	85.604	-169.6445
3300.000000	85.623	-170.7865
3350.000000	85.630	-171.9061
3400.000000	85.625	-172.9944
3450.000000	85.610	-174.0437
3500.000000	85.586	-175.0484
3550.000000	85.555	-176.0057
3600.000000	85.520	-176.9244
3650.000000	85.480	-177.8146
3700.000000	85.436	-178.6839
3750.000000	85.384	-179.5273
3820.000000	85.301	179.3605
3870.000000	85.235	178.6230
3950.000000	85.125	177.5525
4000.000000	85.056	176.9338
4060.000000	84.972	176.2299
4120.000000	84.887	175.5572
4180.000000	84.799	174.9092
4250.000000	84.693	174.1954
4310.000000	84.598	173.6199
4370.000000	84.500	173.0792
4440.000000	84.380	172.4991
4500.000000	84.275	172.0526
4550.000000	84.185	171.7239
4620.000000	84.059	171.3355
4680.000000	83.953	171.0692
4750.000000	83.834	170.8220
4820.000000	83.720	170.6227
4870.000000	83.643	170.5057
4940.000000	83.540	170.3621
5000.000000	83.455	170.2506
5080.000000	83.347	170.1263
5150.000000	83.256	170.0273
5220.000000	83.168	169.9405
5300.000000	83.069	169.8494
5380.000000	82.970	169.7739
5450.000000	82.883	169.7428
5520.000000	82.796	169.7545
5600.000000	82.701	169.8223
5700.000000	82.591	170.0049
5800.000000	82.497	170.2706
5900.000000	82.422	170.6056
6000.000000	82.369	170.9627
6080.000000	82.340	171.2512
6150.000000	82.324	171.5121
6220.000000	82.321	171.7733
6300.000000	82.331	172.0590
6400.000000	82.362	172.3737
6500.000000	82.413	172.6343
6600.000000	82.483	172.8541
6700.000000	82.578	173.0232
6800.000000	82.699	173.1217
6900.000000	82.849	173.1234
7000.000000	83.033	172.9922
7100.000000	83.253	172.6429
7200.000000	83.500	171.9993
7300.000000	83.770	171.0382
7400.000000	84.062	169.7104
7500.000000	84.367	167.9404
7620.000000	84.734	165.1362
7750.000000	85.106	161.1736
7880.000000	85.413	156.1805
8000.000000	85.592	150.6111
8120.000000	85.617	144.2276
8250.000000	85.410	136.6699
8380.000000	84.907	128.9616
8500.000000	84.165	122.3509
8620.000000	83.190	116.8486
8750.000000	81.957	112.5923
8850.000000	80.949	110.5941
9000.000000	79.433	109.5357
9120.000000	78.276	110.1130
9250.000000	77.116	111.8210
9380.000000	76.062	114.3476
9500.000000	75.186	117.2128
9620.000000	74.399	120.4113
9750.000000	73.629	124.1284
9880.000000	72.936	128.0533
10000.000000	72.360	131.8045
10150.000000	71.713	136.5775
10300.000000	71.134	141.4331
10440.000000	70.646	146.0634
10600.000000	70.148	151.4162
10750.000000	69.734	156.4776
10900.000000	69.369	161.5947
11060.000000	69.032	167.0834
11200.000000	68.784	171.8908
11380.000000	68.521	178.0711
11500.000000	68.381	-177.8237
11720.000000	68.196	-170.3532
11800.000000	68.151	-167.6546
12060.000000	68.092	-158.9592
12200.000000	68.116	-154.3424
12410.000000	68.226	-147.5018
12500.000000	68.301	-144.5986
12650.000000	68.468	-139.8098
12800.000000	68.693	-135.0980
13150.000000	69.466	-124.4641
13200.000000	69.608	-122.9973
13400.000000	70.266	-117.2798
13600.000000	71.078	-111.8659
13800.000000	72.070	-106.8475
14000.000000	73.269	-102.3348
14300.000000	75.593	-96.8912
14500.000000	77.657	-94.8726
14750.000000	80.997	-96.7439
15000.000000	84.768	-108.6190
15250.000000	87.443	-133.7657
15500.000000	87.443	-164.5514
15750.000000	85.143	173.0439
16000.000000	82.323	162.8781
16250.000000	80.111	160.2810
16500.000000	78.616	160.5729
16750.000000	77.601	161.4389
17000.000000	76.855	161.8927
17250.000000	76.214	161.5555
17500.000000	75.537	160.4626
17750.000000	74.724	158.9971
18000.000000	73.720	157.7707
18250.000000	72.535	157.4039
18500.000000	71.223	158.3483
18750.000000	69.857	160.7630
19000.000000	68.513	164.6058
19250.000000	67.256	169.6575
19500.000000	66.142	175.6344
19750.000000	65.251	-177.9764
20000.000000	64.768	-173.1437
