* Measurement data measured by REW V5.31.3
* Source: Microphone (JadeAudio JA11), MICROPHONE (Master Volume), L, volume: 0.250
* Format: 512k Log Swept Sine, 1 sweep at -14.9 dBFS with no timing reference
* Dated: Oct 25, 2025 8:29:18 PM
* REW Settings:
*  C-weighting compensation: Off
*  Target level: 75.0 dB
* Note: 
* Measurement: R Pure (Crystal 2, White)
* Smoothing: 1/24 octave
* Frequency Step: 1/48 octave
* Start Frequency: 20.300 Hz
*
* Freq(Hz)	SPL(dB)	Phase(degrees)
20.299999	89.101	172.5847
20.600000	89.091	172.3635
20.900000	89.078	172.1033
21.200001	89.063	171.8530
21.400000	89.053	171.6958
21.799999	89.031	171.4073
22.000000	89.017	171.2706
22.400000	88.984	170.9629
22.700001	88.957	170.7419
23.000000	88.929	170.5265
23.299999	88.901	170.2763
23.600000	88.872	170.0343
24.000000	88.835	169.7276
24.299999	88.808	169.4641
24.700001	88.770	169.1234
25.000000	88.742	168.8798
25.400000	88.707	168.5240
25.799999	88.675	168.1894
26.200001	88.645	167.8617
26.500000	88.625	167.6163
26.900000	88.599	167.2996
27.200001	88.580	167.0722
27.600000	88.556	166.7841
28.000000	88.533	166.5143
28.500000	88.503	166.2142
29.000000	88.474	165.9323
29.500000	88.445	165.6752
30.000000	88.416	165.4410
30.400000	88.390	165.2693
30.700001	88.369	165.1510
31.100000	88.338	164.9986
31.500000	88.306	164.8385
32.000000	88.265	164.6469
32.500000	88.224	164.4352
33.000000	88.183	164.2408
33.500000	88.142	164.0350
34.000000	88.103	163.8368
34.500000	88.065	163.6242
35.000000	88.029	163.4144
35.500000	87.994	163.2048
36.000000	87.960	163.0122
36.500000	87.928	162.8381
37.000000	87.898	162.6754
37.500000	87.867	162.5190
38.200001	87.820	162.3075
38.700001	87.788	162.1846
39.500000	87.741	162.0315
40.000000	87.712	161.9319
40.599998	87.674	161.7868
41.200001	87.634	161.6648
41.799999	87.596	161.5922
42.500000	87.554	161.5040
43.099998	87.515	161.3585
43.700001	87.473	161.1681
44.400002	87.426	160.9914
45.000000	87.391	160.8924
45.500000	87.363	160.8155
46.200001	87.323	160.6961
46.799999	87.289	160.5998
47.500000	87.251	160.5055
48.200001	87.212	160.4216
48.700001	87.184	160.3653
49.400002	87.145	160.2873
50.000000	87.112	160.2224
50.799999	87.069	160.1485
51.500000	87.032	160.0993
52.200001	86.996	160.0377
53.000000	86.956	159.9510
53.799999	86.915	159.8759
54.500000	86.881	159.8215
55.200001	86.847	159.7779
56.000000	86.807	159.7385
57.000000	86.763	159.6703
58.000000	86.716	159.6145
59.000000	86.667	159.4884
60.000000	86.624	159.3222
60.799999	86.588	159.3481
61.500000	86.556	159.4239
62.200001	86.525	159.4475
63.000000	86.490	159.4364
64.000000	86.446	159.4327
65.000000	86.405	159.4147
66.000000	86.363	159.4028
67.000000	86.322	159.3910
68.000000	86.283	159.3837
69.000000	86.244	159.3866
70.000000	86.206	159.3889
71.000000	86.170	159.3899
72.000000	86.133	159.3980
73.000000	86.097	159.4081
74.000000	86.062	159.4190
75.000000	86.027	159.4424
76.199997	85.989	159.4637
77.500000	85.944	159.4830
78.800003	85.902	159.5115
80.000000	85.864	159.5322
81.199997	85.825	159.5581
82.500000	85.783	159.5961
83.800003	85.742	159.6367
85.000000	85.705	159.6747
86.199997	85.670	159.7176
87.500000	85.632	159.7667
88.500000	85.603	159.8030
90.000000	85.560	159.8658
91.199997	85.528	159.9061
92.500000	85.493	159.9478
93.800003	85.458	160.0066
95.000000	85.429	160.0622
96.199997	85.399	160.1132
97.500000	85.366	160.1518
98.800003	85.335	160.1974
100.000000	85.307	160.2603
101.500000	85.271	160.3411
103.000000	85.234	160.4119
104.400002	85.201	160.4642
106.000000	85.164	160.5088
107.500000	85.132	160.5449
109.000000	85.102	160.5907
110.599998	85.075	160.6722
112.000000	85.052	160.7576
113.800003	85.017	160.8763
115.000000	84.990	160.9466
117.199997	84.943	161.0386
118.000000	84.928	161.0743
120.599998	84.878	161.1668
122.000000	84.855	161.2290
124.099998	84.820	161.3344
125.000000	84.805	161.3790
126.500000	84.780	161.4523
128.000000	84.754	161.5204
131.500000	84.696	161.6616
132.000000	84.687	161.6817
134.000000	84.652	161.7630
136.000000	84.618	161.8656
138.000000	84.587	161.9577
140.000000	84.561	162.0511
143.000000	84.509	162.1871
145.000000	84.473	162.2949
147.500000	84.431	162.4257
150.000000	84.390	162.6062
152.500000	84.345	162.8499
155.000000	84.305	163.1519
157.500000	84.279	163.4868
160.000000	84.266	163.8565
162.500000	84.269	164.1988
165.000000	84.280	164.3986
167.500000	84.289	164.4435
170.000000	84.284	164.3965
172.500000	84.268	164.3484
175.000000	84.247	164.3309
177.500000	84.226	164.3628
180.000000	84.206	164.4049
182.500000	84.180	164.4466
185.000000	84.148	164.4752
187.500000	84.120	164.4958
190.000000	84.093	164.5193
192.500000	84.066	164.5543
195.000000	84.039	164.5988
197.500000	84.012	164.6603
200.000000	83.987	164.7290
203.000000	83.961	164.7777
206.000000	83.941	164.8336
209.000000	83.920	164.9492
212.000000	83.903	164.9484
214.000000	83.890	164.9521
218.000000	83.852	165.0973
220.000000	83.834	165.1462
224.000000	83.807	165.2671
227.000000	83.787	165.3534
230.000000	83.765	165.4847
233.000000	83.744	165.6093
236.000000	83.726	165.6926
240.000000	83.707	165.7826
243.000000	83.691	165.8730
247.000000	83.669	165.9724
250.000000	83.650	166.0234
254.000000	83.624	166.1057
258.000000	83.593	166.1862
262.000000	83.563	166.2844
265.000000	83.540	166.3672
269.000000	83.510	166.4818
272.000000	83.489	166.5708
276.000000	83.464	166.6816
280.000000	83.439	166.7869
285.000000	83.408	166.9155
290.000000	83.379	167.0551
295.000000	83.349	167.1671
300.000000	83.318	167.2682
304.000000	83.293	167.3802
307.000000	83.275	167.4730
311.000000	83.251	167.5919
315.000000	83.229	167.6982
320.000000	83.201	167.8124
325.000000	83.171	167.9343
330.000000	83.142	168.0682
335.000000	83.116	168.2044
340.000000	83.090	168.3268
345.000000	83.066	168.4355
350.000000	83.042	168.5368
355.000000	83.017	168.6304
360.000000	82.989	168.7175
365.000000	82.962	168.8093
370.000000	82.933	168.9038
375.000000	82.904	169.0020
382.000000	82.862	169.1561
387.000000	82.833	169.2669
395.000000	82.786	169.4539
400.000000	82.755	169.5721
406.000000	82.719	169.7167
412.000000	82.682	169.8737
418.000000	82.644	170.0424
425.000000	82.600	170.2400
431.000000	82.563	170.4158
437.000000	82.525	170.6061
444.000000	82.480	170.8406
450.000000	82.442	171.0504
455.000000	82.410	171.2428
462.000000	82.369	171.5426
468.000000	82.337	171.8274
475.000000	82.309	172.1678
482.000000	82.292	172.4714
487.000000	82.281	172.6411
494.000000	82.261	172.8266
500.000000	82.238	172.9635
508.000000	82.200	173.1592
515.000000	82.164	173.3568
522.000000	82.127	173.5882
530.000000	82.088	173.8854
538.000000	82.049	174.1909
545.000000	82.018	174.4603
552.000000	81.988	174.7364
560.000000	81.954	175.0541
570.000000	81.912	175.4534
580.000000	81.871	175.8570
590.000000	81.829	176.2711
600.000000	81.788	176.6885
608.000000	81.756	177.0298
615.000000	81.728	177.3350
622.000000	81.701	177.6466
630.000000	81.671	178.0104
640.000000	81.636	178.4686
650.000000	81.602	178.9382
660.000000	81.570	179.4226
670.000000	81.538	179.9192
680.000000	81.508	-179.5747
690.000000	81.479	-179.0566
700.000000	81.452	-178.5264
710.000000	81.427	-177.9878
720.000000	81.404	-177.4404
730.000000	81.383	-176.8839
740.000000	81.364	-176.3176
750.000000	81.346	-175.7383
762.000000	81.329	-175.0330
775.000000	81.314	-174.2585
788.000000	81.304	-173.4710
800.000000	81.297	-172.7316
812.000000	81.291	-171.9889
825.000000	81.287	-171.1841
838.000000	81.289	-170.3709
850.000000	81.296	-169.6149
862.000000	81.307	-168.8602
875.000000	81.324	-168.0478
885.000000	81.341	-167.4277
900.000000	81.373	-166.5095
912.000000	81.404	-165.7841
925.000000	81.442	-165.0101
938.000000	81.487	-164.2545
950.000000	81.532	-163.5779
962.000000	81.582	-162.9254
975.000000	81.639	-162.2447
988.000000	81.700	-161.5894
1000.000000	81.758	-161.0103
1015.000000	81.830	-160.3260
1030.000000	81.905	-159.6878
1044.000000	81.976	-159.1369
1060.000000	82.060	-158.5610
1075.000000	82.141	-158.0709
1090.000000	82.221	-157.6242
1106.000000	82.306	-157.1947
1120.000000	82.379	-156.8612
1138.000000	82.471	-156.4817
1150.000000	82.530	-156.2567
1172.000000	82.633	-155.8979
1180.000000	82.669	-155.7823
1206.000000	82.781	-155.4537
1220.000000	82.837	-155.3018
1241.000000	82.917	-155.1029
1250.000000	82.951	-155.0223
1265.000000	83.008	-154.8921
1280.000000	83.063	-154.7687
1315.000000	83.182	-154.5020
1320.000000	83.198	-154.4633
1340.000000	83.258	-154.3056
1360.000000	83.314	-154.1412
1380.000000	83.366	-153.9651
1400.000000	83.415	-153.7791
1430.000000	83.483	-153.4799
1450.000000	83.527	-153.2636
1475.000000	83.580	-152.9719
1500.000000	83.632	-152.6590
1525.000000	83.682	-152.3286
1550.000000	83.733	-151.9760
1575.000000	83.784	-151.6046
1600.000000	83.837	-151.2122
1625.000000	83.895	-150.7982
1650.000000	83.958	-150.3648
1675.000000	84.024	-149.9149
1700.000000	84.093	-149.4531
1725.000000	84.166	-148.9878
1750.000000	84.242	-148.5160
1775.000000	84.321	-148.0417
1800.000000	84.403	-147.5644
1825.000000	84.488	-147.0885
1850.000000	84.576	-146.6163
1875.000000	84.668	-146.1478
1900.000000	84.763	-145.6835
1925.000000	84.861	-145.2270
1950.000000	84.964	-144.7799
1975.000000	85.070	-144.3428
2000.000000	85.179	-143.9168
2030.000000	85.313	-143.4222
2060.000000	85.451	-142.9473
2090.000000	85.594	-142.4946
2120.000000	85.741	-142.0656
2140.000000	85.842	-141.7952
2180.000000	86.048	-141.2926
2200.000000	86.154	-141.0588
2240.000000	86.373	-140.6335
2270.000000	86.542	-140.3501
2300.000000	86.715	-140.0992
2330.000000	86.893	-139.8798
2360.000000	87.076	-139.6949
2400.000000	87.328	-139.5066
2430.000000	87.524	-139.4105
2470.000000	87.796	-139.3562
2500.000000	88.007	-139.3864
2540.000000	88.297	-139.5472
2580.000000	88.596	-139.8833
2620.000000	88.901	-140.4267
2650.000000	89.131	-140.9860
2690.000000	89.432	-141.9409
2720.000000	89.650	-142.8092
2760.000000	89.924	-144.1495
2800.000000	90.176	-145.6729
2850.000000	90.456	-147.7954
2900.000000	90.694	-150.1165
2950.000000	90.889	-152.5955
3000.000000	91.037	-155.2021
3040.000000	91.119	-157.3610
3070.000000	91.157	-159.0048
3110.000000	91.177	-161.1978
3150.000000	91.161	-163.3578
3200.000000	91.097	-165.9540
3250.000000	90.988	-168.3824
3300.000000	90.840	-170.6007
3350.000000	90.663	-172.5832
3400.000000	90.463	-174.3213
3450.000000	90.249	-175.8119
3500.000000	90.024	-177.0650
3550.000000	89.796	-178.0959
3600.000000	89.568	-178.9246
3650.000000	89.344	-179.5719
3700.000000	89.124	179.9462
3750.000000	88.911	179.6132
3820.000000	88.625	179.3732
3870.000000	88.431	179.3480
3950.000000	88.142	179.5406
4000.000000	87.975	179.7982
4060.000000	87.791	-179.7770
4120.000000	87.626	-179.2512
4180.000000	87.484	-178.6504
4250.000000	87.345	-177.8920
4310.000000	87.247	-177.2144
4370.000000	87.169	-176.5313
4440.000000	87.100	-175.7408
4500.000000	87.059	-175.0815
4550.000000	87.037	-174.5558
4620.000000	87.024	-173.8663
4680.000000	87.027	-173.3286
4750.000000	87.046	-172.7766
4820.000000	87.079	-172.3175
4870.000000	87.110	-172.0536
4940.000000	87.161	-171.7834
5000.000000	87.209	-171.6508
5080.000000	87.274	-171.6187
5150.000000	87.330	-171.7262
5220.000000	87.382	-171.9576
5300.000000	87.431	-172.3702
5380.000000	87.466	-172.9212
5450.000000	87.481	-173.4972
5520.000000	87.478	-174.1426
5600.000000	87.451	-174.9413
5700.000000	87.379	-175.9811
5800.000000	87.261	-176.9852
5900.000000	87.098	-177.8592
6000.000000	86.897	-178.5119
6080.000000	86.716	-178.8198
6150.000000	86.549	-178.9117
6220.000000	86.381	-178.8322
6300.000000	86.191	-178.5334
6400.000000	85.967	-177.8677
6500.000000	85.768	-176.9089
6600.000000	85.607	-175.7031
6700.000000	85.489	-174.3064
6800.000000	85.422	-172.7701
6900.000000	85.410	-171.1501
7000.000000	85.456	-169.5069
7100.000000	85.565	-167.9045
7200.000000	85.738	-166.4034
7300.000000	85.982	-165.0464
7400.000000	86.315	-163.9781
7500.000000	86.727	-163.4928
7620.000000	87.295	-163.8253
7750.000000	87.967	-165.6170
7880.000000	88.629	-169.2343
8000.000000	89.120	-174.4634
8120.000000	89.332	178.6655
8250.000000	89.050	170.5480
8380.000000	88.185	165.1371
8500.000000	87.762	166.4932
8620.000000	88.398	163.5604
8750.000000	87.918	152.7497
8850.000000	86.796	147.6093
9000.000000	85.108	145.3325
9120.000000	83.995	145.8643
9250.000000	82.998	147.5307
9380.000000	82.175	149.8431
9500.000000	81.548	152.3166
9620.000000	81.034	154.9665
9750.000000	80.594	157.8929
9880.000000	80.266	160.7505
10000.000000	80.054	163.2139
10150.000000	79.895	165.8878
10300.000000	79.838	167.9015
10440.000000	79.850	168.9775
10600.000000	79.886	169.0505
10750.000000	79.866	167.9433
10900.000000	79.714	165.8934
11060.000000	79.332	163.2127
11200.000000	78.792	161.0879
11380.000000	77.861	159.5568
11500.000000	77.152	159.6294
11720.000000	75.842	162.2165
11800.000000	75.403	163.8544
12060.000000	74.235	170.9057
12200.000000	73.793	175.2952
12410.000000	73.360	-178.0615
12500.000000	73.243	-175.3324
12650.000000	73.106	-171.0076
12800.000000	73.012	-166.7703
13150.000000	73.149	-156.2624
13200.000000	73.224	-154.8811
13400.000000	73.612	-149.9865
13600.000000	74.099	-145.9561
13800.000000	74.678	-142.6750
14000.000000	75.352	-140.1912
14300.000000	76.551	-138.2872
14500.000000	77.477	-138.6360
14750.000000	78.718	-141.6936
15000.000000	79.871	-148.3937
15250.000000	80.641	-158.6735
15500.000000	80.753	-171.0193
15750.000000	80.157	177.0640
16000.000000	79.098	167.4786
16250.000000	77.895	160.9082
16500.000000	76.645	158.2081
16750.000000	75.680	159.5373
17000.000000	75.219	161.8058
17250.000000	75.037	163.2388
17500.000000	74.939	163.6228
17750.000000	74.726	163.1367
18000.000000	74.262	164.2181
18250.000000	74.393	171.7170
18500.000000	76.100	175.6841
18750.000000	77.232	166.1108
19000.000000	76.999	154.2124
19250.000000	76.015	145.1786
19500.000000	74.708	139.1370
19750.000000	73.326	135.6084
20000.000000	72.373	134.2118
