* Measurement data measured by REW V5.31.3
* Source: Microphone (JadeAudio JA11), MICROPHONE (Master Volume), L, volume: 0.250
* Format: 2M Log Swept Sine, 1 sweep at -8.9 dBFS with no timing reference
* Dated: May 28, 2025 8:20:53 PM
* REW Settings:
*  C-weighting compensation: Off
*  Target level: 75.0 dB
* Note: 
* Measurement: L Hexa (-DDfilt, AEX07) 2
* Smoothing: 1/24 octave
* Frequency Step: 1/48 octave
* Start Frequency: 20.300 Hz
*
* Freq(Hz)	SPL(dB)	Phase(degrees)
20.299999	95.580	2.8738
20.600000	95.571	1.9890
20.900000	95.559	1.0359
21.200001	95.548	0.0899
21.400000	95.542	-0.5326
21.799999	95.531	-1.7561
22.000000	95.525	-2.3566
22.400000	95.511	-3.5349
22.700001	95.497	-4.3997
23.000000	95.483	-5.2496
23.299999	95.467	-6.0855
23.600000	95.452	-6.9083
24.000000	95.433	-7.9857
24.299999	95.418	-8.7789
24.700001	95.396	-9.8160
25.000000	95.379	-10.5782
25.400000	95.355	-11.5738
25.799999	95.331	-12.5475
26.200001	95.307	-13.5024
26.500000	95.288	-14.2080
26.900000	95.263	-15.1359
27.200001	95.244	-15.8222
27.600000	95.217	-16.7237
28.000000	95.189	-17.6093
28.500000	95.154	-18.6947
29.000000	95.118	-19.7589
29.500000	95.082	-20.8038
30.000000	95.045	-21.8294
30.400000	95.016	-22.6358
30.700001	94.993	-23.2324
31.100000	94.963	-24.0169
31.500000	94.933	-24.7888
32.000000	94.895	-25.7368
32.500000	94.856	-26.6674
33.000000	94.816	-27.5823
33.500000	94.777	-28.4811
34.000000	94.737	-29.3634
34.500000	94.697	-30.2311
35.000000	94.657	-31.0874
35.500000	94.617	-31.9328
36.000000	94.577	-32.7632
36.500000	94.536	-33.5755
37.000000	94.494	-34.3727
37.500000	94.452	-35.1626
38.200001	94.394	-36.2628
38.700001	94.353	-37.0378
39.500000	94.288	-38.2444
40.000000	94.247	-38.9805
40.599998	94.199	-39.8535
41.200001	94.150	-40.7174
41.799999	94.100	-41.5699
42.500000	94.043	-42.5456
43.099998	93.995	-43.3635
43.700001	93.947	-44.1699
44.400002	93.887	-45.1098
45.000000	93.835	-45.9130
45.500000	93.794	-46.5682
46.200001	93.739	-47.4515
46.799999	93.693	-48.1876
47.500000	93.637	-49.0435
48.200001	93.580	-49.8973
48.700001	93.541	-50.5008
49.400002	93.485	-51.3369
50.000000	93.437	-52.0469
50.799999	93.372	-52.9754
51.500000	93.315	-53.7686
52.200001	93.260	-54.5502
53.000000	93.198	-55.4272
53.799999	93.136	-56.2911
54.500000	93.081	-57.0492
55.200001	93.026	-57.7996
56.000000	92.965	-58.6361
57.000000	92.888	-59.6682
58.000000	92.813	-60.6769
59.000000	92.730	-61.7644
60.000000	92.647	-62.8726
60.799999	92.593	-63.5812
61.500000	92.550	-64.1380
62.200001	92.502	-64.7483
63.000000	92.444	-65.4957
64.000000	92.373	-66.4127
65.000000	92.302	-67.3176
66.000000	92.231	-68.2018
67.000000	92.161	-69.0732
68.000000	92.092	-69.9352
69.000000	92.023	-70.7811
70.000000	91.955	-71.6150
71.000000	91.887	-72.4419
72.000000	91.821	-73.2614
73.000000	91.755	-74.0653
74.000000	91.688	-74.8585
75.000000	91.622	-75.6434
76.199997	91.545	-76.5693
77.500000	91.461	-77.5501
78.800003	91.376	-78.5156
80.000000	91.301	-79.3943
81.199997	91.228	-80.2628
82.500000	91.148	-81.1866
83.800003	91.069	-82.0929
85.000000	90.997	-82.9200
86.199997	90.925	-83.7319
87.500000	90.848	-84.5958
88.500000	90.790	-85.2552
90.000000	90.705	-86.2230
91.199997	90.637	-86.9836
92.500000	90.563	-87.8142
93.800003	90.491	-88.6336
95.000000	90.427	-89.3646
96.199997	90.363	-90.0816
97.500000	90.293	-90.8501
98.800003	90.225	-91.6079
100.000000	90.161	-92.3016
101.500000	90.083	-93.1590
103.000000	90.008	-94.0012
104.400002	89.938	-94.7747
106.000000	89.859	-95.6479
107.500000	89.787	-96.4509
109.000000	89.715	-97.2426
110.599998	89.639	-98.0765
112.000000	89.574	-98.8021
113.800003	89.489	-99.7065
115.000000	89.433	-100.2957
117.199997	89.333	-101.3750
118.000000	89.298	-101.7604
120.599998	89.184	-102.9941
122.000000	89.124	-103.6468
124.099998	89.033	-104.5926
125.000000	88.995	-104.9904
126.500000	88.933	-105.6528
128.000000	88.871	-106.3161
131.500000	88.730	-107.8165
132.000000	88.710	-108.0235
134.000000	88.633	-108.8456
136.000000	88.556	-109.6672
138.000000	88.479	-110.4758
140.000000	88.404	-111.2551
143.000000	88.294	-112.3712
145.000000	88.220	-113.1143
147.500000	88.131	-114.0302
150.000000	88.043	-114.9128
152.500000	87.962	-115.7700
155.000000	87.881	-116.6001
157.500000	87.798	-117.4267
160.000000	87.717	-118.2525
162.500000	87.639	-119.0520
165.000000	87.561	-119.8291
167.500000	87.484	-120.5801
170.000000	87.409	-121.3170
172.500000	87.334	-122.0291
175.000000	87.260	-122.7096
177.500000	87.188	-123.3593
180.000000	87.119	-123.9674
182.500000	87.056	-124.5450
185.000000	87.000	-125.1148
187.500000	86.947	-125.6980
190.000000	86.897	-126.3133
192.500000	86.849	-126.9589
195.000000	86.801	-127.6189
197.500000	86.750	-128.2682
200.000000	86.696	-128.8985
203.000000	86.629	-129.6337
206.000000	86.562	-130.3552
209.000000	86.494	-131.0452
212.000000	86.424	-131.7001
214.000000	86.377	-132.1147
218.000000	86.292	-132.8876
220.000000	86.250	-133.2714
224.000000	86.169	-134.0500
227.000000	86.109	-134.6234
230.000000	86.049	-135.1739
233.000000	85.988	-135.6920
236.000000	85.925	-136.1841
240.000000	85.847	-136.7954
243.000000	85.794	-137.2248
247.000000	85.728	-137.7804
250.000000	85.683	-138.1818
254.000000	85.630	-138.7100
258.000000	85.583	-139.3047
262.000000	85.528	-139.9454
265.000000	85.482	-140.3896
269.000000	85.422	-140.9037
272.000000	85.383	-141.2605
276.000000	85.336	-141.7715
280.000000	85.291	-142.3382
285.000000	85.225	-143.0323
290.000000	85.155	-143.6276
295.000000	85.087	-144.1788
300.000000	85.024	-144.7178
304.000000	84.973	-145.1378
307.000000	84.936	-145.4428
311.000000	84.888	-145.8321
315.000000	84.841	-146.2108
320.000000	84.784	-146.6805
325.000000	84.727	-147.1231
330.000000	84.672	-147.5406
335.000000	84.617	-147.9449
340.000000	84.564	-148.3315
345.000000	84.512	-148.6950
350.000000	84.463	-149.0550
355.000000	84.414	-149.4019
360.000000	84.367	-149.7321
365.000000	84.320	-150.0411
370.000000	84.274	-150.3382
375.000000	84.229	-150.6226
382.000000	84.168	-151.0023
387.000000	84.126	-151.2662
395.000000	84.061	-151.6608
400.000000	84.022	-151.8938
406.000000	83.977	-152.1633
412.000000	83.931	-152.4189
418.000000	83.887	-152.6629
425.000000	83.837	-152.9385
431.000000	83.794	-153.1583
437.000000	83.752	-153.3577
444.000000	83.703	-153.5766
450.000000	83.663	-153.7466
455.000000	83.630	-153.8765
462.000000	83.585	-154.0477
468.000000	83.548	-154.1814
475.000000	83.507	-154.3223
482.000000	83.467	-154.4560
487.000000	83.439	-154.5498
494.000000	83.399	-154.6744
500.000000	83.366	-154.7738
508.000000	83.322	-154.8923
515.000000	83.284	-154.9798
522.000000	83.248	-155.0561
530.000000	83.208	-155.1147
538.000000	83.170	-155.1538
545.000000	83.137	-155.1828
552.000000	83.104	-155.2058
560.000000	83.069	-155.2194
570.000000	83.026	-155.2221
580.000000	82.984	-155.2053
590.000000	82.944	-155.1679
600.000000	82.904	-155.1110
608.000000	82.874	-155.0509
615.000000	82.848	-154.9912
622.000000	82.823	-154.9218
630.000000	82.795	-154.8322
640.000000	82.762	-154.7086
650.000000	82.731	-154.5746
660.000000	82.703	-154.4257
670.000000	82.676	-154.2606
680.000000	82.650	-154.0855
690.000000	82.626	-153.8961
700.000000	82.602	-153.6919
710.000000	82.581	-153.4746
720.000000	82.561	-153.2430
730.000000	82.544	-152.9979
740.000000	82.527	-152.7409
750.000000	82.513	-152.4721
762.000000	82.498	-152.1338
775.000000	82.486	-151.7502
788.000000	82.476	-151.3468
800.000000	82.471	-150.9588
812.000000	82.470	-150.5604
825.000000	82.473	-150.1145
838.000000	82.480	-149.6601
850.000000	82.490	-149.2375
862.000000	82.505	-148.8082
875.000000	82.525	-148.3411
885.000000	82.544	-147.9823
900.000000	82.577	-147.4501
912.000000	82.608	-147.0310
925.000000	82.646	-146.5926
938.000000	82.688	-146.1693
950.000000	82.730	-145.7942
962.000000	82.774	-145.4410
975.000000	82.824	-145.0850
988.000000	82.873	-144.7521
1000.000000	82.917	-144.4589
1015.000000	82.970	-144.0991
1030.000000	83.023	-143.7287
1044.000000	83.075	-143.3718
1060.000000	83.139	-142.9623
1075.000000	83.203	-142.5939
1090.000000	83.271	-142.2477
1106.000000	83.344	-141.9016
1120.000000	83.409	-141.6200
1138.000000	83.494	-141.2804
1150.000000	83.551	-141.0679
1172.000000	83.657	-140.7037
1180.000000	83.696	-140.5796
1206.000000	83.822	-140.2091
1220.000000	83.890	-140.0291
1241.000000	83.992	-139.7773
1250.000000	84.035	-139.6754
1265.000000	84.108	-139.5163
1280.000000	84.180	-139.3725
1315.000000	84.349	-139.1027
1320.000000	84.373	-139.0713
1340.000000	84.468	-138.9636
1360.000000	84.562	-138.8867
1380.000000	84.653	-138.8448
1400.000000	84.741	-138.8311
1430.000000	84.861	-138.8436
1450.000000	84.934	-138.8537
1475.000000	85.019	-138.8481
1500.000000	85.101	-138.8186
1525.000000	85.182	-138.7770
1550.000000	85.262	-138.7305
1575.000000	85.339	-138.6809
1600.000000	85.415	-138.6296
1625.000000	85.490	-138.5726
1650.000000	85.564	-138.5066
1675.000000	85.637	-138.4300
1700.000000	85.710	-138.3450
1725.000000	85.784	-138.2519
1750.000000	85.857	-138.1533
1775.000000	85.929	-138.0460
1800.000000	86.002	-137.9293
1825.000000	86.077	-137.8082
1850.000000	86.153	-137.6849
1875.000000	86.230	-137.5644
1900.000000	86.308	-137.4492
1925.000000	86.387	-137.3375
1950.000000	86.466	-137.2253
1975.000000	86.545	-137.1077
2000.000000	86.627	-136.9854
2030.000000	86.727	-136.8373
2060.000000	86.832	-136.6918
2090.000000	86.940	-136.5563
2120.000000	87.051	-136.4364
2140.000000	87.127	-136.3660
2180.000000	87.284	-136.2511
2200.000000	87.365	-136.2079
2240.000000	87.528	-136.1548
2270.000000	87.653	-136.1451
2300.000000	87.780	-136.1665
2330.000000	87.908	-136.2207
2360.000000	88.037	-136.3099
2400.000000	88.209	-136.4888
2430.000000	88.337	-136.6652
2470.000000	88.506	-136.9545
2500.000000	88.630	-137.2111
2540.000000	88.790	-137.5953
2580.000000	88.943	-138.0162
2620.000000	89.089	-138.4598
2650.000000	89.196	-138.7913
2690.000000	89.336	-139.2152
2720.000000	89.442	-139.5177
2760.000000	89.589	-139.9058
2800.000000	89.746	-140.3043
2850.000000	89.961	-140.8909
2900.000000	90.193	-141.6581
2950.000000	90.433	-142.6784
3000.000000	90.665	-143.9877
3040.000000	90.837	-145.2518
3070.000000	90.953	-146.3164
3110.000000	91.087	-147.8712
3150.000000	91.191	-149.5590
3200.000000	91.272	-151.8071
3250.000000	91.291	-154.1288
3300.000000	91.243	-156.4342
3350.000000	91.129	-158.6076
3400.000000	90.953	-160.5190
3450.000000	90.722	-162.0455
3500.000000	90.453	-163.0659
3550.000000	90.171	-163.4914
3600.000000	89.906	-163.2873
3650.000000	89.693	-162.5003
3700.000000	89.561	-161.2802
3750.000000	89.530	-159.8650
3820.000000	89.654	-158.0832
3870.000000	89.834	-157.2561
3950.000000	90.194	-156.9916
4000.000000	90.416	-157.4633
4060.000000	90.645	-158.5252
4120.000000	90.819	-159.9569
4180.000000	90.931	-161.5945
4250.000000	90.987	-163.5719
4310.000000	90.981	-165.1970
4370.000000	90.936	-166.6923
4440.000000	90.847	-168.2313
4500.000000	90.750	-169.3698
4550.000000	90.659	-170.1913
4620.000000	90.523	-171.1567
4680.000000	90.405	-171.8304
4750.000000	90.268	-172.4634
4820.000000	90.136	-172.9667
4870.000000	90.046	-173.2728
4940.000000	89.924	-173.6522
5000.000000	89.821	-173.9434
5080.000000	89.681	-174.2858
5150.000000	89.552	-174.5130
5220.000000	89.417	-174.6357
5300.000000	89.261	-174.6218
5380.000000	89.113	-174.4369
5450.000000	88.995	-174.1561
5520.000000	88.889	-173.7900
5600.000000	88.784	-173.2925
5700.000000	88.674	-172.5889
5800.000000	88.588	-171.8069
5900.000000	88.527	-170.9593
6000.000000	88.491	-170.0616
6080.000000	88.480	-169.3206
6150.000000	88.486	-168.6650
6220.000000	88.505	-168.0028
6300.000000	88.544	-167.2438
6400.000000	88.620	-166.3051
6500.000000	88.730	-165.4022
6600.000000	88.874	-164.5634
6700.000000	89.055	-163.8059
6800.000000	89.276	-163.1638
6900.000000	89.539	-162.6802
7000.000000	89.846	-162.4191
7100.000000	90.198	-162.4352
7200.000000	90.595	-162.7978
7300.000000	91.035	-163.5981
7400.000000	91.514	-164.9437
7500.000000	92.024	-166.9703
7620.000000	92.657	-170.4942
7750.000000	93.313	-175.9664
7880.000000	93.821	176.6498
8000.000000	94.050	168.4456
8120.000000	93.983	159.3531
8250.000000	93.477	149.3411
8380.000000	92.523	140.6732
8500.000000	91.389	134.7361
8620.000000	90.161	130.8385
8750.000000	88.844	128.5863
8850.000000	87.882	127.9572
9000.000000	86.554	128.3344
9120.000000	85.597	129.4656
9250.000000	84.661	131.2844
9380.000000	83.823	133.5616
9500.000000	83.129	135.9715
9620.000000	82.505	138.5995
9750.000000	81.903	141.6244
9880.000000	81.373	144.7809
10000.000000	80.943	147.7665
10150.000000	80.480	151.5378
10300.000000	80.092	155.2944
10440.000000	79.792	158.7366
10600.000000	79.518	162.5403
10750.000000	79.318	165.9157
10900.000000	79.163	169.0422
11060.000000	79.027	172.0692
11200.000000	78.924	174.5326
11380.000000	78.816	177.4728
11500.000000	78.754	179.2154
11720.000000	78.626	-177.9947
11800.000000	78.570	-177.0654
12060.000000	78.355	-174.1173
12200.000000	78.225	-172.4637
12410.000000	78.028	-169.7704
12500.000000	77.949	-168.5165
12650.000000	77.839	-166.2637
12800.000000	77.775	-163.8223
13150.000000	77.869	-158.1020
13200.000000	77.908	-157.3448
13400.000000	78.119	-154.5105
13600.000000	78.414	-151.9972
13800.000000	78.793	-149.8285
14000.000000	79.253	-148.0718
14300.000000	80.089	-146.2908
14500.000000	80.756	-145.6684
14750.000000	81.776	-145.7067
15000.000000	83.066	-147.6886
15250.000000	84.517	-153.3813
15500.000000	85.800	-164.1113
15750.000000	86.395	-179.5913
16000.000000	85.852	163.1849
16250.000000	84.167	148.6964
16500.000000	81.741	139.8491
16750.000000	79.009	137.4600
17000.000000	76.383	142.5060
17250.000000	74.776	153.9413
17500.000000	74.598	159.5434
17750.000000	74.167	157.0535
18000.000000	72.982	155.6263
18250.000000	71.634	157.4457
18500.000000	70.487	160.6462
18750.000000	69.551	163.6666
19000.000000	68.716	166.2562
19250.000000	67.941	168.9538
19500.000000	67.275	172.1810
19750.000000	66.801	175.7851
20000.000000	66.576	178.6702
