* Measurement data measured by REW V5.31.3
* Source: Microphone (JadeAudio JA11), MICROPHONE (Master Volume), R, volume: 0.250
* Format: 256k Log Swept Sine, 1 sweep at -8.1 dBFS with no timing reference
* Dated: Mar 27, 2025 10:30:02 PM
* REW Settings:
*  C-weighting compensation: Off
*  Target level: 75.0 dB
* Note: 
* Measurement: L Zero Blue 2 (5?, T300B)
* Smoothing: 1/24 octave
* Frequency Step: 1/48 octave
* Start Frequency: 20.000 Hz
*
* Freq(Hz)	SPL(dB)	Phase(degrees)
20.000000	94.810	170.6838
20.299999	94.805	170.2084
20.600000	94.799	169.7493
20.900000	94.790	169.3049
21.200001	94.778	168.8674
21.400000	94.768	168.5819
21.799999	94.746	168.0322
22.000000	94.734	167.7632
22.400000	94.705	167.2003
22.700001	94.682	166.7898
23.000000	94.658	166.3848
23.299999	94.632	165.9434
23.600000	94.605	165.5074
24.000000	94.567	164.9397
24.299999	94.539	164.4849
24.700001	94.501	163.8904
25.000000	94.474	163.4560
25.400000	94.440	162.8435
25.799999	94.408	162.2448
26.200001	94.376	161.6503
26.500000	94.354	161.2073
26.900000	94.325	160.6330
27.200001	94.304	160.2159
27.600000	94.277	159.6750
28.000000	94.251	159.1487
28.500000	94.217	158.5290
29.000000	94.183	157.9352
29.500000	94.147	157.3748
30.000000	94.110	156.8310
30.400000	94.078	156.4005
30.700001	94.053	156.0826
31.100000	94.017	155.6646
31.500000	93.980	155.2452
32.000000	93.931	154.7393
32.500000	93.882	154.2173
33.000000	93.833	153.6995
33.500000	93.783	153.1603
34.000000	93.733	152.6307
34.500000	93.683	152.0952
35.000000	93.634	151.5713
35.500000	93.586	151.0464
36.000000	93.538	150.5329
36.500000	93.491	150.0332
37.000000	93.445	149.5477
37.500000	93.399	149.0768
38.200001	93.334	148.4345
38.700001	93.286	147.9971
39.500000	93.210	147.3275
40.000000	93.162	146.9138
40.599998	93.102	146.4132
41.200001	93.039	145.9385
41.799999	92.978	145.4937
42.500000	92.916	144.9492
43.099998	92.862	144.4193
43.700001	92.796	143.8718
44.400002	92.709	143.3144
45.000000	92.641	142.9063
45.500000	92.591	142.5691
46.200001	92.523	142.0679
46.799999	92.461	141.6343
47.500000	92.388	141.1484
48.200001	92.315	140.6748
48.700001	92.263	140.3413
49.400002	92.189	139.8856
50.000000	92.126	139.5058
50.799999	92.042	139.0001
51.500000	91.968	138.5612
52.200001	91.893	138.1287
53.000000	91.807	137.6383
53.799999	91.718	137.1602
54.500000	91.641	136.7664
55.200001	91.567	136.3843
56.000000	91.485	135.9285
57.000000	91.377	135.3559
58.000000	91.273	134.8292
59.000000	91.172	134.2816
60.000000	91.062	133.7542
60.799999	90.976	133.3888
61.500000	90.904	133.0765
62.200001	90.832	132.7514
63.000000	90.747	132.3823
64.000000	90.639	131.9434
65.000000	90.531	131.5160
66.000000	90.424	131.0947
67.000000	90.317	130.6745
68.000000	90.210	130.2623
69.000000	90.102	129.8779
70.000000	89.997	129.5096
71.000000	89.892	129.1472
72.000000	89.786	128.8021
73.000000	89.680	128.4692
74.000000	89.574	128.1365
75.000000	89.468	127.8143
76.199997	89.340	127.4479
77.500000	89.205	127.0630
78.800003	89.069	126.6898
80.000000	88.943	126.3706
81.199997	88.819	126.0684
82.500000	88.684	125.7495
83.800003	88.548	125.4479
85.000000	88.424	125.1742
86.199997	88.300	124.9104
87.500000	88.166	124.6415
88.500000	88.063	124.4616
90.000000	87.912	124.2182
91.199997	87.793	124.0226
92.500000	87.662	123.8170
93.800003	87.528	123.6458
95.000000	87.407	123.5195
96.199997	87.290	123.3944
97.500000	87.163	123.2449
98.800003	87.033	123.1131
100.000000	86.915	123.0215
101.500000	86.770	122.9246
103.000000	86.628	122.8436
104.400002	86.497	122.7710
106.000000	86.348	122.6913
107.500000	86.208	122.6173
109.000000	86.068	122.5583
110.599998	85.920	122.5237
112.000000	85.793	122.5212
113.800003	85.633	122.5462
115.000000	85.528	122.5731
117.199997	85.332	122.6496
118.000000	85.261	122.6896
120.599998	85.034	122.8720
122.000000	84.917	122.9613
124.099998	84.741	123.1057
125.000000	84.666	123.1727
126.500000	84.543	123.2874
128.000000	84.421	123.4078
131.500000	84.146	123.7870
132.000000	84.108	123.8446
134.000000	83.952	124.0941
136.000000	83.798	124.3771
138.000000	83.650	124.6308
140.000000	83.503	124.8544
143.000000	83.292	125.3999
145.000000	83.162	125.8090
147.500000	82.994	126.3064
150.000000	82.831	126.7761
152.500000	82.674	127.2143
155.000000	82.522	127.6919
157.500000	82.374	128.2286
160.000000	82.233	128.7640
162.500000	82.096	129.3108
165.000000	81.964	129.8696
167.500000	81.837	130.4357
170.000000	81.713	131.0081
172.500000	81.591	131.6052
175.000000	81.470	132.2017
177.500000	81.350	132.7958
180.000000	81.239	133.4419
182.500000	81.141	134.1311
185.000000	81.052	134.8912
187.500000	80.973	135.5977
190.000000	80.897	136.1978
192.500000	80.830	136.7691
195.000000	80.772	137.3808
197.500000	80.713	138.0131
200.000000	80.641	138.6215
203.000000	80.552	139.3600
206.000000	80.486	140.0388
209.000000	80.433	140.6625
212.000000	80.382	141.3075
214.000000	80.349	141.7446
218.000000	80.283	142.5068
220.000000	80.248	142.8620
224.000000	80.184	143.6253
227.000000	80.142	144.2014
230.000000	80.098	144.7711
233.000000	80.056	145.3243
236.000000	80.018	145.8462
240.000000	79.972	146.5172
243.000000	79.937	146.9933
247.000000	79.890	147.6107
250.000000	79.860	148.0619
254.000000	79.822	148.6528
258.000000	79.790	149.2203
262.000000	79.758	149.7907
265.000000	79.736	150.2023
269.000000	79.709	150.6893
272.000000	79.691	151.0820
276.000000	79.666	151.6400
280.000000	79.641	152.1240
285.000000	79.616	152.6641
290.000000	79.591	153.1525
295.000000	79.565	153.6407
300.000000	79.535	154.1352
304.000000	79.514	154.5226
307.000000	79.499	154.7940
311.000000	79.477	155.1303
315.000000	79.455	155.4548
320.000000	79.431	155.8490
325.000000	79.407	156.2644
330.000000	79.380	156.7266
335.000000	79.355	157.1525
340.000000	79.337	157.5526
345.000000	79.317	157.9296
350.000000	79.299	158.2894
355.000000	79.281	158.6247
360.000000	79.262	158.9550
365.000000	79.242	159.2938
370.000000	79.223	159.6174
375.000000	79.211	159.9203
382.000000	79.190	160.3069
387.000000	79.175	160.5794
395.000000	79.154	160.9315
400.000000	79.137	161.1122
406.000000	79.109	161.3232
412.000000	79.077	161.5364
418.000000	79.042	161.7704
425.000000	78.995	162.0566
431.000000	78.955	162.3207
437.000000	78.915	162.6075
444.000000	78.868	162.9422
450.000000	78.827	163.2519
455.000000	78.796	163.5112
462.000000	78.754	163.8779
468.000000	78.720	164.2005
475.000000	78.678	164.5744
482.000000	78.637	164.9544
487.000000	78.609	165.2360
494.000000	78.571	165.6282
500.000000	78.541	165.9629
508.000000	78.501	166.4120
515.000000	78.468	166.8049
522.000000	78.436	167.1898
530.000000	78.402	167.6211
538.000000	78.368	168.0474
545.000000	78.338	168.4183
552.000000	78.308	168.7906
560.000000	78.273	169.2199
570.000000	78.230	169.7525
580.000000	78.188	170.2939
590.000000	78.146	170.8359
600.000000	78.106	171.3751
608.000000	78.074	171.8188
615.000000	78.047	172.2098
622.000000	78.021	172.6065
630.000000	77.991	173.0676
640.000000	77.954	173.6459
650.000000	77.919	174.2255
660.000000	77.886	174.8326
670.000000	77.853	175.4638
680.000000	77.823	176.0941
690.000000	77.797	176.7238
700.000000	77.775	177.3590
710.000000	77.755	178.0038
720.000000	77.737	178.6477
730.000000	77.721	179.2882
740.000000	77.708	179.9294
750.000000	77.697	-179.4207
762.000000	77.687	-178.6390
775.000000	77.681	-177.7965
788.000000	77.679	-176.9445
800.000000	77.681	-176.1581
812.000000	77.686	-175.3771
825.000000	77.695	-174.5334
838.000000	77.711	-173.6950
850.000000	77.730	-172.9150
862.000000	77.752	-172.1377
875.000000	77.780	-171.3022
885.000000	77.805	-170.6660
900.000000	77.850	-169.7337
912.000000	77.890	-169.0007
925.000000	77.938	-168.2254
938.000000	77.991	-167.4732
950.000000	78.044	-166.7932
962.000000	78.101	-166.1359
975.000000	78.165	-165.4494
988.000000	78.232	-164.7904
1000.000000	78.297	-164.2090
1015.000000	78.382	-163.5196
1030.000000	78.470	-162.8738
1044.000000	78.554	-162.3161
1060.000000	78.650	-161.7227
1075.000000	78.742	-161.2074
1090.000000	78.834	-160.7301
1106.000000	78.931	-160.2724
1120.000000	79.015	-159.9113
1138.000000	79.120	-159.4777
1150.000000	79.188	-159.2096
1172.000000	79.309	-158.7719
1180.000000	79.352	-158.6248
1206.000000	79.485	-158.1727
1220.000000	79.553	-157.9468
1241.000000	79.652	-157.6341
1250.000000	79.693	-157.5002
1265.000000	79.758	-157.2749
1280.000000	79.821	-157.0541
1315.000000	79.960	-156.5515
1320.000000	79.980	-156.4771
1340.000000	80.057	-156.1735
1360.000000	80.134	-155.8582
1380.000000	80.211	-155.5305
1400.000000	80.289	-155.1945
1430.000000	80.409	-154.6772
1450.000000	80.493	-154.3227
1475.000000	80.603	-153.8942
1500.000000	80.720	-153.4787
1525.000000	80.842	-153.0916
1550.000000	80.971	-152.7550
1575.000000	81.105	-152.4713
1600.000000	81.242	-152.2511
1625.000000	81.381	-152.0983
1650.000000	81.518	-152.0233
1675.000000	81.652	-152.0200
1700.000000	81.778	-152.0704
1725.000000	81.897	-152.1765
1750.000000	82.007	-152.3192
1775.000000	82.109	-152.4726
1800.000000	82.202	-152.6338
1825.000000	82.288	-152.7937
1850.000000	82.368	-152.9396
1875.000000	82.443	-153.0665
1900.000000	82.514	-153.1742
1925.000000	82.582	-153.2629
1950.000000	82.649	-153.3346
1975.000000	82.716	-153.3897
2000.000000	82.781	-153.4281
2030.000000	82.860	-153.4568
2060.000000	82.940	-153.4780
2090.000000	83.021	-153.4863
2120.000000	83.104	-153.4868
2140.000000	83.160	-153.4896
2180.000000	83.274	-153.4971
2200.000000	83.332	-153.5031
2240.000000	83.450	-153.5315
2270.000000	83.541	-153.5628
2300.000000	83.632	-153.6038
2330.000000	83.725	-153.6623
2360.000000	83.819	-153.7379
2400.000000	83.945	-153.8689
2430.000000	84.040	-153.9888
2470.000000	84.167	-154.1791
2500.000000	84.261	-154.3412
2540.000000	84.387	-154.5909
2580.000000	84.512	-154.8812
2620.000000	84.635	-155.2075
2650.000000	84.726	-155.4727
2690.000000	84.845	-155.8584
2720.000000	84.933	-156.1722
2760.000000	85.047	-156.6226
2800.000000	85.158	-157.1084
2850.000000	85.291	-157.7610
2900.000000	85.416	-158.4628
2950.000000	85.535	-159.2120
3000.000000	85.645	-160.0014
3040.000000	85.727	-160.6592
3070.000000	85.785	-161.1680
3110.000000	85.857	-161.8648
3150.000000	85.922	-162.5813
3200.000000	85.993	-163.4921
3250.000000	86.054	-164.4125
3300.000000	86.103	-165.3368
3350.000000	86.141	-166.2501
3400.000000	86.170	-167.1480
3450.000000	86.190	-168.0174
3500.000000	86.201	-168.8499
3550.000000	86.208	-169.6412
3600.000000	86.213	-170.3916
3650.000000	86.219	-171.1195
3700.000000	86.228	-171.8516
3750.000000	86.235	-172.6180
3820.000000	86.236	-173.7607
3870.000000	86.225	-174.6096
3950.000000	86.185	-175.9472
4000.000000	86.147	-176.7393
4060.000000	86.092	-177.6424
4120.000000	86.030	-178.4889
4180.000000	85.963	-179.2815
4250.000000	85.880	179.8547
4310.000000	85.804	179.1656
4370.000000	85.725	178.5148
4440.000000	85.631	177.8051
4500.000000	85.549	177.2351
4550.000000	85.480	176.7822
4620.000000	85.381	176.1763
4680.000000	85.294	175.6822
4750.000000	85.189	175.1347
4820.000000	85.079	174.6291
4870.000000	84.999	174.3025
4940.000000	84.884	173.8911
5000.000000	84.785	173.5805
5080.000000	84.653	173.2350
5150.000000	84.539	172.9902
5220.000000	84.425	172.7969
5300.000000	84.298	172.6389
5380.000000	84.177	172.5489
5450.000000	84.076	172.5188
5520.000000	83.980	172.5339
5600.000000	83.877	172.5918
5700.000000	83.759	172.7244
5800.000000	83.654	172.9151
5900.000000	83.562	173.1594
6000.000000	83.485	173.4615
6080.000000	83.434	173.7515
6150.000000	83.401	174.0414
6220.000000	83.378	174.3582
6300.000000	83.369	174.7333
6400.000000	83.385	175.1913
6500.000000	83.427	175.5844
6600.000000	83.488	175.9329
6700.000000	83.580	176.2955
6800.000000	83.712	176.5485
6900.000000	83.874	176.6383
7000.000000	84.066	176.5580
7100.000000	84.287	176.2829
7200.000000	84.542	175.7833
7300.000000	84.833	174.9713
7400.000000	85.157	173.7613
7500.000000	85.509	172.0536
7620.000000	85.955	169.1725
7750.000000	86.433	164.7351
7880.000000	86.826	158.6530
8000.000000	87.010	151.5090
8120.000000	86.892	143.2440
8250.000000	86.323	134.1311
8380.000000	85.318	126.2652
8500.000000	84.124	120.9971
8620.000000	82.817	117.8730
8750.000000	81.408	116.6253
8850.000000	80.382	116.8574
9000.000000	78.973	118.6045
9120.000000	77.962	120.8586
9250.000000	76.977	123.8900
9380.000000	76.095	127.3505
9500.000000	75.360	130.8172
9620.000000	74.693	134.4885
9750.000000	74.039	138.6395
9880.000000	73.450	142.9321
10000.000000	72.957	147.0034
10150.000000	72.407	152.1938
10300.000000	71.919	157.4708
10440.000000	71.518	162.4634
10600.000000	71.123	168.2122
10750.000000	70.808	173.6262
10900.000000	70.545	179.0417
11060.000000	70.319	-175.1787
11200.000000	70.168	-170.1133
11380.000000	70.039	-163.6249
11500.000000	69.992	-159.3333
11720.000000	69.989	-151.5588
11800.000000	70.014	-148.7579
12060.000000	70.199	-139.7710
12200.000000	70.371	-135.0231
12410.000000	70.725	-128.0424
12500.000000	70.915	-125.1008
12650.000000	71.286	-120.2780
12800.000000	71.731	-115.5626
13150.000000	73.101	-105.0398
13200.000000	73.340	-103.6108
13400.000000	74.423	-98.1315
13600.000000	75.745	-93.1223
13800.000000	77.369	-88.8291
14000.000000	79.392	-85.7754
14300.000000	83.403	-86.2447
14500.000000	86.566	-93.6568
14750.000000	89.854	-115.2136
15000.000000	90.700	-145.4422
15250.000000	88.999	-169.8225
15500.000000	86.529	178.4377
15750.000000	84.703	175.0667
16000.000000	83.756	174.3756
16250.000000	83.439	172.9764
16500.000000	83.427	168.9606
16750.000000	83.326	161.6060
17000.000000	82.740	151.9114
17250.000000	81.469	142.3957
17500.000000	79.625	135.5460
17750.000000	77.502	132.4503
18000.000000	75.383	132.7894
18250.000000	73.443	135.6150
18500.000000	71.757	140.0137
18750.000000	70.349	145.2729
19000.000000	69.232	150.8362
19250.000000	68.415	156.2791
19500.000000	67.908	161.1891
19750.000000	67.693	165.0621
20000.000000	67.660	167.1514
