* Measurement data measured by REW V5.31.3
* Source: Microphone (JadeAudio JA11), MICROPHONE (Master Volume), L, volume: 0.250
* Format: 512k Log Swept Sine, 1 sweep at -14.9 dBFS with no timing reference
* Dated: Oct 24, 2025 9:35:43 PM
* REW Settings:
*  C-weighting compensation: Off
*  Target level: 75.0 dB
* Note: 
* Measurement: L Pure (Narrow)
* Smoothing: 1/24 octave
* Frequency Step: 1/48 octave
* Start Frequency: 20.300 Hz
*
* Freq(Hz)	SPL(dB)	Phase(degrees)
20.299999	89.866	172.6706
20.600000	89.855	172.4786
20.900000	89.841	172.2507
21.200001	89.827	172.0297
21.400000	89.817	171.8890
21.799999	89.797	171.6256
22.000000	89.785	171.4985
22.400000	89.755	171.2077
22.700001	89.730	171.0003
23.000000	89.703	170.8003
23.299999	89.677	170.5677
23.600000	89.651	170.3453
24.000000	89.617	170.0674
24.299999	89.592	169.8268
24.700001	89.556	169.5168
25.000000	89.530	169.2943
25.400000	89.497	168.9618
25.799999	89.467	168.6441
26.200001	89.440	168.3299
26.500000	89.422	168.0949
26.900000	89.399	167.7948
27.200001	89.383	167.5819
27.600000	89.362	167.3137
28.000000	89.343	167.0621
28.500000	89.319	166.7815
29.000000	89.295	166.5182
29.500000	89.268	166.2811
30.000000	89.238	166.0663
30.400000	89.213	165.9084
30.700001	89.194	165.7991
31.100000	89.168	165.6573
31.500000	89.141	165.5060
32.000000	89.107	165.3224
32.500000	89.072	165.1167
33.000000	89.036	164.9297
33.500000	89.001	164.7344
34.000000	88.966	164.5469
34.500000	88.931	164.3421
35.000000	88.898	164.1398
35.500000	88.865	163.9417
36.000000	88.834	163.7626
36.500000	88.805	163.5955
37.000000	88.778	163.4306
37.500000	88.751	163.2698
38.200001	88.715	163.0515
38.700001	88.689	162.9084
39.500000	88.644	162.7077
40.000000	88.616	162.6150
40.599998	88.581	162.5197
41.200001	88.544	162.3986
41.799999	88.502	162.2111
42.500000	88.453	161.9748
43.099998	88.418	161.8523
43.700001	88.389	161.7934
44.400002	88.355	161.7098
45.000000	88.323	161.5898
45.500000	88.296	161.4843
46.200001	88.259	161.3685
46.799999	88.227	161.2837
47.500000	88.191	161.1739
48.200001	88.155	161.0657
48.700001	88.130	160.9986
49.400002	88.095	160.9117
50.000000	88.066	160.8381
50.799999	88.027	160.7375
51.500000	87.990	160.6585
52.200001	87.952	160.5913
53.000000	87.913	160.5184
53.799999	87.878	160.4328
54.500000	87.845	160.3575
55.200001	87.811	160.3037
56.000000	87.772	160.2635
57.000000	87.722	160.2078
58.000000	87.679	160.1526
59.000000	87.643	160.0187
60.000000	87.600	159.8471
60.799999	87.564	159.8350
61.500000	87.534	159.8745
62.200001	87.505	159.8785
63.000000	87.473	159.8512
64.000000	87.434	159.8268
65.000000	87.395	159.7939
66.000000	87.354	159.7631
67.000000	87.314	159.7317
68.000000	87.277	159.7119
69.000000	87.240	159.7117
70.000000	87.202	159.7071
71.000000	87.165	159.7028
72.000000	87.130	159.6980
73.000000	87.095	159.6870
74.000000	87.061	159.6803
75.000000	87.027	159.6772
76.199997	86.986	159.6649
77.500000	86.945	159.6561
78.800003	86.906	159.6592
80.000000	86.869	159.6642
81.199997	86.831	159.6815
82.500000	86.791	159.7119
83.800003	86.751	159.7413
85.000000	86.716	159.7702
86.199997	86.681	159.7962
87.500000	86.644	159.8285
88.500000	86.615	159.8529
90.000000	86.573	159.8856
91.199997	86.541	159.9121
92.500000	86.507	159.9418
93.800003	86.473	159.9728
95.000000	86.444	160.0069
96.199997	86.416	160.0436
97.500000	86.384	160.0872
98.800003	86.351	160.1254
100.000000	86.324	160.1613
101.500000	86.290	160.2063
103.000000	86.256	160.2630
104.400002	86.226	160.3125
106.000000	86.191	160.3703
107.500000	86.158	160.4313
109.000000	86.125	160.4883
110.599998	86.093	160.5383
112.000000	86.066	160.5787
113.800003	86.029	160.6374
115.000000	86.006	160.6796
117.199997	85.966	160.7578
118.000000	85.952	160.7828
120.599998	85.905	160.8630
122.000000	85.881	160.9247
124.099998	85.846	161.0138
125.000000	85.832	161.0491
126.500000	85.808	161.1079
128.000000	85.783	161.1668
131.500000	85.731	161.2902
132.000000	85.724	161.3065
134.000000	85.695	161.3639
136.000000	85.667	161.4354
138.000000	85.638	161.5316
140.000000	85.607	161.6097
143.000000	85.570	161.6911
145.000000	85.543	161.7520
147.500000	85.507	161.8303
150.000000	85.471	161.9256
152.500000	85.437	162.0136
155.000000	85.404	162.1136
157.500000	85.369	162.2358
160.000000	85.332	162.3927
162.500000	85.298	162.5654
165.000000	85.270	162.7439
167.500000	85.248	162.9339
170.000000	85.231	163.0845
172.500000	85.212	163.1801
175.000000	85.190	163.2779
177.500000	85.172	163.3608
180.000000	85.154	163.4421
182.500000	85.133	163.4759
185.000000	85.112	163.4550
187.500000	85.089	163.4572
190.000000	85.062	163.4770
192.500000	85.040	163.4993
195.000000	85.018	163.5445
197.500000	84.994	163.6104
200.000000	84.969	163.6550
203.000000	84.940	163.6917
206.000000	84.919	163.7414
209.000000	84.896	163.8103
212.000000	84.874	163.8799
214.000000	84.862	163.9438
218.000000	84.838	164.0651
220.000000	84.827	164.1091
224.000000	84.806	164.1965
227.000000	84.789	164.2546
230.000000	84.771	164.2951
233.000000	84.751	164.3254
236.000000	84.732	164.3661
240.000000	84.710	164.4315
243.000000	84.692	164.4937
247.000000	84.666	164.5719
250.000000	84.647	164.6293
254.000000	84.620	164.7215
258.000000	84.595	164.8077
262.000000	84.571	164.8583
265.000000	84.551	164.8872
269.000000	84.523	164.9419
272.000000	84.502	164.9934
276.000000	84.473	165.0611
280.000000	84.444	165.1258
285.000000	84.409	165.1990
290.000000	84.376	165.2949
295.000000	84.344	165.3864
300.000000	84.313	165.4718
304.000000	84.287	165.5457
307.000000	84.268	165.5987
311.000000	84.242	165.6658
315.000000	84.216	165.7355
320.000000	84.185	165.8210
325.000000	84.156	165.9081
330.000000	84.125	165.9949
335.000000	84.093	166.0860
340.000000	84.063	166.1786
345.000000	84.034	166.2726
350.000000	84.004	166.3695
355.000000	83.974	166.4646
360.000000	83.944	166.5591
365.000000	83.915	166.6561
370.000000	83.886	166.7513
375.000000	83.858	166.8470
382.000000	83.817	166.9889
387.000000	83.789	167.0889
395.000000	83.745	167.2496
400.000000	83.717	167.3504
406.000000	83.684	167.4722
412.000000	83.651	167.5992
418.000000	83.617	167.7365
425.000000	83.579	167.8903
431.000000	83.546	168.0261
437.000000	83.515	168.1703
444.000000	83.478	168.3369
450.000000	83.446	168.4753
455.000000	83.420	168.5899
462.000000	83.383	168.7561
468.000000	83.351	168.9023
475.000000	83.313	169.0782
482.000000	83.276	169.2570
487.000000	83.250	169.3886
494.000000	83.213	169.5748
500.000000	83.182	169.7336
508.000000	83.142	169.9513
515.000000	83.109	170.1548
522.000000	83.075	170.3623
530.000000	83.036	170.5998
538.000000	82.997	170.8428
545.000000	82.963	171.0594
552.000000	82.930	171.2796
560.000000	82.892	171.5416
570.000000	82.845	171.8815
580.000000	82.799	172.2290
590.000000	82.754	172.5924
600.000000	82.711	172.9638
608.000000	82.677	173.2683
615.000000	82.648	173.5403
622.000000	82.619	173.8169
630.000000	82.588	174.1367
640.000000	82.551	174.5411
650.000000	82.515	174.9517
660.000000	82.480	175.3723
670.000000	82.447	175.8061
680.000000	82.415	176.2527
690.000000	82.384	176.7106
700.000000	82.354	177.1787
710.000000	82.326	177.6537
720.000000	82.300	178.1384
730.000000	82.275	178.6342
740.000000	82.253	179.1385
750.000000	82.233	179.6517
762.000000	82.212	-179.7270
775.000000	82.193	-179.0449
788.000000	82.178	-178.3474
800.000000	82.166	-177.6905
812.000000	82.155	-177.0293
825.000000	82.147	-176.3102
838.000000	82.143	-175.5894
850.000000	82.144	-174.9186
862.000000	82.149	-174.2449
875.000000	82.160	-173.5193
885.000000	82.172	-172.9673
900.000000	82.195	-172.1450
912.000000	82.219	-171.4959
925.000000	82.249	-170.8087
938.000000	82.285	-170.1408
950.000000	82.323	-169.5402
962.000000	82.364	-168.9551
975.000000	82.413	-168.3444
988.000000	82.464	-167.7594
1000.000000	82.514	-167.2476
1015.000000	82.575	-166.6445
1030.000000	82.638	-166.0839
1044.000000	82.698	-165.6028
1060.000000	82.769	-165.1005
1075.000000	82.836	-164.6711
1090.000000	82.904	-164.2767
1106.000000	82.978	-163.8993
1120.000000	83.042	-163.6110
1138.000000	83.123	-163.2901
1150.000000	83.176	-163.1022
1172.000000	83.267	-162.8114
1180.000000	83.299	-162.7202
1206.000000	83.398	-162.4712
1220.000000	83.447	-162.3621
1241.000000	83.517	-162.2247
1250.000000	83.546	-162.1720
1265.000000	83.596	-162.0909
1280.000000	83.644	-162.0158
1315.000000	83.748	-161.8540
1320.000000	83.762	-161.8317
1340.000000	83.814	-161.7419
1360.000000	83.863	-161.6459
1380.000000	83.908	-161.5452
1400.000000	83.951	-161.4378
1430.000000	84.010	-161.2538
1450.000000	84.047	-161.1142
1475.000000	84.092	-160.9247
1500.000000	84.136	-160.7188
1525.000000	84.179	-160.4966
1550.000000	84.222	-160.2554
1575.000000	84.266	-159.9988
1600.000000	84.313	-159.7267
1625.000000	84.364	-159.4429
1650.000000	84.420	-159.1500
1675.000000	84.477	-158.8488
1700.000000	84.537	-158.5425
1725.000000	84.598	-158.2307
1750.000000	84.662	-157.9155
1775.000000	84.729	-157.6010
1800.000000	84.797	-157.2869
1825.000000	84.868	-156.9753
1850.000000	84.942	-156.6683
1875.000000	85.019	-156.3680
1900.000000	85.098	-156.0746
1925.000000	85.180	-155.7912
1950.000000	85.265	-155.5205
1975.000000	85.352	-155.2637
2000.000000	85.441	-155.0208
2030.000000	85.549	-154.7458
2060.000000	85.660	-154.4913
2090.000000	85.774	-154.2578
2120.000000	85.890	-154.0505
2140.000000	85.970	-153.9293
2180.000000	86.132	-153.7265
2200.000000	86.215	-153.6462
2240.000000	86.384	-153.5361
2270.000000	86.512	-153.4949
2300.000000	86.641	-153.4930
2330.000000	86.772	-153.5303
2360.000000	86.903	-153.6059
2400.000000	87.078	-153.7664
2430.000000	87.209	-153.9310
2470.000000	87.383	-154.2047
2500.000000	87.510	-154.4494
2540.000000	87.677	-154.8316
2580.000000	87.840	-155.2784
2620.000000	88.003	-155.7920
2650.000000	88.125	-156.2278
2690.000000	88.286	-156.8891
2720.000000	88.406	-157.4523
2760.000000	88.562	-158.3018
2800.000000	88.710	-159.2676
2850.000000	88.877	-160.6305
2900.000000	89.019	-162.1445
2950.000000	89.132	-163.7713
3000.000000	89.213	-165.4679
3040.000000	89.255	-166.8497
3070.000000	89.273	-167.8881
3110.000000	89.280	-169.2604
3150.000000	89.269	-170.6097
3200.000000	89.233	-172.2408
3250.000000	89.173	-173.7862
3300.000000	89.092	-175.2299
3350.000000	88.993	-176.5650
3400.000000	88.881	-177.7850
3450.000000	88.756	-178.8853
3500.000000	88.622	-179.8671
3550.000000	88.480	179.2716
3600.000000	88.335	178.5295
3650.000000	88.187	177.9018
3700.000000	88.039	177.3847
3750.000000	87.891	176.9684
3820.000000	87.690	176.5396
3870.000000	87.551	176.3282
3950.000000	87.339	176.1352
4000.000000	87.212	176.0956
4060.000000	87.067	176.1139
4120.000000	86.929	176.1902
4180.000000	86.801	176.3137
4250.000000	86.662	176.5044
4310.000000	86.552	176.6981
4370.000000	86.449	176.9078
4440.000000	86.338	177.1651
4500.000000	86.250	177.3917
4550.000000	86.180	177.5793
4620.000000	86.086	177.8381
4680.000000	86.009	178.0564
4750.000000	85.922	178.3068
4820.000000	85.835	178.5630
4870.000000	85.773	178.7545
4940.000000	85.685	179.0422
5000.000000	85.609	179.3145
5080.000000	85.508	179.7306
5150.000000	85.422	-179.8523
5220.000000	85.344	-179.3929
5300.000000	85.264	-178.8420
5380.000000	85.191	-178.2779
5450.000000	85.132	-177.7682
5520.000000	85.077	-177.2228
5600.000000	85.022	-176.5374
5700.000000	84.974	-175.5989
5800.000000	84.960	-174.6265
5900.000000	84.981	-173.7248
6000.000000	85.031	-173.0036
6080.000000	85.080	-172.5930
6150.000000	85.121	-172.3520
6220.000000	85.156	-172.2014
6300.000000	85.183	-172.0967
6400.000000	85.196	-171.9883
6500.000000	85.192	-171.8266
6600.000000	85.182	-171.5650
6700.000000	85.176	-171.1880
6800.000000	85.184	-170.7025
6900.000000	85.211	-170.1227
7000.000000	85.266	-169.4557
7100.000000	85.358	-168.7207
7200.000000	85.500	-167.9818
7300.000000	85.699	-167.3587
7400.000000	85.950	-166.9167
7500.000000	86.271	-166.6358
7620.000000	86.781	-166.9828
7750.000000	87.436	-168.8825
7880.000000	88.088	-172.8701
8000.000000	88.536	-178.6180
8120.000000	88.635	174.0923
8250.000000	88.181	166.7554
8380.000000	87.679	163.4305
8500.000000	87.705	158.2613
8620.000000	87.042	150.0396
8750.000000	85.648	144.8464
8850.000000	84.549	143.5887
9000.000000	83.118	144.2843
9120.000000	82.179	146.0675
9250.000000	81.342	148.5500
9380.000000	80.653	151.2525
9500.000000	80.113	153.8269
9620.000000	79.650	156.4639
9750.000000	79.225	159.3748
9880.000000	78.880	162.2949
10000.000000	78.630	164.9216
10150.000000	78.400	167.9809
10300.000000	78.252	170.6545
10440.000000	78.170	172.6810
10600.000000	78.112	174.3356
10750.000000	78.053	175.2239
10900.000000	77.950	175.5536
11060.000000	77.754	175.5066
11200.000000	77.490	175.4019
11380.000000	77.029	175.6288
11500.000000	76.665	176.2361
11720.000000	75.961	178.6232
11800.000000	75.719	179.9094
12060.000000	75.083	-174.6997
12200.000000	74.866	-171.3470
12410.000000	74.718	-166.2813
12500.000000	74.713	-164.2113
12650.000000	74.760	-160.9976
12800.000000	74.853	-158.0574
13150.000000	75.269	-151.7264
13200.000000	75.357	-150.9360
13400.000000	75.765	-148.2222
13600.000000	76.237	-146.2083
13800.000000	76.767	-144.8829
14000.000000	77.355	-144.3239
14300.000000	78.330	-145.2545
14500.000000	79.020	-147.3595
14750.000000	79.850	-152.1731
15000.000000	80.471	-159.6449
15250.000000	80.671	-169.1400
15500.000000	80.319	-179.1180
15750.000000	79.453	172.2618
16000.000000	78.313	166.4806
16250.000000	77.334	164.2580
16500.000000	76.772	164.1328
16750.000000	76.507	164.1199
17000.000000	76.387	163.6830
17250.000000	76.358	162.5483
17500.000000	76.343	160.2322
17750.000000	76.176	156.4668
18000.000000	75.627	151.9952
18250.000000	74.565	149.4475
18500.000000	73.501	153.6828
18750.000000	73.816	160.0142
19000.000000	74.287	155.3486
19250.000000	73.550	148.2565
19500.000000	72.246	145.6840
19750.000000	71.104	145.9309
20000.000000	70.435	146.4353
