* Measurement data measured by REW V5.31.3
* Source: Microphone (JadeAudio JA11), MICROPHONE (Master Volume), R, volume: 0.000
* Format: 256k Log Swept Sine, 1 sweep at -6.6 dBFS with no timing reference
* Dated: Mar 21, 2025 1:58:56 PM
* REW Settings:
*  C-weighting compensation: Off
*  Target level: 75.0 dB
* Note: 
* Measurement: R Zero Blue 2 (5?)
* Smoothing: 1/24 octave
* Frequency Step: 1/48 octave
* Start Frequency: 20.000 Hz
*
* Freq(Hz)	SPL(dB)	Phase(degrees)
20.000000	95.940	169.7479
20.299999	95.933	169.2814
20.600000	95.924	168.8328
20.900000	95.914	168.4003
21.200001	95.902	167.9738
21.400000	95.892	167.6940
21.799999	95.871	167.1492
22.000000	95.858	166.8799
22.400000	95.830	166.3138
22.700001	95.806	165.9032
23.000000	95.781	165.5028
23.299999	95.754	165.0708
23.600000	95.728	164.6471
24.000000	95.692	164.0942
24.299999	95.665	163.6465
24.700001	95.628	163.0566
25.000000	95.601	162.6256
25.400000	95.565	162.0237
25.799999	95.531	161.4447
26.200001	95.499	160.8751
26.500000	95.476	160.4494
26.900000	95.447	159.8922
27.200001	95.426	159.4834
27.600000	95.398	158.9506
28.000000	95.370	158.4330
28.500000	95.334	157.8246
29.000000	95.299	157.2371
29.500000	95.261	156.6758
30.000000	95.221	156.1312
30.400000	95.186	155.7053
30.700001	95.160	155.3939
31.100000	95.124	154.9847
31.500000	95.086	154.5701
32.000000	95.038	154.0625
32.500000	94.987	153.5376
33.000000	94.936	153.0256
33.500000	94.885	152.5029
34.000000	94.834	151.9924
34.500000	94.785	151.4699
35.000000	94.736	150.9528
35.500000	94.687	150.4348
36.000000	94.639	149.9310
36.500000	94.592	149.4388
37.000000	94.545	148.9531
37.500000	94.498	148.4788
38.200001	94.428	147.8448
38.700001	94.378	147.4234
39.500000	94.301	146.7709
40.000000	94.254	146.3600
40.599998	94.195	145.8573
41.200001	94.133	145.3612
41.799999	94.068	144.8756
42.500000	93.993	144.3268
43.099998	93.932	143.8674
43.700001	93.872	143.3918
44.400002	93.798	142.8145
45.000000	93.730	142.3353
45.500000	93.672	141.9700
46.200001	93.595	141.5015
46.799999	93.534	141.1033
47.500000	93.463	140.6225
48.200001	93.388	140.1478
48.700001	93.334	139.8230
49.400002	93.258	139.3790
50.000000	93.194	139.0000
50.799999	93.105	138.4973
51.500000	93.027	138.0757
52.200001	92.950	137.6611
53.000000	92.862	137.1777
53.799999	92.772	136.7039
54.500000	92.696	136.3033
55.200001	92.622	135.8989
56.000000	92.537	135.4376
57.000000	92.431	134.8979
58.000000	92.333	134.4204
59.000000	92.251	133.8754
60.000000	92.144	133.1998
60.799999	92.032	132.7969
61.500000	91.943	132.5836
62.200001	91.867	132.3669
63.000000	91.781	132.0573
64.000000	91.669	131.6568
65.000000	91.557	131.2476
66.000000	91.443	130.8267
67.000000	91.330	130.4213
68.000000	91.219	130.0410
69.000000	91.113	129.6689
70.000000	91.006	129.2986
71.000000	90.897	128.9594
72.000000	90.789	128.6382
73.000000	90.681	128.3210
74.000000	90.571	128.0120
75.000000	90.461	127.7155
76.199997	90.331	127.3733
77.500000	90.191	127.0090
78.800003	90.053	126.6711
80.000000	89.925	126.3699
81.199997	89.796	126.0920
82.500000	89.656	125.8123
83.800003	89.517	125.5575
85.000000	89.391	125.3252
86.199997	89.266	125.0907
87.500000	89.129	124.8503
88.500000	89.023	124.6925
90.000000	88.866	124.4885
91.199997	88.743	124.3351
92.500000	88.609	124.1710
93.800003	88.475	124.0191
95.000000	88.351	123.8988
96.199997	88.228	123.8069
97.500000	88.099	123.7130
98.800003	87.970	123.6180
100.000000	87.851	123.5449
101.500000	87.703	123.4648
103.000000	87.554	123.3915
104.400002	87.415	123.3586
106.000000	87.261	123.3515
107.500000	87.119	123.3478
109.000000	86.979	123.3620
110.599998	86.832	123.3886
112.000000	86.703	123.4354
113.800003	86.536	123.5239
115.000000	86.425	123.6079
117.199997	86.224	123.7589
118.000000	86.152	123.8121
120.599998	85.921	124.0121
122.000000	85.803	124.1485
124.099998	85.629	124.3870
125.000000	85.555	124.5048
126.500000	85.431	124.7080
128.000000	85.306	124.9246
131.500000	85.036	125.4387
132.000000	84.999	125.5112
134.000000	84.848	125.8264
136.000000	84.692	126.2206
138.000000	84.544	126.6352
140.000000	84.402	126.9437
143.000000	84.184	127.4748
145.000000	84.047	127.9203
147.500000	83.877	128.4917
150.000000	83.711	129.0127
152.500000	83.545	129.5646
155.000000	83.371	130.1969
157.500000	83.190	131.0336
160.000000	83.040	132.0681
162.500000	82.947	133.1641
165.000000	82.895	133.9890
167.500000	82.834	134.5504
170.000000	82.755	135.0743
172.500000	82.664	135.6526
175.000000	82.570	136.1814
177.500000	82.484	136.6274
180.000000	82.399	137.1074
182.500000	82.315	137.8219
185.000000	82.225	138.5523
187.500000	82.136	139.2354
190.000000	82.065	139.8343
192.500000	82.005	140.4025
195.000000	81.943	141.0413
197.500000	81.883	141.6925
200.000000	81.819	142.2970
203.000000	81.745	143.0303
206.000000	81.685	143.7307
209.000000	81.635	144.3504
212.000000	81.586	144.9746
214.000000	81.558	145.4171
218.000000	81.495	146.3475
220.000000	81.464	146.8315
224.000000	81.421	147.6488
227.000000	81.398	148.1993
230.000000	81.376	148.7647
233.000000	81.352	149.2994
236.000000	81.329	149.8173
240.000000	81.301	150.4892
243.000000	81.280	150.9687
247.000000	81.251	151.5753
250.000000	81.228	152.0026
254.000000	81.208	152.5473
258.000000	81.201	153.1020
262.000000	81.188	153.7001
265.000000	81.171	154.0874
269.000000	81.150	154.5380
272.000000	81.138	154.8708
276.000000	81.126	155.3041
280.000000	81.110	155.7201
285.000000	81.089	156.2493
290.000000	81.065	156.7359
295.000000	81.043	157.1870
300.000000	81.023	157.6378
304.000000	81.010	157.9783
307.000000	81.002	158.2287
311.000000	80.991	158.5563
315.000000	80.977	158.8719
320.000000	80.959	159.2528
325.000000	80.940	159.6077
330.000000	80.919	159.9768
335.000000	80.899	160.3515
340.000000	80.882	160.6912
345.000000	80.863	160.9929
350.000000	80.843	161.3007
355.000000	80.821	161.6276
360.000000	80.801	161.9466
365.000000	80.784	162.2427
370.000000	80.767	162.5247
375.000000	80.745	162.8134
382.000000	80.715	163.2127
387.000000	80.694	163.5096
395.000000	80.662	163.9775
400.000000	80.643	164.2672
406.000000	80.620	164.6185
412.000000	80.598	164.9525
418.000000	80.577	165.2752
425.000000	80.556	165.6505
431.000000	80.538	165.9623
437.000000	80.519	166.2513
444.000000	80.497	166.5674
450.000000	80.477	166.8333
455.000000	80.459	167.0493
462.000000	80.431	167.3384
468.000000	80.406	167.5801
475.000000	80.377	167.8776
482.000000	80.347	168.1855
487.000000	80.326	168.4063
494.000000	80.296	168.7203
500.000000	80.268	169.0102
508.000000	80.231	169.3852
515.000000	80.200	169.7009
522.000000	80.168	170.0312
530.000000	80.134	170.4173
538.000000	80.101	170.8051
545.000000	80.072	171.1529
552.000000	80.042	171.5120
560.000000	80.009	171.9142
570.000000	79.968	172.4212
580.000000	79.929	172.9400
590.000000	79.889	173.4612
600.000000	79.853	173.9900
608.000000	79.826	174.4139
615.000000	79.802	174.7929
622.000000	79.778	175.1795
630.000000	79.752	175.6264
640.000000	79.722	176.1783
650.000000	79.692	176.7316
660.000000	79.664	177.2984
670.000000	79.637	177.8745
680.000000	79.612	178.4523
690.000000	79.590	179.0402
700.000000	79.568	179.6419
710.000000	79.549	-179.7673
720.000000	79.533	-179.1841
730.000000	79.519	-178.5833
740.000000	79.506	-177.9732
750.000000	79.494	-177.3658
762.000000	79.483	-176.6302
775.000000	79.476	-175.8199
788.000000	79.472	-174.9965
800.000000	79.473	-174.2298
812.000000	79.478	-173.4617
825.000000	79.488	-172.6300
838.000000	79.504	-171.7999
850.000000	79.524	-171.0372
862.000000	79.547	-170.2878
875.000000	79.577	-169.4809
885.000000	79.604	-168.8649
900.000000	79.648	-167.9539
912.000000	79.687	-167.2317
925.000000	79.735	-166.4649
938.000000	79.788	-165.7176
950.000000	79.841	-165.0448
962.000000	79.899	-164.3919
975.000000	79.965	-163.7093
988.000000	80.036	-163.0595
1000.000000	80.104	-162.4892
1015.000000	80.193	-161.8170
1030.000000	80.284	-161.1916
1044.000000	80.371	-160.6517
1060.000000	80.472	-160.0872
1075.000000	80.567	-159.6065
1090.000000	80.661	-159.1661
1106.000000	80.760	-158.7411
1120.000000	80.847	-158.4057
1138.000000	80.954	-158.0220
1150.000000	81.024	-157.7912
1172.000000	81.147	-157.4127
1180.000000	81.190	-157.2895
1206.000000	81.323	-156.9285
1220.000000	81.391	-156.7541
1241.000000	81.489	-156.5177
1250.000000	81.529	-156.4219
1265.000000	81.592	-156.2652
1280.000000	81.652	-156.1071
1315.000000	81.780	-155.7243
1320.000000	81.798	-155.6667
1340.000000	81.867	-155.4279
1360.000000	81.935	-155.1730
1380.000000	82.003	-154.9045
1400.000000	82.070	-154.6299
1430.000000	82.171	-154.2061
1450.000000	82.239	-153.9154
1475.000000	82.325	-153.5425
1500.000000	82.412	-153.1560
1525.000000	82.504	-152.7499
1550.000000	82.602	-152.3338
1575.000000	82.708	-151.9265
1600.000000	82.820	-151.5469
1625.000000	82.939	-151.2097
1650.000000	83.063	-150.9192
1675.000000	83.190	-150.6888
1700.000000	83.317	-150.5268
1725.000000	83.444	-150.4292
1750.000000	83.568	-150.3896
1775.000000	83.686	-150.3982
1800.000000	83.797	-150.4485
1825.000000	83.902	-150.5279
1850.000000	83.999	-150.6199
1875.000000	84.090	-150.7134
1900.000000	84.176	-150.8051
1925.000000	84.257	-150.8853
1950.000000	84.335	-150.9512
1975.000000	84.410	-151.0041
2000.000000	84.484	-151.0434
2030.000000	84.573	-151.0785
2060.000000	84.661	-151.1029
2090.000000	84.749	-151.1145
2120.000000	84.838	-151.1178
2140.000000	84.898	-151.1184
2180.000000	85.019	-151.1151
2200.000000	85.081	-151.1149
2240.000000	85.209	-151.1297
2270.000000	85.306	-151.1549
2300.000000	85.405	-151.1941
2330.000000	85.504	-151.2499
2360.000000	85.605	-151.3240
2400.000000	85.740	-151.4594
2430.000000	85.842	-151.5830
2470.000000	85.978	-151.7792
2500.000000	86.079	-151.9527
2540.000000	86.213	-152.2239
2580.000000	86.345	-152.5361
2620.000000	86.474	-152.8791
2650.000000	86.569	-153.1553
2690.000000	86.694	-153.5475
2720.000000	86.787	-153.8617
2760.000000	86.909	-154.3196
2800.000000	87.028	-154.8207
2850.000000	87.172	-155.5045
2900.000000	87.309	-156.2455
2950.000000	87.438	-157.0414
3000.000000	87.558	-157.8883
3040.000000	87.646	-158.5972
3070.000000	87.708	-159.1453
3110.000000	87.784	-159.8939
3150.000000	87.853	-160.6595
3200.000000	87.930	-161.6325
3250.000000	87.994	-162.6156
3300.000000	88.048	-163.6066
3350.000000	88.092	-164.6014
3400.000000	88.124	-165.5931
3450.000000	88.145	-166.5756
3500.000000	88.154	-167.5375
3550.000000	88.153	-168.4666
3600.000000	88.141	-169.3494
3650.000000	88.121	-170.1798
3700.000000	88.097	-170.9478
3750.000000	88.070	-171.6493
3820.000000	88.036	-172.5568
3870.000000	88.014	-173.1865
3950.000000	87.981	-174.1761
4000.000000	87.960	-174.8102
4060.000000	87.930	-175.5892
4120.000000	87.893	-176.3666
4180.000000	87.848	-177.1277
4250.000000	87.788	-177.9833
4310.000000	87.732	-178.6831
4370.000000	87.671	-179.3568
4440.000000	87.596	179.8947
4500.000000	87.528	179.2834
4550.000000	87.469	178.7909
4620.000000	87.385	178.1280
4680.000000	87.310	177.5868
4750.000000	87.220	176.9882
4820.000000	87.127	176.4240
4870.000000	87.059	176.0447
4940.000000	86.961	175.5435
5000.000000	86.876	175.1384
5080.000000	86.761	174.6397
5150.000000	86.659	174.2424
5220.000000	86.555	173.8815
5300.000000	86.437	173.5045
5380.000000	86.320	173.1709
5450.000000	86.217	172.9150
5520.000000	86.113	172.6962
5600.000000	85.995	172.4924
5700.000000	85.849	172.3101
5800.000000	85.704	172.2253
5900.000000	85.566	172.2489
6000.000000	85.438	172.3925
6080.000000	85.346	172.5803
6150.000000	85.276	172.7852
6220.000000	85.216	173.0287
6300.000000	85.161	173.3463
6400.000000	85.115	173.7721
6500.000000	85.096	174.1914
6600.000000	85.100	174.5875
6700.000000	85.129	174.9589
6800.000000	85.185	175.2817
6900.000000	85.270	175.5335
7000.000000	85.386	175.6926
7100.000000	85.538	175.7028
7200.000000	85.725	175.4647
7300.000000	85.940	174.8990
7400.000000	86.173	173.9609
7500.000000	86.411	172.6013
7620.000000	86.688	170.3723
7750.000000	86.949	167.1715
7880.000000	87.134	163.2045
8000.000000	87.210	158.8999
8120.000000	87.160	154.0933
8250.000000	86.934	148.5611
8380.000000	86.508	142.9847
8500.000000	85.930	138.1166
8620.000000	85.180	133.8723
8750.000000	84.208	130.3437
8850.000000	83.386	128.5330
9000.000000	82.095	127.3456
9120.000000	81.061	127.6719
9250.000000	79.987	129.1741
9380.000000	78.993	131.6283
9500.000000	78.157	134.5450
9620.000000	77.406	137.9221
9750.000000	76.685	141.8899
9880.000000	76.046	146.0726
10000.000000	75.519	150.0939
10150.000000	74.936	155.2797
10300.000000	74.432	160.5886
10440.000000	74.029	165.6383
10600.000000	73.647	171.4871
10750.000000	73.357	176.9550
10900.000000	73.123	-177.5963
11060.000000	72.936	-171.7864
11200.000000	72.823	-166.7060
11380.000000	72.748	-160.1991
11500.000000	72.743	-155.8863
11720.000000	72.831	-148.0432
11800.000000	72.895	-145.2201
12060.000000	73.227	-136.1738
12200.000000	73.489	-131.4004
12410.000000	74.003	-124.3914
12500.000000	74.271	-121.4477
12650.000000	74.791	-116.6427
12800.000000	75.409	-111.9852
13150.000000	77.323	-101.9289
13200.000000	77.662	-100.6258
13400.000000	79.230	-95.9430
13600.000000	81.225	-92.6232
13800.000000	83.770	-92.0365
14000.000000	86.803	-96.8934
14300.000000	90.833	-120.6207
14500.000000	91.672	-145.1730
14750.000000	90.081	-172.0365
15000.000000	87.196	174.6987
15250.000000	84.742	172.1630
15500.000000	83.180	174.4235
15750.000000	82.343	178.1553
16000.000000	82.049	-178.1576
16250.000000	82.190	-175.5337
16500.000000	82.665	-175.0406
16750.000000	83.304	-177.8194
17000.000000	83.804	175.4915
17250.000000	83.800	165.6904
17500.000000	83.072	155.1832
17750.000000	81.700	146.6438
18000.000000	79.984	141.4535
18250.000000	78.238	139.4308
18500.000000	76.663	139.5827
18750.000000	75.348	140.7933
19000.000000	74.310	142.1019
19250.000000	73.517	142.7358
19500.000000	72.903	142.1362
19750.000000	72.407	140.2241
20000.000000	72.105	138.1618
