* Measurement data measured by REW V5.31.3
* Source: Microphone (JadeAudio JA11), MICROPHONE (Master Volume), L, volume: 0.250
* Format: 512k Log Swept Sine, 1 sweep at -13.3 dBFS with no timing reference
* Dated: Jun 13, 2025 6:02:19 PM
* REW Settings:
*  C-weighting compensation: Off
*  Target level: 75.0 dB
* Note: 
* Measurement: L Zero ("AET07")
* Smoothing: 1/24 octave
* Frequency Step: 1/48 octave
* Start Frequency: 20.300 Hz
*
* Freq(Hz)	SPL(dB)	Phase(degrees)
20.299999	83.749	-136.4043
20.600000	83.822	-136.7845
20.900000	83.904	-137.2148
21.200001	83.985	-137.6386
21.400000	84.038	-137.9146
21.799999	84.141	-138.4516
22.000000	84.190	-138.7182
22.400000	84.279	-139.2943
22.700001	84.342	-139.7197
23.000000	84.401	-140.1367
23.299999	84.459	-140.5812
23.600000	84.516	-141.0087
24.000000	84.591	-141.5552
24.299999	84.645	-142.0032
24.700001	84.714	-142.6147
25.000000	84.764	-143.0872
25.400000	84.831	-143.7785
25.799999	84.898	-144.4626
26.200001	84.966	-145.1273
26.500000	85.016	-145.6100
26.900000	85.083	-146.2287
27.200001	85.133	-146.6828
27.600000	85.200	-147.2879
28.000000	85.267	-147.8940
28.500000	85.349	-148.6227
29.000000	85.426	-149.3175
29.500000	85.497	-149.9721
30.000000	85.565	-150.6107
30.400000	85.621	-151.1198
30.700001	85.663	-151.4963
31.100000	85.716	-151.9919
31.500000	85.762	-152.4886
32.000000	85.811	-153.0975
32.500000	85.855	-153.7409
33.000000	85.899	-154.3922
33.500000	85.947	-155.0660
34.000000	85.995	-155.7143
34.500000	86.040	-156.3430
35.000000	86.081	-156.9507
35.500000	86.121	-157.5792
36.000000	86.161	-158.2386
36.500000	86.202	-158.9138
37.000000	86.242	-159.5679
37.500000	86.281	-160.1724
38.200001	86.334	-160.9689
38.700001	86.370	-161.5318
39.500000	86.428	-162.4176
40.000000	86.461	-162.9369
40.599998	86.494	-163.5560
41.200001	86.519	-164.2113
41.799999	86.542	-164.9040
42.500000	86.572	-165.6888
43.099998	86.596	-166.3214
43.700001	86.617	-166.9554
44.400002	86.649	-167.6890
45.000000	86.686	-168.2772
45.500000	86.715	-168.7509
46.200001	86.736	-169.4575
46.799999	86.737	-170.1175
47.500000	86.741	-170.8769
48.200001	86.757	-171.5785
48.700001	86.772	-172.0657
49.400002	86.788	-172.7482
50.000000	86.800	-173.3153
50.799999	86.813	-174.0559
51.500000	86.821	-174.7198
52.200001	86.830	-175.3891
53.000000	86.838	-176.1345
53.799999	86.841	-176.8580
54.500000	86.845	-177.4697
55.200001	86.847	-178.0891
56.000000	86.844	-178.7879
57.000000	86.855	-179.5562
58.000000	86.852	179.6015
59.000000	86.899	178.9516
60.000000	86.978	178.5060
60.799999	86.931	177.6874
61.500000	86.852	176.7880
62.200001	86.814	176.0856
63.000000	86.805	175.4664
64.000000	86.783	174.6436
65.000000	86.765	173.8679
66.000000	86.744	173.1111
67.000000	86.724	172.3510
68.000000	86.703	171.6023
69.000000	86.682	170.8699
70.000000	86.659	170.1517
71.000000	86.628	169.4227
72.000000	86.599	168.7179
73.000000	86.569	168.0394
74.000000	86.537	167.3896
75.000000	86.504	166.7601
76.199997	86.463	165.9530
77.500000	86.415	165.0669
78.800003	86.365	164.2498
80.000000	86.325	163.5300
81.199997	86.286	162.7982
82.500000	86.236	162.0175
83.800003	86.183	161.2354
85.000000	86.130	160.5081
86.199997	86.076	159.8249
87.500000	86.021	159.1122
88.500000	85.976	158.5565
90.000000	85.898	157.7186
91.199997	85.833	157.0826
92.500000	85.763	156.3942
93.800003	85.698	155.6789
95.000000	85.641	155.0652
96.199997	85.583	154.4961
97.500000	85.516	153.8801
98.800003	85.443	153.2408
100.000000	85.372	152.6625
101.500000	85.287	151.9522
103.000000	85.203	151.2498
104.400002	85.123	150.6236
106.000000	85.028	149.9467
107.500000	84.935	149.3159
109.000000	84.841	148.6754
110.599998	84.746	148.0009
112.000000	84.660	147.4111
113.800003	84.540	146.6721
115.000000	84.460	146.2168
117.199997	84.311	145.4665
118.000000	84.257	145.1992
120.599998	84.081	144.3687
122.000000	83.977	143.9109
124.099998	83.819	143.2234
125.000000	83.753	142.9210
126.500000	83.648	142.4527
128.000000	83.543	142.0508
131.500000	83.284	141.1257
132.000000	83.247	141.0014
134.000000	83.103	140.5306
136.000000	82.958	140.0172
138.000000	82.799	139.5053
140.000000	82.646	139.0065
143.000000	82.409	138.5341
145.000000	82.240	138.2642
147.500000	82.026	137.9599
150.000000	81.825	137.6275
152.500000	81.622	137.3313
155.000000	81.418	137.1231
157.500000	81.220	136.9483
160.000000	81.014	136.8283
162.500000	80.804	136.7948
165.000000	80.598	136.7978
167.500000	80.391	136.8289
170.000000	80.191	136.8950
172.500000	79.990	137.0378
175.000000	79.790	137.2492
177.500000	79.599	137.4933
180.000000	79.411	137.7974
182.500000	79.218	138.2088
185.000000	79.023	138.6499
187.500000	78.833	139.0685
190.000000	78.653	139.5417
192.500000	78.477	140.0862
195.000000	78.305	140.7381
197.500000	78.139	141.4777
200.000000	77.976	142.2577
203.000000	77.800	143.1302
206.000000	77.643	143.9987
209.000000	77.480	144.9733
212.000000	77.328	145.9849
214.000000	77.239	146.5712
218.000000	77.058	147.7831
220.000000	76.974	148.4537
224.000000	76.836	149.7680
227.000000	76.746	150.8046
230.000000	76.659	151.9246
233.000000	76.578	153.0504
236.000000	76.506	154.0521
240.000000	76.430	155.3574
243.000000	76.400	156.3943
247.000000	76.387	157.6371
250.000000	76.373	158.5753
254.000000	76.348	159.8865
258.000000	76.342	161.0845
262.000000	76.335	162.0654
265.000000	76.329	162.6746
269.000000	76.331	163.6011
272.000000	76.334	164.3661
276.000000	76.339	165.2784
280.000000	76.345	166.1096
285.000000	76.351	167.0651
290.000000	76.374	167.9499
295.000000	76.409	168.8569
300.000000	76.446	169.6473
304.000000	76.469	170.2349
307.000000	76.484	170.6151
311.000000	76.504	171.1282
315.000000	76.524	171.6244
320.000000	76.547	172.1935
325.000000	76.563	172.7690
330.000000	76.579	173.3144
335.000000	76.601	173.7996
340.000000	76.628	174.2281
345.000000	76.642	174.7119
350.000000	76.652	175.1666
355.000000	76.665	175.5820
360.000000	76.673	176.0325
365.000000	76.683	176.4612
370.000000	76.698	176.8723
375.000000	76.712	177.2392
382.000000	76.731	177.7181
387.000000	76.742	178.0580
395.000000	76.754	178.5907
400.000000	76.760	178.9276
406.000000	76.766	179.3205
412.000000	76.767	179.7044
418.000000	76.770	-179.9195
425.000000	76.773	-179.4798
431.000000	76.775	-179.0959
437.000000	76.775	-178.7174
444.000000	76.774	-178.3001
450.000000	76.775	-177.9254
455.000000	76.774	-177.6069
462.000000	76.771	-177.1740
468.000000	76.768	-176.8006
475.000000	76.767	-176.3539
482.000000	76.768	-175.9146
487.000000	76.768	-175.5975
494.000000	76.768	-175.1544
500.000000	76.768	-174.7820
508.000000	76.771	-174.2613
515.000000	76.772	-173.8057
522.000000	76.772	-173.3728
530.000000	76.774	-172.8974
538.000000	76.775	-172.4018
545.000000	76.776	-171.9513
552.000000	76.777	-171.5062
560.000000	76.780	-170.9895
570.000000	76.786	-170.3144
580.000000	76.796	-169.6675
590.000000	76.808	-169.0289
600.000000	76.821	-168.3937
608.000000	76.833	-167.8789
615.000000	76.842	-167.4312
622.000000	76.852	-166.9830
630.000000	76.864	-166.4640
640.000000	76.881	-165.8292
650.000000	76.901	-165.1936
660.000000	76.921	-164.5485
670.000000	76.944	-163.9104
680.000000	76.971	-163.2680
690.000000	76.999	-162.6190
700.000000	77.030	-161.9841
710.000000	77.064	-161.3555
720.000000	77.100	-160.7331
730.000000	77.139	-160.1112
740.000000	77.179	-159.4948
750.000000	77.221	-158.8862
762.000000	77.273	-158.1606
775.000000	77.333	-157.3917
788.000000	77.397	-156.6319
800.000000	77.458	-155.9469
812.000000	77.522	-155.2805
825.000000	77.594	-154.5654
838.000000	77.670	-153.8616
850.000000	77.741	-153.2260
862.000000	77.817	-152.6145
875.000000	77.903	-151.9726
885.000000	77.971	-151.4902
900.000000	78.075	-150.7885
912.000000	78.160	-150.2527
925.000000	78.254	-149.6952
938.000000	78.350	-149.1595
950.000000	78.441	-148.6847
962.000000	78.533	-148.2302
975.000000	78.634	-147.7652
988.000000	78.736	-147.3287
1000.000000	78.831	-146.9517
1015.000000	78.951	-146.5188
1030.000000	79.073	-146.1255
1044.000000	79.186	-145.7980
1060.000000	79.314	-145.4618
1075.000000	79.433	-145.1826
1090.000000	79.549	-144.9397
1106.000000	79.670	-144.7132
1120.000000	79.773	-144.5366
1138.000000	79.903	-144.3366
1150.000000	79.988	-144.2189
1172.000000	80.139	-144.0379
1180.000000	80.193	-143.9810
1206.000000	80.364	-143.8268
1220.000000	80.453	-143.7596
1241.000000	80.581	-143.6831
1250.000000	80.635	-143.6569
1265.000000	80.722	-143.6189
1280.000000	80.807	-143.5872
1315.000000	80.994	-143.5330
1320.000000	81.020	-143.5265
1340.000000	81.120	-143.5006
1360.000000	81.217	-143.4700
1380.000000	81.310	-143.4338
1400.000000	81.401	-143.3929
1430.000000	81.533	-143.3220
1450.000000	81.620	-143.2664
1475.000000	81.727	-143.1900
1500.000000	81.834	-143.0997
1525.000000	81.940	-143.0008
1550.000000	82.047	-142.8957
1575.000000	82.154	-142.7843
1600.000000	82.261	-142.6701
1625.000000	82.370	-142.5565
1650.000000	82.481	-142.4460
1675.000000	82.593	-142.3394
1700.000000	82.707	-142.2406
1725.000000	82.822	-142.1511
1750.000000	82.939	-142.0706
1775.000000	83.057	-142.0033
1800.000000	83.175	-141.9427
1825.000000	83.296	-141.8895
1850.000000	83.419	-141.8534
1875.000000	83.544	-141.8381
1900.000000	83.670	-141.8427
1925.000000	83.797	-141.8669
1950.000000	83.926	-141.9112
1975.000000	84.056	-141.9775
2000.000000	84.187	-142.0688
2030.000000	84.345	-142.2101
2060.000000	84.504	-142.3865
2090.000000	84.663	-142.6007
2120.000000	84.821	-142.8533
2140.000000	84.926	-143.0423
2180.000000	85.137	-143.4675
2200.000000	85.242	-143.7067
2240.000000	85.451	-144.2502
2270.000000	85.607	-144.7090
2300.000000	85.760	-145.2115
2330.000000	85.910	-145.7559
2360.000000	86.058	-146.3422
2400.000000	86.249	-147.1878
2430.000000	86.388	-147.8707
2470.000000	86.566	-148.8444
2500.000000	86.694	-149.6201
2540.000000	86.855	-150.7068
2580.000000	87.006	-151.8489
2620.000000	87.147	-153.0441
2650.000000	87.245	-153.9726
2690.000000	87.365	-155.2486
2720.000000	87.447	-156.2304
2760.000000	87.544	-157.5657
2800.000000	87.628	-158.9262
2850.000000	87.713	-160.6529
2900.000000	87.777	-162.3929
2950.000000	87.819	-164.1317
3000.000000	87.839	-165.8524
3040.000000	87.840	-167.2047
3070.000000	87.832	-168.1998
3110.000000	87.811	-169.4926
3150.000000	87.778	-170.7373
3200.000000	87.725	-172.2182
3250.000000	87.660	-173.6244
3300.000000	87.584	-174.9593
3350.000000	87.498	-176.2195
3400.000000	87.402	-177.4014
3450.000000	87.298	-178.5009
3500.000000	87.188	-179.5180
3550.000000	87.073	179.5453
3600.000000	86.954	178.6880
3650.000000	86.832	177.9095
3700.000000	86.708	177.2065
3750.000000	86.582	176.5742
3820.000000	86.405	175.8075
3870.000000	86.280	175.3362
3950.000000	86.083	174.7052
4000.000000	85.963	174.3863
4060.000000	85.824	174.0705
4120.000000	85.689	173.8215
4180.000000	85.559	173.6362
4250.000000	85.416	173.4849
4310.000000	85.299	173.4027
4370.000000	85.187	173.3524
4440.000000	85.063	173.3344
4500.000000	84.963	173.3530
4550.000000	84.884	173.3870
4620.000000	84.781	173.4555
4680.000000	84.700	173.5300
4750.000000	84.612	173.6290
4820.000000	84.531	173.7387
4870.000000	84.478	173.8210
4940.000000	84.408	173.9373
5000.000000	84.353	174.0337
5080.000000	84.285	174.1551
5150.000000	84.231	174.2550
5220.000000	84.181	174.3463
5300.000000	84.129	174.4301
5380.000000	84.081	174.4872
5450.000000	84.040	174.5186
5520.000000	83.998	174.5419
5600.000000	83.951	174.5777
5700.000000	83.893	174.6458
5800.000000	83.840	174.7480
5900.000000	83.795	174.8868
6000.000000	83.759	175.0469
6080.000000	83.737	175.1896
6150.000000	83.723	175.3330
6220.000000	83.715	175.4968
6300.000000	83.716	175.7023
6400.000000	83.734	175.9693
6500.000000	83.771	176.2382
6600.000000	83.830	176.5007
6700.000000	83.914	176.7404
6800.000000	84.026	176.9361
6900.000000	84.171	177.0560
7000.000000	84.351	177.0607
7100.000000	84.569	176.9024
7200.000000	84.827	176.5132
7300.000000	85.124	175.8246
7400.000000	85.456	174.7844
7500.000000	85.826	173.3292
7620.000000	86.327	170.8426
7750.000000	86.927	166.8177
7880.000000	87.519	160.8005
8000.000000	87.919	153.1188
8120.000000	87.997	143.6927
8250.000000	87.567	132.7811
8380.000000	86.599	122.9117
8500.000000	85.362	115.8919
8620.000000	83.967	111.2088
8750.000000	82.432	108.4871
8850.000000	81.296	107.7183
9000.000000	79.708	108.1535
9120.000000	78.547	109.5062
9250.000000	77.399	111.6895
9380.000000	76.353	114.4247
9500.000000	75.470	117.3157
9620.000000	74.659	120.4737
9750.000000	73.853	124.1255
9880.000000	73.114	127.9686
10000.000000	72.485	131.6536
10150.000000	71.768	136.4015
10300.000000	71.121	141.2787
10440.000000	70.577	145.9204
10600.000000	70.019	151.2918
10750.000000	69.556	156.3510
10900.000000	69.147	161.4042
11060.000000	68.767	166.7514
11200.000000	68.476	171.3556
11380.000000	68.146	177.1254
11500.000000	67.942	-179.1277
11720.000000	67.575	-172.2834
11800.000000	67.442	-169.7045
12060.000000	67.067	-160.5812
12200.000000	66.954	-155.2290
12410.000000	66.945	-147.0327
12500.000000	66.999	-143.5548
12650.000000	67.159	-137.8497
12800.000000	67.402	-132.2517
13150.000000	68.360	-119.6138
13200.000000	68.550	-117.8965
13400.000000	69.454	-111.4486
13600.000000	70.598	-106.0676
13800.000000	71.955	-102.1874
14000.000000	73.497	-100.0204
14300.000000	76.178	-100.6600
14500.000000	78.194	-104.9736
14750.000000	80.609	-117.0823
15000.000000	82.061	-136.7013
15250.000000	81.855	-158.4028
15500.000000	80.277	-175.0036
15750.000000	78.236	175.8991
16000.000000	76.390	172.2582
16250.000000	74.909	171.3696
16500.000000	73.727	171.4698
16750.000000	72.715	171.6465
17000.000000	71.751	171.5458
17250.000000	70.727	171.2043
17500.000000	69.566	170.9487
17750.000000	68.230	171.2725
18000.000000	66.728	172.7041
18250.000000	65.112	175.5638
18500.000000	63.440	179.8805
18750.000000	61.758	-174.4217
19000.000000	60.096	-167.4560
19250.000000	58.475	-159.3550
19500.000000	56.930	-150.2808
19750.000000	55.551	-140.6028
20000.000000	54.691	-132.5291
