* Measurement data measured by REW V5.31.3
* Source: Microphone (JadeAudio JA11), MICROPHONE (Master Volume), L, volume: 0.000
* Format: 512k Log Swept Sine, 1 sweep at -8.9 dBFS with no timing reference
* Dated: May 24, 2025 12:29:15 AM
* REW Settings:
*  C-weighting compensation: Off
*  Target level: 75.0 dB
* Note: 
* Measurement: L Hexa (T300B 2)
* Smoothing: 1/24 octave
* Frequency Step: 1/48 octave
* Start Frequency: 20.300 Hz
*
* Freq(Hz)	SPL(dB)	Phase(degrees)
20.299999	95.309	-16.0543
20.600000	95.284	-16.3846
20.900000	95.253	-16.7666
21.200001	95.222	-17.1441
21.400000	95.201	-17.3877
21.799999	95.160	-17.8480
22.000000	95.137	-18.0674
22.400000	95.088	-18.5305
22.700001	95.047	-18.8597
23.000000	95.004	-19.1788
23.299999	94.961	-19.5306
23.600000	94.917	-19.8737
24.000000	94.860	-20.3138
24.299999	94.818	-20.6758
24.700001	94.761	-21.1463
25.000000	94.718	-21.4882
25.400000	94.662	-21.9785
25.799999	94.608	-22.4508
26.200001	94.558	-22.9129
26.500000	94.522	-23.2529
26.900000	94.475	-23.6861
27.200001	94.441	-23.9958
27.600000	94.396	-24.3929
28.000000	94.352	-24.7756
28.500000	94.298	-25.2198
29.000000	94.243	-25.6382
29.500000	94.187	-26.0186
30.000000	94.129	-26.3707
30.400000	94.081	-26.6401
30.700001	94.044	-26.8346
31.100000	93.994	-27.0900
31.500000	93.942	-27.3513
32.000000	93.876	-27.6651
32.500000	93.810	-27.9971
33.000000	93.743	-28.3133
33.500000	93.677	-28.6418
34.000000	93.612	-28.9616
34.500000	93.548	-29.2948
35.000000	93.486	-29.6242
35.500000	93.424	-29.9509
36.000000	93.364	-30.2572
36.500000	93.304	-30.5422
37.000000	93.246	-30.8118
37.500000	93.188	-31.0683
38.200001	93.108	-31.4164
38.700001	93.051	-31.6495
39.500000	92.961	-31.9958
40.000000	92.904	-32.1967
40.599998	92.834	-32.4374
41.200001	92.764	-32.6745
41.799999	92.694	-32.9108
42.500000	92.612	-33.1807
43.099998	92.543	-33.4060
43.700001	92.474	-33.6350
44.400002	92.396	-33.8966
45.000000	92.330	-34.1105
45.500000	92.277	-34.2813
46.200001	92.204	-34.5086
46.799999	92.140	-34.6920
47.500000	92.063	-34.8931
48.200001	91.988	-35.0823
48.700001	91.935	-35.2134
49.400002	91.863	-35.3938
50.000000	91.801	-35.5410
50.799999	91.719	-35.7304
51.500000	91.647	-35.8910
52.200001	91.575	-36.0472
53.000000	91.495	-36.2160
53.799999	91.415	-36.3749
54.500000	91.347	-36.5062
55.200001	91.278	-36.6356
56.000000	91.200	-36.7757
57.000000	91.103	-36.9181
58.000000	91.008	-37.0563
59.000000	90.925	-37.1662
60.000000	90.851	-37.2470
60.799999	90.773	-37.3770
61.500000	90.699	-37.5137
62.200001	90.632	-37.6184
63.000000	90.562	-37.7026
64.000000	90.475	-37.7972
65.000000	90.390	-37.8763
66.000000	90.305	-37.9544
67.000000	90.220	-38.0326
68.000000	90.138	-38.1028
69.000000	90.057	-38.1626
70.000000	89.977	-38.2103
71.000000	89.898	-38.2534
72.000000	89.820	-38.2901
73.000000	89.742	-38.3176
74.000000	89.666	-38.3430
75.000000	89.591	-38.3643
76.199997	89.501	-38.3861
77.500000	89.407	-38.4066
78.800003	89.313	-38.4237
80.000000	89.229	-38.4269
81.199997	89.146	-38.4228
82.500000	89.058	-38.4129
83.800003	88.971	-38.3848
85.000000	88.893	-38.3598
86.199997	88.815	-38.3348
87.500000	88.731	-38.3008
88.500000	88.668	-38.2731
90.000000	88.574	-38.2252
91.199997	88.500	-38.1835
92.500000	88.421	-38.1310
93.800003	88.344	-38.0662
95.000000	88.275	-38.0141
96.199997	88.205	-37.9631
97.500000	88.130	-37.9001
98.800003	88.057	-37.8251
100.000000	87.991	-37.7509
101.500000	87.909	-37.6566
103.000000	87.829	-37.5594
104.400002	87.755	-37.4701
106.000000	87.671	-37.3649
107.500000	87.594	-37.2585
109.000000	87.519	-37.1448
110.599998	87.441	-37.0236
112.000000	87.374	-36.9128
113.800003	87.289	-36.7733
115.000000	87.232	-36.6793
117.199997	87.130	-36.5029
118.000000	87.093	-36.4371
120.599998	86.975	-36.2066
122.000000	86.915	-36.0654
124.099998	86.825	-35.8542
125.000000	86.787	-35.7644
126.500000	86.722	-35.6178
128.000000	86.658	-35.4707
131.500000	86.513	-35.1136
132.000000	86.493	-35.0604
134.000000	86.413	-34.8417
136.000000	86.333	-34.6076
138.000000	86.256	-34.3292
140.000000	86.183	-34.0381
143.000000	86.079	-33.6457
145.000000	86.010	-33.4149
147.500000	85.928	-33.1112
150.000000	85.853	-32.7977
152.500000	85.784	-32.3749
155.000000	85.730	-31.8821
157.500000	85.691	-31.4542
160.000000	85.659	-31.1851
162.500000	85.620	-31.0263
165.000000	85.567	-30.9279
167.500000	85.506	-30.8142
170.000000	85.440	-30.6553
172.500000	85.375	-30.4519
175.000000	85.316	-30.2264
177.500000	85.258	-30.0018
180.000000	85.199	-29.8022
182.500000	85.139	-29.5871
185.000000	85.079	-29.3266
187.500000	85.023	-29.0402
190.000000	84.972	-28.7604
192.500000	84.925	-28.5339
195.000000	84.879	-28.3100
197.500000	84.831	-28.0801
200.000000	84.783	-27.8421
203.000000	84.723	-27.5281
206.000000	84.663	-27.2131
209.000000	84.620	-26.9090
212.000000	84.579	-26.6072
214.000000	84.547	-26.4288
218.000000	84.482	-26.1003
220.000000	84.449	-25.9448
224.000000	84.385	-25.6216
227.000000	84.339	-25.3572
230.000000	84.295	-25.0759
233.000000	84.252	-24.8014
236.000000	84.210	-24.5453
240.000000	84.155	-24.2002
243.000000	84.115	-23.9334
247.000000	84.062	-23.5776
250.000000	84.023	-23.3109
254.000000	83.976	-22.9636
258.000000	83.929	-22.6284
262.000000	83.881	-22.3044
265.000000	83.847	-22.0572
269.000000	83.802	-21.7195
272.000000	83.770	-21.4737
276.000000	83.729	-21.1510
280.000000	83.688	-20.8209
285.000000	83.638	-20.4215
290.000000	83.590	-20.0245
295.000000	83.543	-19.6316
300.000000	83.498	-19.2404
304.000000	83.464	-18.9272
307.000000	83.439	-18.6983
311.000000	83.406	-18.3974
315.000000	83.374	-18.0938
320.000000	83.336	-17.7187
325.000000	83.299	-17.3521
330.000000	83.263	-16.9908
335.000000	83.228	-16.6290
340.000000	83.194	-16.2734
345.000000	83.161	-15.9183
350.000000	83.129	-15.5598
355.000000	83.097	-15.2129
360.000000	83.066	-14.8787
365.000000	83.036	-14.5467
370.000000	83.008	-14.2139
375.000000	82.980	-13.8817
382.000000	82.942	-13.4172
387.000000	82.916	-13.0929
395.000000	82.876	-12.5804
400.000000	82.851	-12.2614
406.000000	82.822	-11.8786
412.000000	82.795	-11.5026
418.000000	82.769	-11.1297
425.000000	82.740	-10.6967
431.000000	82.716	-10.3348
437.000000	82.692	-9.9880
444.000000	82.664	-9.5790
450.000000	82.641	-9.2237
455.000000	82.622	-8.9298
462.000000	82.596	-8.5215
468.000000	82.574	-8.1745
475.000000	82.548	-7.7725
482.000000	82.523	-7.3717
487.000000	82.505	-7.0897
494.000000	82.482	-6.6961
500.000000	82.463	-6.3544
508.000000	82.438	-5.9027
515.000000	82.417	-5.5109
522.000000	82.398	-5.1199
530.000000	82.376	-4.6733
538.000000	82.355	-4.2324
545.000000	82.337	-3.8466
552.000000	82.319	-3.4584
560.000000	82.298	-3.0145
570.000000	82.274	-2.4604
580.000000	82.251	-1.9084
590.000000	82.229	-1.3569
600.000000	82.211	-0.8099
608.000000	82.196	-0.3719
615.000000	82.184	0.0117
622.000000	82.172	0.3954
630.000000	82.159	0.8323
640.000000	82.143	1.3743
650.000000	82.127	1.9192
660.000000	82.110	2.4645
670.000000	82.095	3.0182
680.000000	82.080	3.5868
690.000000	82.066	4.1659
700.000000	82.055	4.7536
710.000000	82.047	5.3484
720.000000	82.041	5.9500
730.000000	82.038	6.5529
740.000000	82.038	7.1549
750.000000	82.040	7.7572
762.000000	82.045	8.4791
775.000000	82.053	9.2607
788.000000	82.066	10.0421
800.000000	82.081	10.7682
812.000000	82.098	11.4896
825.000000	82.121	12.2685
838.000000	82.149	13.0468
850.000000	82.179	13.7618
862.000000	82.212	14.4711
875.000000	82.252	15.2290
885.000000	82.286	15.8056
900.000000	82.343	16.6547
912.000000	82.392	17.3179
925.000000	82.450	18.0186
938.000000	82.512	18.6954
950.000000	82.575	19.2977
962.000000	82.640	19.8759
975.000000	82.713	20.4752
988.000000	82.788	21.0451
1000.000000	82.861	21.5413
1015.000000	82.954	22.1225
1030.000000	83.049	22.6577
1044.000000	83.140	23.1129
1060.000000	83.244	23.5824
1075.000000	83.343	23.9756
1090.000000	83.440	24.3231
1106.000000	83.541	24.6451
1120.000000	83.627	24.8923
1138.000000	83.735	25.1679
1150.000000	83.804	25.3263
1172.000000	83.926	25.5641
1180.000000	83.969	25.6362
1206.000000	84.101	25.8275
1220.000000	84.167	25.9092
1241.000000	84.260	26.0055
1250.000000	84.297	26.0426
1265.000000	84.356	26.1005
1280.000000	84.412	26.1552
1315.000000	84.528	26.2696
1320.000000	84.544	26.2855
1340.000000	84.601	26.3529
1360.000000	84.655	26.4300
1380.000000	84.706	26.5157
1400.000000	84.753	26.6116
1430.000000	84.819	26.7796
1450.000000	84.861	26.9091
1475.000000	84.911	27.0856
1500.000000	84.958	27.2841
1525.000000	85.004	27.5021
1550.000000	85.051	27.7398
1575.000000	85.097	27.9926
1600.000000	85.142	28.2619
1625.000000	85.189	28.5436
1650.000000	85.236	28.8392
1675.000000	85.284	29.1479
1700.000000	85.333	29.4656
1725.000000	85.383	29.7899
1750.000000	85.435	30.1228
1775.000000	85.489	30.4618
1800.000000	85.544	30.8089
1825.000000	85.601	31.1600
1850.000000	85.661	31.5146
1875.000000	85.723	31.8704
1900.000000	85.788	32.2266
1925.000000	85.855	32.5813
1950.000000	85.924	32.9340
1975.000000	85.995	33.2825
2000.000000	86.069	33.6270
2030.000000	86.159	34.0388
2060.000000	86.254	34.4456
2090.000000	86.353	34.8435
2120.000000	86.456	35.2281
2140.000000	86.527	35.4761
2180.000000	86.673	35.9543
2200.000000	86.748	36.1840
2240.000000	86.904	36.6157
2270.000000	87.025	36.9166
2300.000000	87.152	37.1960
2330.000000	87.282	37.4502
2360.000000	87.415	37.6750
2400.000000	87.599	37.9278
2430.000000	87.741	38.0830
2470.000000	87.934	38.2405
2500.000000	88.083	38.3155
2540.000000	88.285	38.3503
2580.000000	88.493	38.3097
2620.000000	88.705	38.1909
2650.000000	88.867	38.0450
2690.000000	89.087	37.7647
2720.000000	89.255	37.4860
2760.000000	89.480	37.0164
2800.000000	89.707	36.4205
2850.000000	89.989	35.4739
2900.000000	90.264	34.2833
2950.000000	90.525	32.8394
3000.000000	90.765	31.1382
3040.000000	90.935	29.5946
3070.000000	91.048	28.3333
3110.000000	91.172	26.5230
3150.000000	91.263	24.5823
3200.000000	91.322	22.0232
3250.000000	91.311	19.3955
3300.000000	91.225	16.8087
3350.000000	91.065	14.3891
3400.000000	90.835	12.2590
3450.000000	90.546	10.5377
3500.000000	90.213	9.3241
3550.000000	89.856	8.6947
3600.000000	89.496	8.6981
3650.000000	89.159	9.3597
3700.000000	88.876	10.6593
3750.000000	88.681	12.4772
3820.000000	88.599	15.4507
3870.000000	88.683	17.4768
3950.000000	89.009	19.8398
4000.000000	89.278	20.5591
4060.000000	89.609	20.6463
4120.000000	89.911	20.0198
4180.000000	90.156	18.8706
4250.000000	90.355	17.1405
4310.000000	90.453	15.5240
4370.000000	90.492	13.9181
4440.000000	90.476	12.1684
4500.000000	90.424	10.8297
4550.000000	90.360	9.8425
4620.000000	90.249	8.6608
4680.000000	90.142	7.8255
4750.000000	90.009	7.0364
4820.000000	89.872	6.4234
4870.000000	89.775	6.0823
4940.000000	89.639	5.7248
5000.000000	89.526	5.5162
5080.000000	89.380	5.3617
5150.000000	89.258	5.3277
5220.000000	89.143	5.3739
5300.000000	89.018	5.5084
5380.000000	88.902	5.7208
5450.000000	88.808	5.9673
5520.000000	88.720	6.2669
5600.000000	88.628	6.6700
5700.000000	88.525	7.2588
5800.000000	88.437	7.9447
5900.000000	88.369	8.7320
6000.000000	88.325	9.6027
6080.000000	88.312	10.3372
6150.000000	88.316	10.9918
6220.000000	88.335	11.6451
6300.000000	88.373	12.3784
6400.000000	88.446	13.2596
6500.000000	88.546	14.0908
6600.000000	88.674	14.8624
6700.000000	88.833	15.5634
6800.000000	89.025	16.1818
6900.000000	89.256	16.6898
7000.000000	89.530	17.0356
7100.000000	89.852	17.1443
7200.000000	90.221	16.9241
7300.000000	90.635	16.2797
7400.000000	91.088	15.1066
7500.000000	91.570	13.2847
7620.000000	92.165	10.0383
7750.000000	92.774	4.9610
7880.000000	93.235	-1.8909
8000.000000	93.423	-9.3637
8120.000000	93.362	-17.4069
8250.000000	92.968	-26.4358
8380.000000	92.166	-34.7312
8500.000000	91.145	-40.6761
8620.000000	89.999	-44.6815
8750.000000	88.742	-47.0633
8850.000000	87.812	-47.7709
9000.000000	86.520	-47.4482
9120.000000	85.587	-46.3051
9250.000000	84.676	-44.4332
9380.000000	83.864	-42.0807
9500.000000	83.196	-39.5928
9620.000000	82.601	-36.8778
9750.000000	82.031	-33.7517
9880.000000	81.534	-30.4903
10000.000000	81.135	-27.4035
10150.000000	80.715	-23.5036
10300.000000	80.375	-19.6161
10440.000000	80.124	-16.0550
10600.000000	79.909	-12.1431
10750.000000	79.771	-8.7011
10900.000000	79.681	-5.5410
11060.000000	79.622	-2.5305
11200.000000	79.584	-0.1786
11380.000000	79.546	2.5489
11500.000000	79.526	4.1541
11720.000000	79.472	6.6555
11800.000000	79.440	7.4769
12060.000000	79.288	10.1032
12200.000000	79.187	11.6105
12410.000000	79.034	14.1245
12500.000000	78.977	15.3171
12650.000000	78.904	17.4632
12800.000000	78.875	19.7901
13150.000000	79.068	25.3810
13200.000000	79.127	26.1201
13400.000000	79.428	28.8007
13600.000000	79.822	31.0024
13800.000000	80.301	32.6710
14000.000000	80.855	33.7189
14300.000000	81.802	33.9950
14500.000000	82.499	33.2358
14750.000000	83.433	31.0055
15000.000000	84.430	26.9977
15250.000000	85.426	20.2917
15500.000000	86.162	10.1045
15750.000000	86.288	-2.7819
16000.000000	85.590	-16.0482
16250.000000	84.125	-27.0169
16500.000000	82.140	-34.0095
16750.000000	79.887	-36.3183
17000.000000	77.613	-32.6624
17250.000000	76.103	-22.0444
17500.000000	76.176	-15.0286
17750.000000	76.232	-18.3493
18000.000000	75.388	-21.9657
18250.000000	74.288	-22.0428
18500.000000	73.422	-20.5552
18750.000000	72.816	-19.5557
19000.000000	72.331	-19.5479
19250.000000	71.885	-20.1424
19500.000000	71.482	-21.1456
19750.000000	71.131	-22.6712
20000.000000	70.906	-24.2213
