* Measurement data measured by REW V5.31.3
* Source: Microphone (JadeAudio JA11), MICROPHONE (Master Volume), R, volume: 0.250
* Format: 256k Log Swept Sine, 1 sweep at -8.1 dBFS with no timing reference
* Dated: Mar 26, 2025 7:39:10 PM
* REW Settings:
*  C-weighting compensation: Off
*  Target level: 75.0 dB
* Note: 
* Measurement: R Zero Blue 2 (5?, EP-EX11)
* Smoothing: 1/24 octave
* Frequency Step: 1/48 octave
* Start Frequency: 20.000 Hz
*
* Freq(Hz)	SPL(dB)	Phase(degrees)
20.000000	93.562	167.3687
20.299999	93.553	166.8996
20.600000	93.542	166.4420
20.900000	93.527	165.9975
21.200001	93.509	165.5610
21.400000	93.495	165.2776
21.799999	93.465	164.7357
22.000000	93.448	164.4723
22.400000	93.412	163.9219
22.700001	93.383	163.5216
23.000000	93.354	163.1270
23.299999	93.323	162.6958
23.600000	93.291	162.2693
24.000000	93.248	161.7119
24.299999	93.216	161.2626
24.700001	93.172	160.6737
25.000000	93.139	160.2438
25.400000	93.097	159.6411
25.799999	93.056	159.0587
26.200001	93.018	158.4860
26.500000	92.990	158.0605
26.900000	92.955	157.5073
27.200001	92.930	157.1023
27.600000	92.898	156.5720
28.000000	92.865	156.0516
28.500000	92.824	155.4360
29.000000	92.781	154.8442
29.500000	92.737	154.2842
30.000000	92.690	153.7413
30.400000	92.651	153.3143
30.700001	92.620	153.0016
31.100000	92.576	152.5938
31.500000	92.531	152.1877
32.000000	92.474	151.7019
32.500000	92.417	151.2038
33.000000	92.360	150.7118
33.500000	92.302	150.1964
34.000000	92.244	149.6873
34.500000	92.186	149.1744
35.000000	92.128	148.6820
35.500000	92.073	148.1951
36.000000	92.020	147.7130
36.500000	91.968	147.2284
37.000000	91.915	146.7476
37.500000	91.860	146.2870
38.200001	91.784	145.6769
38.700001	91.730	145.2576
39.500000	91.641	144.5914
40.000000	91.583	144.1889
40.599998	91.511	143.7269
41.200001	91.441	143.2847
41.799999	91.372	142.8370
42.500000	91.289	142.3026
43.099998	91.216	141.8581
43.700001	91.144	141.4294
44.400002	91.063	140.9297
45.000000	90.994	140.4891
45.500000	90.934	140.1252
46.200001	90.848	139.6492
46.799999	90.777	139.2704
47.500000	90.698	138.8329
48.200001	90.619	138.3922
48.700001	90.562	138.0836
49.400002	90.480	137.6631
50.000000	90.410	137.3122
50.799999	90.313	136.8594
51.500000	90.229	136.4846
52.200001	90.145	136.1115
53.000000	90.048	135.6767
53.799999	89.949	135.2567
54.500000	89.865	134.8948
55.200001	89.782	134.5214
56.000000	89.687	134.1026
57.000000	89.573	133.6081
58.000000	89.465	133.1478
59.000000	89.370	132.6558
60.000000	89.258	132.0678
60.799999	89.145	131.7258
61.500000	89.053	131.5557
62.200001	88.973	131.3811
63.000000	88.881	131.1338
64.000000	88.761	130.8226
65.000000	88.642	130.4845
66.000000	88.519	130.1428
67.000000	88.400	129.8097
68.000000	88.284	129.4762
69.000000	88.170	129.1685
70.000000	88.058	128.8756
71.000000	87.945	128.6191
72.000000	87.834	128.3934
73.000000	87.723	128.1576
74.000000	87.608	127.9269
75.000000	87.494	127.7140
76.199997	87.357	127.4509
77.500000	87.207	127.1938
78.800003	87.063	126.9600
80.000000	86.931	126.7538
81.199997	86.799	126.5712
82.500000	86.656	126.3996
83.800003	86.516	126.2442
85.000000	86.388	126.1064
86.199997	86.260	125.9744
87.500000	86.122	125.8630
88.500000	86.017	125.7957
90.000000	85.861	125.7022
91.199997	85.735	125.6476
92.500000	85.602	125.6119
93.800003	85.472	125.5834
95.000000	85.354	125.5509
96.199997	85.235	125.5191
97.500000	85.104	125.5128
98.800003	84.973	125.5421
100.000000	84.855	125.5906
101.500000	84.711	125.6618
103.000000	84.570	125.7313
104.400002	84.440	125.7992
106.000000	84.290	125.8980
107.500000	84.150	126.0270
109.000000	84.013	126.1890
110.599998	83.870	126.3703
112.000000	83.748	126.5234
113.800003	83.592	126.7166
115.000000	83.489	126.8577
117.199997	83.305	127.1749
118.000000	83.241	127.3056
120.599998	83.036	127.7500
122.000000	82.927	128.0182
124.099998	82.768	128.3839
125.000000	82.699	128.5355
126.500000	82.587	128.8168
128.000000	82.479	129.1270
131.500000	82.241	129.9451
132.000000	82.207	130.0615
134.000000	82.076	130.4976
136.000000	81.950	130.9532
138.000000	81.840	131.4713
140.000000	81.730	132.0274
143.000000	81.552	132.8929
145.000000	81.438	133.4017
147.500000	81.316	133.9751
150.000000	81.201	134.6327
152.500000	81.086	135.3807
155.000000	80.964	136.0183
157.500000	80.860	136.6030
160.000000	80.773	137.2029
162.500000	80.692	137.8409
165.000000	80.606	138.4768
167.500000	80.520	139.0872
170.000000	80.440	139.6660
172.500000	80.365	140.2878
175.000000	80.308	141.0176
177.500000	80.256	141.6830
180.000000	80.190	142.2104
182.500000	80.111	142.6837
185.000000	80.044	143.2572
187.500000	79.995	143.8604
190.000000	79.947	144.4514
192.500000	79.909	144.9895
195.000000	79.883	145.4258
197.500000	79.859	145.8303
200.000000	79.832	146.2694
203.000000	79.793	146.9007
206.000000	79.754	147.5271
209.000000	79.714	148.1096
212.000000	79.683	148.6111
214.000000	79.663	148.8892
218.000000	79.619	149.4546
220.000000	79.600	149.7592
224.000000	79.571	150.3777
227.000000	79.548	150.8170
230.000000	79.520	151.2563
233.000000	79.495	151.6777
236.000000	79.479	152.0427
240.000000	79.460	152.5072
243.000000	79.441	152.8784
247.000000	79.415	153.3316
250.000000	79.393	153.6434
254.000000	79.363	154.0807
258.000000	79.341	154.4918
262.000000	79.322	154.8768
265.000000	79.307	155.1616
269.000000	79.284	155.5269
272.000000	79.265	155.7929
276.000000	79.245	156.1093
280.000000	79.230	156.4064
285.000000	79.207	156.7856
290.000000	79.181	157.1699
295.000000	79.155	157.5157
300.000000	79.132	157.8624
304.000000	79.114	158.1445
307.000000	79.099	158.3359
311.000000	79.077	158.5614
315.000000	79.054	158.8102
320.000000	79.028	159.1435
325.000000	79.002	159.4240
330.000000	78.973	159.6660
335.000000	78.938	159.9327
340.000000	78.909	160.2155
345.000000	78.884	160.4709
350.000000	78.863	160.7759
355.000000	78.833	161.0485
360.000000	78.800	161.3176
365.000000	78.772	161.5861
370.000000	78.746	161.8647
375.000000	78.720	162.1442
382.000000	78.687	162.5325
387.000000	78.666	162.8204
395.000000	78.639	163.2648
400.000000	78.625	163.5135
406.000000	78.603	163.7884
412.000000	78.579	164.0294
418.000000	78.558	164.2369
425.000000	78.530	164.4698
431.000000	78.503	164.6705
437.000000	78.474	164.8643
444.000000	78.439	165.0691
450.000000	78.407	165.2383
455.000000	78.378	165.3832
462.000000	78.334	165.6008
468.000000	78.292	165.7792
475.000000	78.239	165.9968
482.000000	78.183	166.2621
487.000000	78.142	166.4767
494.000000	78.085	166.8190
500.000000	78.037	167.1492
508.000000	77.978	167.6320
515.000000	77.933	168.0710
522.000000	77.894	168.5157
530.000000	77.854	169.0130
538.000000	77.819	169.4832
545.000000	77.791	169.8742
552.000000	77.763	170.2621
560.000000	77.728	170.6996
570.000000	77.684	171.2451
580.000000	77.644	171.7867
590.000000	77.606	172.3247
600.000000	77.568	172.8720
608.000000	77.539	173.3097
615.000000	77.513	173.6984
622.000000	77.488	174.0938
630.000000	77.460	174.5476
640.000000	77.427	175.1115
650.000000	77.397	175.6760
660.000000	77.367	176.2485
670.000000	77.340	176.8293
680.000000	77.314	177.4089
690.000000	77.290	178.0012
700.000000	77.268	178.5975
710.000000	77.248	179.1986
720.000000	77.230	179.7961
730.000000	77.212	-179.6103
740.000000	77.194	-179.0070
750.000000	77.179	-178.3804
762.000000	77.165	-177.6171
775.000000	77.156	-176.7902
788.000000	77.153	-175.9538
800.000000	77.154	-175.1824
812.000000	77.159	-174.4172
825.000000	77.170	-173.5951
838.000000	77.186	-172.7789
850.000000	77.204	-172.0262
862.000000	77.227	-171.2780
875.000000	77.255	-170.4762
885.000000	77.280	-169.8665
900.000000	77.324	-168.9713
912.000000	77.363	-168.2727
925.000000	77.410	-167.5251
938.000000	77.461	-166.8017
950.000000	77.512	-166.1546
962.000000	77.565	-165.5259
975.000000	77.626	-164.8688
988.000000	77.691	-164.2436
1000.000000	77.754	-163.6932
1015.000000	77.835	-163.0383
1030.000000	77.918	-162.4184
1044.000000	77.998	-161.8790
1060.000000	78.090	-161.3124
1075.000000	78.177	-160.8315
1090.000000	78.263	-160.3891
1106.000000	78.355	-159.9495
1120.000000	78.434	-159.5933
1138.000000	78.533	-159.1776
1150.000000	78.598	-158.9260
1172.000000	78.712	-158.5207
1180.000000	78.752	-158.3865
1206.000000	78.876	-157.9841
1220.000000	78.940	-157.7799
1241.000000	79.030	-157.4959
1250.000000	79.067	-157.3811
1265.000000	79.127	-157.1926
1280.000000	79.185	-157.0090
1315.000000	79.307	-156.5851
1320.000000	79.323	-156.5215
1340.000000	79.388	-156.2525
1360.000000	79.453	-155.9691
1380.000000	79.518	-155.6836
1400.000000	79.581	-155.3896
1430.000000	79.676	-154.9400
1450.000000	79.739	-154.6288
1475.000000	79.819	-154.2301
1500.000000	79.902	-153.8178
1525.000000	79.990	-153.3991
1550.000000	80.082	-152.9762
1575.000000	80.181	-152.5625
1600.000000	80.286	-152.1803
1625.000000	80.398	-151.8552
1650.000000	80.512	-151.5974
1675.000000	80.624	-151.4024
1700.000000	80.732	-151.2597
1725.000000	80.835	-151.1615
1750.000000	80.933	-151.1021
1775.000000	81.023	-151.0713
1800.000000	81.106	-151.0617
1825.000000	81.180	-151.0654
1850.000000	81.246	-151.0701
1875.000000	81.303	-151.0573
1900.000000	81.350	-151.0108
1925.000000	81.389	-150.9233
1950.000000	81.420	-150.7766
1975.000000	81.444	-150.5472
2000.000000	81.464	-150.2173
2030.000000	81.489	-149.6638
2060.000000	81.522	-148.9196
2090.000000	81.574	-147.9796
2120.000000	81.657	-146.8644
2140.000000	81.734	-146.0477
2180.000000	81.955	-144.3248
2200.000000	82.105	-143.4661
2240.000000	82.496	-141.9781
2270.000000	82.858	-141.3421
2300.000000	83.244	-141.3215
2330.000000	83.607	-141.9077
2360.000000	83.917	-142.9266
2400.000000	84.230	-144.5791
2430.000000	84.403	-145.8254
2470.000000	84.574	-147.3411
2500.000000	84.676	-148.3424
2540.000000	84.793	-149.5181
2580.000000	84.900	-150.5623
2620.000000	85.001	-151.5257
2650.000000	85.073	-152.2172
2690.000000	85.165	-153.1112
2720.000000	85.230	-153.7633
2760.000000	85.311	-154.6140
2800.000000	85.387	-155.4433
2850.000000	85.476	-156.4541
2900.000000	85.559	-157.4441
2950.000000	85.636	-158.4234
3000.000000	85.705	-159.3917
3040.000000	85.757	-160.1590
3070.000000	85.793	-160.7309
3110.000000	85.838	-161.4885
3150.000000	85.877	-162.2400
3200.000000	85.921	-163.1604
3250.000000	85.960	-164.0578
3300.000000	85.996	-164.9338
3350.000000	86.032	-165.7989
3400.000000	86.067	-166.6755
3450.000000	86.101	-167.5849
3500.000000	86.128	-168.5336
3550.000000	86.146	-169.5156
3600.000000	86.152	-170.5068
3650.000000	86.147	-171.4906
3700.000000	86.132	-172.4477
3750.000000	86.109	-173.3638
3820.000000	86.067	-174.5763
3870.000000	86.032	-175.3972
3950.000000	85.978	-176.6568
4000.000000	85.942	-177.4370
4060.000000	85.896	-178.3809
4120.000000	85.841	-179.3264
4180.000000	85.780	179.7353
4250.000000	85.699	178.6563
4310.000000	85.620	177.7598
4370.000000	85.534	176.8851
4440.000000	85.424	175.9041
4500.000000	85.322	175.1061
4550.000000	85.233	174.4704
4620.000000	85.101	173.6296
4680.000000	84.982	172.9614
4750.000000	84.840	172.2454
4820.000000	84.694	171.5956
4870.000000	84.587	171.1719
4940.000000	84.437	170.6253
5000.000000	84.306	170.1925
5080.000000	84.129	169.6790
5150.000000	83.972	169.2917
5220.000000	83.812	168.9671
5300.000000	83.630	168.6696
5380.000000	83.446	168.4594
5450.000000	83.286	168.3527
5520.000000	83.128	168.3193
5600.000000	82.952	168.3647
5700.000000	82.739	168.5442
5800.000000	82.538	168.8680
5900.000000	82.350	169.3393
6000.000000	82.183	169.9559
6080.000000	82.067	170.5292
6150.000000	81.978	171.0952
6220.000000	81.905	171.7172
6300.000000	81.842	172.4684
6400.000000	81.796	173.4368
6500.000000	81.786	174.4137
6600.000000	81.814	175.3665
6700.000000	81.881	176.2549
6800.000000	81.987	177.0468
6900.000000	82.131	177.7202
7000.000000	82.317	178.2419
7100.000000	82.546	178.5331
7200.000000	82.814	178.5288
7300.000000	83.123	178.1763
7400.000000	83.469	177.3734
7500.000000	83.842	176.0012
7620.000000	84.302	173.4343
7750.000000	84.768	169.3408
7880.000000	85.128	163.7772
8000.000000	85.276	157.4204
8120.000000	85.169	150.2992
8250.000000	84.713	142.4541
8380.000000	83.914	135.3496
8500.000000	82.929	130.0917
8620.000000	81.788	126.4323
8750.000000	80.474	124.3522
8850.000000	79.466	123.9884
9000.000000	78.026	125.1005
9120.000000	76.964	127.1084
9250.000000	75.921	130.1110
9380.000000	74.989	133.7200
9500.000000	74.222	137.4311
9620.000000	73.533	141.4010
9750.000000	72.869	145.9048
9880.000000	72.282	150.5393
10000.000000	71.797	154.9128
10150.000000	71.264	160.4972
10300.000000	70.802	166.1609
10440.000000	70.433	171.4957
10600.000000	70.081	177.6266
10750.000000	69.818	-176.6176
10900.000000	69.619	-170.8817
11060.000000	69.467	-164.7885
11200.000000	69.387	-159.4692
11380.000000	69.361	-152.7133
11500.000000	69.391	-148.2693
11720.000000	69.549	-140.2173
11800.000000	69.638	-137.3286
12060.000000	70.058	-128.1350
12200.000000	70.373	-123.2981
12410.000000	70.976	-116.2292
12500.000000	71.288	-113.2796
12650.000000	71.886	-108.4870
12800.000000	72.596	-103.8901
13150.000000	74.774	-94.3218
13200.000000	75.157	-93.1444
13400.000000	76.921	-89.1974
13600.000000	79.119	-87.2304
13800.000000	81.771	-88.9973
14000.000000	84.597	-97.0312
14300.000000	87.578	-123.0053
14500.000000	87.745	-144.2127
14750.000000	86.190	-164.0405
15000.000000	84.188	-172.7149
15250.000000	82.851	-174.0877
15500.000000	82.437	-172.9514
15750.000000	82.906	-172.9355
16000.000000	84.064	-177.8524
16250.000000	85.213	168.9080
16500.000000	85.198	148.5578
16750.000000	83.397	128.6564
17000.000000	80.326	116.1614
17250.000000	76.949	111.9786
17500.000000	73.895	113.3769
17750.000000	71.335	117.5782
18000.000000	69.212	122.9422
18250.000000	67.446	128.6153
18500.000000	65.980	134.1602
18750.000000	64.791	139.3231
19000.000000	63.875	143.8339
19250.000000	63.230	147.4460
19500.000000	62.839	149.9821
19750.000000	62.649	151.3919
20000.000000	62.587	151.8415
