* Measurement data measured by REW V5.31.3
* Source: Microphone (JadeAudio JA11), no input selected, R, volume: no control
* Format: 256k Log Swept Sine, 1 sweep at -12.0 dBFS with no timing reference
* Dated: Mar 16, 2025 4:46:41 AM
* REW Settings:
*  C-weighting compensation: Off
*  Target level: 75.0 dB
* Note: 
* Measurement: L Gate (Narrow)
* Smoothing: 1/24 octave
* Frequency Step: 1/48 octave
* Start Frequency: 20.000 Hz
*
* Freq(Hz)	SPL(dB)	Phase(degrees)
20.000000	91.162	-175.9305
20.299999	91.168	-176.3598
20.600000	91.172	-176.7739
20.900000	91.173	-177.1728
21.200001	91.172	-177.5626
21.400000	91.169	-177.8143
21.799999	91.161	-178.2909
22.000000	91.155	-178.5208
22.400000	91.142	-179.0036
22.700001	91.130	-179.3541
23.000000	91.118	-179.7010
23.299999	91.103	179.9139
23.600000	91.087	179.5338
24.000000	91.063	179.0426
24.299999	91.044	178.6492
24.700001	91.018	178.1433
25.000000	91.000	177.7797
25.400000	90.978	177.2645
25.799999	90.957	176.7630
26.200001	90.938	176.2633
26.500000	90.924	175.8897
26.900000	90.906	175.4071
27.200001	90.893	175.0589
27.600000	90.877	174.6105
28.000000	90.861	174.1772
28.500000	90.841	173.6726
29.000000	90.821	173.1917
29.500000	90.799	172.7430
30.000000	90.776	172.3124
30.400000	90.755	171.9753
30.700001	90.738	171.7299
31.100000	90.713	171.4119
31.500000	90.687	171.0968
32.000000	90.653	170.7268
32.500000	90.619	170.3439
33.000000	90.587	169.9619
33.500000	90.553	169.5500
34.000000	90.517	169.1415
34.500000	90.479	168.7311
35.000000	90.442	168.3463
35.500000	90.407	167.9730
36.000000	90.375	167.6111
36.500000	90.344	167.2523
37.000000	90.314	166.8980
37.500000	90.284	166.5577
38.200001	90.242	166.0986
38.700001	90.211	165.7812
39.500000	90.156	165.2981
40.000000	90.119	165.0274
40.599998	90.077	164.7227
41.200001	90.038	164.4167
41.799999	89.998	164.0886
42.500000	89.947	163.6995
43.099998	89.902	163.3831
43.700001	89.859	163.0692
44.400002	89.808	162.7032
45.000000	89.765	162.4047
45.500000	89.732	162.1671
46.200001	89.688	161.8299
46.799999	89.649	161.5333
47.500000	89.600	161.2150
48.200001	89.552	160.9416
48.700001	89.519	160.7579
49.400002	89.472	160.5059
50.000000	89.431	160.3010
50.799999	89.376	160.0271
51.500000	89.323	159.7904
52.200001	89.269	159.5618
53.000000	89.203	159.2669
53.799999	89.121	159.0124
54.500000	89.052	158.9521
55.200001	89.017	158.9215
56.000000	88.997	158.6474
57.000000	88.938	158.1297
58.000000	88.870	157.7510
59.000000	88.807	157.3963
60.000000	88.739	157.1233
60.799999	88.691	156.9536
61.500000	88.650	156.7990
62.200001	88.608	156.6440
63.000000	88.556	156.4786
64.000000	88.490	156.2943
65.000000	88.425	156.1130
66.000000	88.359	155.9195
67.000000	88.294	155.7365
68.000000	88.232	155.5680
69.000000	88.173	155.4032
70.000000	88.115	155.2340
71.000000	88.054	155.0750
72.000000	87.993	154.9379
73.000000	87.933	154.8090
74.000000	87.874	154.6712
75.000000	87.812	154.5276
76.199997	87.737	154.3798
77.500000	87.662	154.2493
78.800003	87.589	154.1072
80.000000	87.523	154.0014
81.199997	87.458	153.8995
82.500000	87.388	153.7963
83.800003	87.319	153.6908
85.000000	87.253	153.6110
86.199997	87.190	153.5459
87.500000	87.123	153.4720
88.500000	87.072	153.4238
90.000000	86.996	153.3491
91.199997	86.935	153.2909
92.500000	86.867	153.2334
93.800003	86.800	153.1874
95.000000	86.740	153.1613
96.199997	86.683	153.1445
97.500000	86.624	153.1169
98.800003	86.566	153.0882
100.000000	86.512	153.0755
101.500000	86.445	153.0769
103.000000	86.378	153.0921
104.400002	86.317	153.0961
106.000000	86.246	153.0936
107.500000	86.180	153.0998
109.000000	86.117	153.1200
110.599998	86.053	153.1435
112.000000	85.996	153.1683
113.800003	85.923	153.2012
115.000000	85.873	153.2177
117.199997	85.781	153.2894
118.000000	85.750	153.3225
120.599998	85.656	153.4171
122.000000	85.604	153.4638
124.099998	85.526	153.5460
125.000000	85.491	153.5816
126.500000	85.434	153.6484
128.000000	85.379	153.7121
131.500000	85.262	153.8595
132.000000	85.245	153.8857
134.000000	85.180	154.0132
136.000000	85.112	154.1544
138.000000	85.043	154.2875
140.000000	84.974	154.3863
143.000000	84.881	154.5504
145.000000	84.826	154.6647
147.500000	84.754	154.8422
150.000000	84.680	155.0251
152.500000	84.608	155.2146
155.000000	84.542	155.4138
157.500000	84.479	155.6100
160.000000	84.414	155.7630
162.500000	84.348	155.9287
165.000000	84.284	156.1149
167.500000	84.221	156.3295
170.000000	84.160	156.5498
172.500000	84.103	156.7415
175.000000	84.048	156.9332
177.500000	83.991	157.1806
180.000000	83.937	157.4032
182.500000	83.878	157.5816
185.000000	83.823	157.7852
187.500000	83.772	157.9971
190.000000	83.722	158.1995
192.500000	83.673	158.3936
195.000000	83.625	158.6121
197.500000	83.577	158.8450
200.000000	83.528	159.0732
203.000000	83.472	159.3357
206.000000	83.415	159.5797
209.000000	83.356	159.8540
212.000000	83.296	160.1619
214.000000	83.256	160.4041
218.000000	83.181	160.8839
220.000000	83.147	161.1023
224.000000	83.083	161.5536
227.000000	83.038	161.9543
230.000000	83.005	162.4084
233.000000	82.991	162.8787
236.000000	82.992	163.2935
240.000000	83.001	163.6245
243.000000	82.997	163.7126
247.000000	82.968	163.7660
250.000000	82.935	163.8393
254.000000	82.884	164.0152
258.000000	82.832	164.2551
262.000000	82.781	164.5079
265.000000	82.743	164.7150
269.000000	82.696	165.0062
272.000000	82.662	165.2268
276.000000	82.621	165.5373
280.000000	82.579	165.8555
285.000000	82.528	166.2362
290.000000	82.481	166.6339
295.000000	82.435	167.0352
300.000000	82.392	167.4357
304.000000	82.358	167.7426
307.000000	82.333	167.9684
311.000000	82.302	168.2764
315.000000	82.271	168.5831
320.000000	82.234	168.9608
325.000000	82.199	169.3484
330.000000	82.165	169.7281
335.000000	82.133	170.1071
340.000000	82.100	170.4883
345.000000	82.068	170.8699
350.000000	82.038	171.2435
355.000000	82.011	171.6151
360.000000	81.984	171.9953
365.000000	81.956	172.3691
370.000000	81.931	172.7355
375.000000	81.907	173.0956
382.000000	81.877	173.6063
387.000000	81.858	173.9727
395.000000	81.827	174.5365
400.000000	81.808	174.8827
406.000000	81.785	175.3042
412.000000	81.764	175.7171
418.000000	81.746	176.1176
425.000000	81.723	176.5812
431.000000	81.703	176.9835
437.000000	81.683	177.3792
444.000000	81.663	177.8343
450.000000	81.647	178.2245
455.000000	81.634	178.5560
462.000000	81.615	179.0253
468.000000	81.600	179.4246
475.000000	81.583	179.8822
482.000000	81.568	-179.6671
487.000000	81.558	-179.3481
494.000000	81.544	-178.8991
500.000000	81.533	-178.5115
508.000000	81.518	-178.0011
515.000000	81.506	-177.5616
522.000000	81.497	-177.1153
530.000000	81.486	-176.6067
538.000000	81.475	-176.1016
545.000000	81.467	-175.6575
552.000000	81.460	-175.2170
560.000000	81.453	-174.7149
570.000000	81.445	-174.0871
580.000000	81.437	-173.4586
590.000000	81.432	-172.8328
600.000000	81.427	-172.2083
608.000000	81.425	-171.7077
615.000000	81.424	-171.2716
622.000000	81.424	-170.8335
630.000000	81.424	-170.3278
640.000000	81.426	-169.6986
650.000000	81.430	-169.0762
660.000000	81.435	-168.4494
670.000000	81.442	-167.8212
680.000000	81.450	-167.1922
690.000000	81.459	-166.5595
700.000000	81.469	-165.9266
710.000000	81.482	-165.2880
720.000000	81.496	-164.6473
730.000000	81.512	-164.0056
740.000000	81.531	-163.3621
750.000000	81.551	-162.7132
762.000000	81.576	-161.9372
775.000000	81.607	-161.0943
788.000000	81.641	-160.2379
800.000000	81.676	-159.4313
812.000000	81.714	-158.6065
825.000000	81.763	-157.6889
838.000000	81.820	-156.7415
850.000000	81.884	-155.8534
862.000000	81.965	-154.9841
875.000000	82.070	-154.1319
885.000000	82.155	-153.5738
900.000000	82.278	-152.8786
912.000000	82.365	-152.3802
925.000000	82.451	-151.8380
938.000000	82.535	-151.2766
950.000000	82.615	-150.7478
962.000000	82.697	-150.2184
975.000000	82.789	-149.6570
988.000000	82.884	-149.1096
1000.000000	82.975	-148.6257
1015.000000	83.093	-148.0539
1030.000000	83.213	-147.5207
1044.000000	83.328	-147.0638
1060.000000	83.460	-146.5860
1075.000000	83.585	-146.1803
1090.000000	83.710	-145.8190
1106.000000	83.842	-145.4761
1120.000000	83.957	-145.2104
1138.000000	84.102	-144.9141
1150.000000	84.197	-144.7415
1172.000000	84.366	-144.4778
1180.000000	84.427	-144.3955
1206.000000	84.617	-144.1754
1220.000000	84.716	-144.0783
1241.000000	84.859	-143.9579
1250.000000	84.919	-143.9139
1265.000000	85.017	-143.8475
1280.000000	85.112	-143.7892
1315.000000	85.325	-143.6804
1320.000000	85.354	-143.6672
1340.000000	85.470	-143.6176
1360.000000	85.583	-143.5728
1380.000000	85.694	-143.5296
1400.000000	85.803	-143.4894
1430.000000	85.962	-143.4273
1450.000000	86.067	-143.3853
1475.000000	86.198	-143.3351
1500.000000	86.328	-143.2927
1525.000000	86.457	-143.2579
1550.000000	86.588	-143.2289
1575.000000	86.719	-143.2099
1600.000000	86.851	-143.2064
1625.000000	86.984	-143.2241
1650.000000	87.118	-143.2684
1675.000000	87.252	-143.3364
1700.000000	87.385	-143.4330
1725.000000	87.516	-143.5532
1750.000000	87.647	-143.6925
1775.000000	87.775	-143.8497
1800.000000	87.903	-144.0238
1825.000000	88.029	-144.2153
1850.000000	88.155	-144.4228
1875.000000	88.281	-144.6486
1900.000000	88.406	-144.8959
1925.000000	88.531	-145.1636
1950.000000	88.655	-145.4555
1975.000000	88.778	-145.7724
2000.000000	88.899	-146.1120
2030.000000	89.043	-146.5512
2060.000000	89.186	-147.0293
2090.000000	89.325	-147.5428
2120.000000	89.462	-148.0950
2140.000000	89.551	-148.4843
2180.000000	89.723	-149.3094
2200.000000	89.807	-149.7449
2240.000000	89.967	-150.6601
2270.000000	90.081	-151.3831
2300.000000	90.189	-152.1312
2330.000000	90.291	-152.9015
2360.000000	90.386	-153.6930
2400.000000	90.505	-154.7719
2430.000000	90.588	-155.5919
2470.000000	90.689	-156.7028
2500.000000	90.759	-157.5442
2540.000000	90.846	-158.6861
2580.000000	90.924	-159.8591
2620.000000	90.991	-161.0670
2650.000000	91.032	-161.9886
2690.000000	91.073	-163.2198
2720.000000	91.095	-164.1335
2760.000000	91.111	-165.3268
2800.000000	91.117	-166.4827
2850.000000	91.109	-167.8680
2900.000000	91.088	-169.1829
2950.000000	91.056	-170.4256
3000.000000	91.015	-171.5870
3040.000000	90.978	-172.4613
3070.000000	90.948	-173.0868
3110.000000	90.906	-173.8814
3150.000000	90.861	-174.6380
3200.000000	90.803	-175.5322
3250.000000	90.742	-176.3701
3300.000000	90.679	-177.1541
3350.000000	90.615	-177.8827
3400.000000	90.551	-178.5618
3450.000000	90.488	-179.1915
3500.000000	90.427	-179.7810
3550.000000	90.368	179.6623
3600.000000	90.311	179.1396
3650.000000	90.258	178.6398
3700.000000	90.208	178.1600
3750.000000	90.161	177.6928
3820.000000	90.100	177.0530
3870.000000	90.061	176.5978
3950.000000	90.004	175.8516
4000.000000	89.972	175.3731
4060.000000	89.936	174.7713
4120.000000	89.902	174.1280
4180.000000	89.867	173.4338
4250.000000	89.821	172.5663
4310.000000	89.775	171.7850
4370.000000	89.722	170.9738
4440.000000	89.650	170.0042
4500.000000	89.580	169.1605
4550.000000	89.516	168.4507
4620.000000	89.417	167.4586
4680.000000	89.324	166.6093
4750.000000	89.206	165.6140
4820.000000	89.075	164.6202
4870.000000	88.973	163.9172
4940.000000	88.817	162.9549
5000.000000	88.671	162.1621
5080.000000	88.460	161.1709
5150.000000	88.261	160.3780
5220.000000	88.048	159.6669
5300.000000	87.789	158.9742
5380.000000	87.516	158.4435
5450.000000	87.271	158.1244
5520.000000	87.022	157.9459
5600.000000	86.736	157.9126
5700.000000	86.384	158.1375
5800.000000	86.049	158.6394
5900.000000	85.737	159.3691
6000.000000	85.451	160.2794
6080.000000	85.242	161.1148
6150.000000	85.073	161.9156
6220.000000	84.920	162.7717
6300.000000	84.762	163.8079
6400.000000	84.592	165.1833
6500.000000	84.456	166.6273
6600.000000	84.355	168.1123
6700.000000	84.292	169.6136
6800.000000	84.268	171.1066
6900.000000	84.287	172.5565
7000.000000	84.352	173.9105
7100.000000	84.464	175.1026
7200.000000	84.622	176.0641
7300.000000	84.823	176.7161
7400.000000	85.062	176.9792
7500.000000	85.330	176.7718
7620.000000	85.675	175.7816
7750.000000	86.045	173.6145
7880.000000	86.352	170.1448
8000.000000	86.508	165.7545
8120.000000	86.456	160.4540
8250.000000	86.091	154.3227
8380.000000	85.385	148.6950
8500.000000	84.475	144.7164
8620.000000	83.394	142.3796
8750.000000	82.132	141.9247
8850.000000	81.158	143.0801
9000.000000	79.799	147.2419
9120.000000	78.904	152.5268
9250.000000	78.259	159.7324
9380.000000	78.061	167.3215
9500.000000	78.263	173.1794
9620.000000	78.682	176.7792
9750.000000	79.138	177.8937
9880.000000	79.385	176.9088
10000.000000	79.346	175.2640
10150.000000	78.980	173.6461
10300.000000	78.397	173.3703
10440.000000	77.786	174.4517
10600.000000	77.108	177.0005
10750.000000	76.546	-179.6795
10900.000000	76.071	-175.7424
11060.000000	75.666	-171.0829
11200.000000	75.396	-166.7417
11380.000000	75.164	-160.9093
11500.000000	75.082	-156.9133
11720.000000	75.086	-149.4801
11800.000000	75.138	-146.7727
12060.000000	75.502	-138.0866
12200.000000	75.824	-133.5398
12410.000000	76.486	-126.9788
12500.000000	76.844	-124.2790
12650.000000	77.555	-119.9776
12800.000000	78.437	-116.0189
13150.000000	81.424	-109.6047
13200.000000	81.988	-109.3233
13400.000000	84.596	-111.4380
13600.000000	87.388	-121.6153
13800.000000	89.327	-141.4234
14000.000000	89.384	-165.8187
14300.000000	86.338	168.1521
14500.000000	83.759	162.0696
14750.000000	81.197	162.3975
15000.000000	79.508	166.3380
15250.000000	78.477	171.4430
15500.000000	77.979	176.6600
15750.000000	77.984	-178.9739
16000.000000	78.482	-176.8488
16250.000000	79.360	-179.1129
16500.000000	80.188	172.1240
16750.000000	80.220	157.3840
17000.000000	78.923	141.3675
17250.000000	76.462	129.6302
17500.000000	73.469	124.3004
17750.000000	70.500	124.2125
18000.000000	67.807	127.2642
18250.000000	65.423	131.8558
18500.000000	63.301	137.0524
18750.000000	61.389	142.3089
19000.000000	59.645	147.2947
19250.000000	58.054	151.8892
19500.000000	56.628	155.9657
19750.000000	55.436	159.2232
20000.000000	54.742	161.1940
