* Measurement data measured by REW V5.31.3
* Source: Microphone (JadeAudio JA11), MICROPHONE (Master Volume), R, volume: 0.000
* Format: 256k Log Swept Sine, 1 sweep at -6.6 dBFS with no timing reference
* Dated: Mar 21, 2025 2:02:53 PM
* REW Settings:
*  C-weighting compensation: Off
*  Target level: 75.0 dB
* Note: 
* Measurement: L Zero Blue 2 (5?)
* Smoothing: 1/24 octave
* Frequency Step: 1/48 octave
* Start Frequency: 20.000 Hz
*
* Freq(Hz)	SPL(dB)	Phase(degrees)
20.000000	96.323	171.1488
20.299999	96.318	170.6718
20.600000	96.313	170.2094
20.900000	96.306	169.7564
21.200001	96.296	169.3039
21.400000	96.287	169.0060
21.799999	96.265	168.4308
22.000000	96.252	168.1516
22.400000	96.222	167.5764
22.700001	96.198	167.1651
23.000000	96.174	166.7643
23.299999	96.149	166.3295
23.600000	96.123	165.8997
24.000000	96.088	165.3372
24.299999	96.061	164.8844
24.700001	96.025	164.2924
25.000000	95.998	163.8619
25.400000	95.964	163.2589
25.799999	95.931	162.6739
26.200001	95.900	162.0951
26.500000	95.878	161.6639
26.900000	95.849	161.1049
27.200001	95.828	160.6985
27.600000	95.801	160.1705
28.000000	95.774	159.6541
28.500000	95.741	159.0393
29.000000	95.705	158.4429
29.500000	95.666	157.8802
30.000000	95.625	157.3448
30.400000	95.591	156.9300
30.700001	95.565	156.6256
31.100000	95.531	156.2202
31.500000	95.496	155.8004
32.000000	95.450	155.2742
32.500000	95.401	154.7223
33.000000	95.350	154.1832
33.500000	95.298	153.6405
34.000000	95.246	153.1199
34.500000	95.198	152.5950
35.000000	95.151	152.0766
35.500000	95.105	151.5533
36.000000	95.058	151.0425
36.500000	95.012	150.5519
37.000000	94.966	150.0831
37.500000	94.921	149.6335
38.200001	94.858	149.0159
38.700001	94.811	148.5876
39.500000	94.733	147.9319
40.000000	94.684	147.5341
40.599998	94.625	147.0465
41.200001	94.564	146.5560
41.799999	94.500	146.0721
42.500000	94.427	145.5095
43.099998	94.365	145.0194
43.700001	94.299	144.5333
44.400002	94.223	144.0099
45.000000	94.162	143.5893
45.500000	94.115	143.2339
46.200001	94.049	142.7209
46.799999	93.990	142.2879
47.500000	93.919	141.8067
48.200001	93.848	141.3434
48.700001	93.797	141.0183
49.400002	93.724	140.5692
50.000000	93.662	140.1896
50.799999	93.577	139.6829
51.500000	93.502	139.2484
52.200001	93.428	138.8278
53.000000	93.345	138.3548
53.799999	93.261	137.8931
54.500000	93.189	137.5075
55.200001	93.119	137.1273
56.000000	93.037	136.6970
57.000000	92.931	136.1879
58.000000	92.819	135.7003
59.000000	92.705	135.3282
60.000000	92.616	134.9593
60.799999	92.546	134.4903
61.500000	92.467	134.0501
62.200001	92.381	133.6881
63.000000	92.291	133.3281
64.000000	92.187	132.8584
65.000000	92.082	132.3966
66.000000	91.979	131.9741
67.000000	91.877	131.5879
68.000000	91.776	131.2199
69.000000	91.673	130.8732
70.000000	91.570	130.5309
71.000000	91.464	130.1790
72.000000	91.356	129.8293
73.000000	91.248	129.4976
74.000000	91.142	129.1841
75.000000	91.039	128.8735
76.199997	90.916	128.5133
77.500000	90.782	128.1550
78.800003	90.646	127.8362
80.000000	90.523	127.5586
81.199997	90.400	127.2712
82.500000	90.267	126.9547
83.800003	90.134	126.6281
85.000000	90.010	126.3432
86.199997	89.886	126.1056
87.500000	89.757	125.8950
88.500000	89.660	125.7325
90.000000	89.515	125.4905
91.199997	89.398	125.3082
92.500000	89.272	125.1449
93.800003	89.151	124.9928
95.000000	89.038	124.8484
96.199997	88.923	124.7262
97.500000	88.796	124.6048
98.800003	88.666	124.4942
100.000000	88.546	124.4068
101.500000	88.400	124.2999
103.000000	88.257	124.1963
104.400002	88.125	124.1146
106.000000	87.974	124.0612
107.500000	87.836	124.0608
109.000000	87.701	124.0447
110.599998	87.558	124.0078
112.000000	87.433	123.9752
113.800003	87.276	123.9693
115.000000	87.171	123.9958
117.199997	86.977	124.1195
118.000000	86.907	124.1811
120.599998	86.681	124.3348
122.000000	86.561	124.4142
124.099998	86.388	124.5431
125.000000	86.315	124.6120
126.500000	86.194	124.7643
128.000000	86.073	124.9565
131.500000	85.794	125.4475
132.000000	85.755	125.5282
134.000000	85.610	125.8510
136.000000	85.473	126.1291
138.000000	85.324	126.3962
140.000000	85.165	126.8094
143.000000	84.967	127.5030
145.000000	84.854	127.8404
147.500000	84.714	128.2567
150.000000	84.580	128.7519
152.500000	84.447	129.2307
155.000000	84.310	129.7154
157.500000	84.177	130.2014
160.000000	84.046	130.6479
162.500000	83.915	131.1171
165.000000	83.792	131.6394
167.500000	83.670	132.1879
170.000000	83.547	132.7409
172.500000	83.426	133.2850
175.000000	83.314	133.8958
177.500000	83.209	134.5768
180.000000	83.098	135.2510
182.500000	82.976	135.9409
185.000000	82.863	136.6965
187.500000	82.778	137.5957
190.000000	82.737	138.4874
192.500000	82.722	139.1442
195.000000	82.710	139.5940
197.500000	82.680	139.9844
200.000000	82.637	140.4326
203.000000	82.592	140.9565
206.000000	82.556	141.3682
209.000000	82.484	141.6332
212.000000	82.376	142.0168
214.000000	82.318	142.3934
218.000000	82.247	143.3025
220.000000	82.215	143.7538
224.000000	82.142	144.5033
227.000000	82.091	144.9973
230.000000	82.048	145.5286
233.000000	82.012	146.0252
236.000000	81.977	146.4908
240.000000	81.937	147.0959
243.000000	81.909	147.5296
247.000000	81.870	148.0841
250.000000	81.838	148.5162
254.000000	81.798	149.0624
258.000000	81.767	149.5590
262.000000	81.739	150.0688
265.000000	81.716	150.4226
269.000000	81.679	150.8936
272.000000	81.653	151.2457
276.000000	81.627	151.6671
280.000000	81.608	152.0835
285.000000	81.572	152.6299
290.000000	81.538	153.0876
295.000000	81.506	153.5454
300.000000	81.474	153.9637
304.000000	81.450	154.2703
307.000000	81.430	154.5133
311.000000	81.404	154.8476
315.000000	81.379	155.1777
320.000000	81.350	155.5794
325.000000	81.323	155.9621
330.000000	81.297	156.3396
335.000000	81.269	156.7276
340.000000	81.239	157.0540
345.000000	81.215	157.3711
350.000000	81.193	157.7040
355.000000	81.167	158.0479
360.000000	81.140	158.3441
365.000000	81.113	158.6543
370.000000	81.087	158.9825
375.000000	81.064	159.2812
382.000000	81.033	159.6562
387.000000	81.013	159.9138
395.000000	80.978	160.2795
400.000000	80.956	160.4700
406.000000	80.921	160.6901
412.000000	80.881	160.9470
418.000000	80.838	161.2323
425.000000	80.785	161.5583
431.000000	80.742	161.8667
437.000000	80.703	162.1983
444.000000	80.658	162.5814
450.000000	80.619	162.8898
455.000000	80.588	163.1495
462.000000	80.546	163.5386
468.000000	80.511	163.8826
475.000000	80.471	164.2635
482.000000	80.433	164.6398
487.000000	80.406	164.9168
494.000000	80.369	165.3047
500.000000	80.338	165.6292
508.000000	80.297	166.0468
515.000000	80.261	166.4192
522.000000	80.225	166.8020
530.000000	80.185	167.2363
538.000000	80.147	167.6641
545.000000	80.114	168.0419
552.000000	80.082	168.4320
560.000000	80.044	168.8781
570.000000	79.996	169.4183
580.000000	79.951	169.9702
590.000000	79.909	170.5433
600.000000	79.867	171.1136
608.000000	79.835	171.5684
615.000000	79.808	171.9712
622.000000	79.780	172.3790
630.000000	79.750	172.8452
640.000000	79.715	173.4331
650.000000	79.682	174.0251
660.000000	79.650	174.6177
670.000000	79.620	175.2183
680.000000	79.590	175.8350
690.000000	79.563	176.4591
700.000000	79.537	177.0896
710.000000	79.514	177.7150
720.000000	79.494	178.3359
730.000000	79.476	178.9691
740.000000	79.461	179.6085
750.000000	79.448	-179.7429
762.000000	79.435	-178.9586
775.000000	79.424	-178.1077
788.000000	79.418	-177.2603
800.000000	79.416	-176.4728
812.000000	79.419	-175.6830
825.000000	79.428	-174.8269
838.000000	79.442	-173.9761
850.000000	79.459	-173.1990
862.000000	79.479	-172.4078
875.000000	79.506	-171.5626
885.000000	79.531	-170.9337
900.000000	79.575	-170.0084
912.000000	79.612	-169.2758
925.000000	79.657	-168.5057
938.000000	79.708	-167.7617
950.000000	79.758	-167.0883
962.000000	79.810	-166.4312
975.000000	79.870	-165.7385
988.000000	79.933	-165.0655
1000.000000	79.995	-164.4590
1015.000000	80.077	-163.7329
1030.000000	80.163	-163.0522
1044.000000	80.247	-162.4651
1060.000000	80.345	-161.8495
1075.000000	80.437	-161.3218
1090.000000	80.528	-160.8347
1106.000000	80.625	-160.3533
1120.000000	80.709	-159.9676
1138.000000	80.816	-159.5298
1150.000000	80.884	-159.2673
1172.000000	81.006	-158.8263
1180.000000	81.049	-158.6772
1206.000000	81.183	-158.2377
1220.000000	81.251	-158.0199
1241.000000	81.347	-157.7073
1250.000000	81.386	-157.5743
1265.000000	81.450	-157.3541
1280.000000	81.510	-157.1425
1315.000000	81.646	-156.6525
1320.000000	81.664	-156.5807
1340.000000	81.737	-156.2869
1360.000000	81.809	-155.9836
1380.000000	81.879	-155.6661
1400.000000	81.950	-155.3310
1430.000000	82.059	-154.8197
1450.000000	82.134	-154.4627
1475.000000	82.231	-154.0074
1500.000000	82.334	-153.5563
1525.000000	82.442	-153.1181
1550.000000	82.557	-152.6964
1575.000000	82.679	-152.3000
1600.000000	82.807	-151.9427
1625.000000	82.941	-151.6424
1650.000000	83.080	-151.4097
1675.000000	83.220	-151.2561
1700.000000	83.360	-151.1819
1725.000000	83.495	-151.1877
1750.000000	83.624	-151.2642
1775.000000	83.744	-151.3919
1800.000000	83.854	-151.5554
1825.000000	83.955	-151.7351
1850.000000	84.046	-151.9168
1875.000000	84.130	-152.0912
1900.000000	84.206	-152.2489
1925.000000	84.276	-152.3848
1950.000000	84.343	-152.4935
1975.000000	84.408	-152.5789
2000.000000	84.472	-152.6436
2030.000000	84.548	-152.6919
2060.000000	84.625	-152.7180
2090.000000	84.702	-152.7274
2120.000000	84.781	-152.7247
2140.000000	84.834	-152.7216
2180.000000	84.943	-152.7119
2200.000000	84.999	-152.7072
2240.000000	85.115	-152.7019
2270.000000	85.203	-152.7072
2300.000000	85.293	-152.7210
2330.000000	85.386	-152.7485
2360.000000	85.480	-152.7934
2400.000000	85.608	-152.8884
2430.000000	85.705	-152.9874
2470.000000	85.833	-153.1580
2500.000000	85.927	-153.3103
2540.000000	86.052	-153.5406
2580.000000	86.176	-153.7949
2620.000000	86.300	-154.0786
2650.000000	86.392	-154.3126
2690.000000	86.514	-154.6631
2720.000000	86.604	-154.9529
2760.000000	86.722	-155.3742
2800.000000	86.836	-155.8308
2850.000000	86.975	-156.4500
2900.000000	87.107	-157.1234
2950.000000	87.232	-157.8465
3000.000000	87.349	-158.6257
3040.000000	87.436	-159.2848
3070.000000	87.497	-159.7946
3110.000000	87.572	-160.4872
3150.000000	87.641	-161.1988
3200.000000	87.718	-162.1125
3250.000000	87.783	-163.0359
3300.000000	87.837	-163.9639
3350.000000	87.881	-164.8917
3400.000000	87.917	-165.8168
3450.000000	87.943	-166.7358
3500.000000	87.960	-167.6438
3550.000000	87.968	-168.5384
3600.000000	87.967	-169.4125
3650.000000	87.958	-170.2640
3700.000000	87.943	-171.0850
3750.000000	87.920	-171.8748
3820.000000	87.876	-172.9169
3870.000000	87.840	-173.6135
3950.000000	87.775	-174.6401
4000.000000	87.733	-175.2281
4060.000000	87.683	-175.9000
4120.000000	87.633	-176.5538
4180.000000	87.581	-177.2020
4250.000000	87.516	-177.9411
4310.000000	87.455	-178.5553
4370.000000	87.389	-179.1394
4440.000000	87.308	-179.7728
4500.000000	87.235	179.7242
4550.000000	87.173	179.3308
4620.000000	87.084	178.8216
4680.000000	87.010	178.4199
4750.000000	86.923	177.9708
4820.000000	86.836	177.5424
4870.000000	86.773	177.2530
4940.000000	86.684	176.8657
5000.000000	86.605	176.5509
5080.000000	86.497	176.1708
5150.000000	86.399	175.8830
5220.000000	86.301	175.6449
5300.000000	86.189	175.4365
5380.000000	86.081	175.2964
5450.000000	85.991	175.2178
5520.000000	85.906	175.1741
5600.000000	85.814	175.1566
5700.000000	85.706	175.1791
5800.000000	85.605	175.2572
5900.000000	85.513	175.4047
6000.000000	85.435	175.6188
6080.000000	85.383	175.8315
6150.000000	85.348	176.0463
6220.000000	85.321	176.2778
6300.000000	85.303	176.5534
6400.000000	85.300	176.9077
6500.000000	85.322	177.2726
6600.000000	85.376	177.5845
6700.000000	85.453	177.7792
6800.000000	85.551	177.8684
6900.000000	85.667	177.8441
7000.000000	85.800	177.7083
7100.000000	85.953	177.4620
7200.000000	86.130	177.0888
7300.000000	86.335	176.5347
7400.000000	86.570	175.7526
7500.000000	86.841	174.6746
7620.000000	87.216	172.7770
7750.000000	87.661	169.5977
7880.000000	88.069	164.8501
8000.000000	88.304	159.0104
8120.000000	88.296	152.1133
8250.000000	87.936	144.2737
8380.000000	87.207	137.1085
8500.000000	86.280	131.8892
8620.000000	85.216	128.3335
8750.000000	84.020	126.2711
8850.000000	83.116	125.7457
9000.000000	81.829	126.3410
9120.000000	80.881	127.7460
9250.000000	79.939	129.9242
9380.000000	79.079	132.6249
9500.000000	78.353	135.4822
9620.000000	77.688	138.6123
9750.000000	77.029	142.2501
9880.000000	76.430	146.0983
10000.000000	75.927	149.8028
10150.000000	75.362	154.5904
10300.000000	74.863	159.5269
10440.000000	74.454	164.2513
10600.000000	74.052	169.7370
10750.000000	73.736	174.9416
10900.000000	73.478	-179.8068
11060.000000	73.263	-174.2010
11200.000000	73.127	-169.3159
11380.000000	73.014	-163.0730
11500.000000	72.978	-158.9342
11720.000000	73.002	-151.4368
11800.000000	73.039	-148.7391
12060.000000	73.264	-140.0545
12200.000000	73.458	-135.4423
12410.000000	73.855	-128.6255
12500.000000	74.069	-125.7501
12650.000000	74.488	-121.0333
12800.000000	74.988	-116.4251
13150.000000	76.544	-106.2644
13200.000000	76.818	-104.9035
13400.000000	78.071	-99.7711
13600.000000	79.633	-95.3521
13800.000000	81.610	-92.2017
14000.000000	84.122	-91.5784
14300.000000	88.703	-101.1072
14500.000000	91.335	-118.4394
14750.000000	92.373	-149.0699
15000.000000	90.598	-174.8600
15250.000000	87.766	172.8460
15500.000000	85.470	170.3736
15750.000000	84.056	171.9720
16000.000000	83.325	174.4901
16250.000000	83.077	176.4095
16500.000000	83.159	176.6858
16750.000000	83.391	174.4420
17000.000000	83.525	169.2921
17250.000000	83.292	161.8928
17500.000000	82.531	153.9515
17750.000000	81.281	147.3730
18000.000000	79.737	143.2978
18250.000000	78.130	141.8029
18500.000000	76.638	142.2749
18750.000000	75.361	143.8928
19000.000000	74.346	145.8314
19250.000000	73.604	147.3102
19500.000000	73.105	147.5951
19750.000000	72.790	146.2881
20000.000000	72.636	144.3568
