* Measurement data measured by REW V5.31.3
* Source: Microphone (JadeAudio JA11), MICROPHONE (Master Volume), R, volume: 0.250
* Format: 256k Log Swept Sine, 1 sweep at -8.9 dBFS with no timing reference
* Dated: Mar 27, 2025 11:20:03 PM
* REW Settings:
*  C-weighting compensation: Off
*  Target level: 75.0 dB
* Note: 
* Measurement: L Zero Blue 2 (5?, 9k, Final E)
* Smoothing: 1/24 octave
* Frequency Step: 1/48 octave
* Start Frequency: 20.000 Hz
*
* Freq(Hz)	SPL(dB)	Phase(degrees)
20.000000	94.066	171.8128
20.299999	94.061	171.3429
20.600000	94.054	170.8941
20.900000	94.047	170.4634
21.200001	94.036	170.0399
21.400000	94.028	169.7624
21.799999	94.010	169.2236
22.000000	93.999	168.9578
22.400000	93.973	168.3988
22.700001	93.950	167.9927
23.000000	93.926	167.5958
23.299999	93.901	167.1671
23.600000	93.874	166.7484
24.000000	93.838	166.2079
24.299999	93.811	165.7746
24.700001	93.776	165.2068
25.000000	93.752	164.7895
25.400000	93.721	164.1950
25.799999	93.691	163.6093
26.200001	93.661	163.0251
26.500000	93.640	162.5896
26.900000	93.612	162.0270
27.200001	93.592	161.6203
27.600000	93.566	161.0947
28.000000	93.541	160.5838
28.500000	93.510	159.9809
29.000000	93.478	159.4004
29.500000	93.445	158.8501
30.000000	93.409	158.3142
30.400000	93.379	157.8897
30.700001	93.355	157.5771
31.100000	93.320	157.1685
31.500000	93.283	156.7623
32.000000	93.235	156.2780
32.500000	93.188	155.7807
33.000000	93.142	155.2857
33.500000	93.095	154.7640
34.000000	93.047	154.2478
34.500000	92.999	153.7274
35.000000	92.953	153.2254
35.500000	92.909	152.7247
36.000000	92.867	152.2249
36.500000	92.824	151.7234
37.000000	92.780	151.2335
37.500000	92.734	150.7757
38.200001	92.672	150.1776
38.700001	92.630	149.7575
39.500000	92.558	149.0793
40.000000	92.508	148.6775
40.599998	92.449	148.2170
41.200001	92.391	147.7583
41.799999	92.330	147.2943
42.500000	92.256	146.7873
43.099998	92.200	146.3722
43.700001	92.150	145.9103
44.400002	92.085	145.3097
45.000000	92.020	144.8133
45.500000	91.965	144.4416
46.200001	91.894	143.9566
46.799999	91.837	143.5345
47.500000	91.767	143.0358
48.200001	91.695	142.5582
48.700001	91.644	142.2327
49.400002	91.574	141.7870
50.000000	91.514	141.4103
50.799999	91.433	140.9112
51.500000	91.362	140.4858
52.200001	91.291	140.0743
53.000000	91.212	139.6121
53.799999	91.133	139.1473
54.500000	91.061	138.7473
55.200001	90.988	138.3685
56.000000	90.906	137.9586
57.000000	90.806	137.4355
58.000000	90.697	136.8755
59.000000	90.575	136.4235
60.000000	90.475	136.0992
60.799999	90.412	135.7224
61.500000	90.347	135.2996
62.200001	90.271	134.9023
63.000000	90.184	134.5132
64.000000	90.080	134.0534
65.000000	89.978	133.6143
66.000000	89.878	133.1896
67.000000	89.776	132.7819
68.000000	89.675	132.4015
69.000000	89.575	132.0298
70.000000	89.472	131.6641
71.000000	89.367	131.3202
72.000000	89.264	130.9943
73.000000	89.163	130.6700
74.000000	89.061	130.3450
75.000000	88.959	130.0249
76.199997	88.836	129.6463
77.500000	88.701	129.2625
78.800003	88.568	128.9066
80.000000	88.447	128.5892
81.199997	88.328	128.2822
82.500000	88.199	127.9640
83.800003	88.069	127.6770
85.000000	87.950	127.4356
86.199997	87.831	127.2053
87.500000	87.702	126.9398
88.500000	87.600	126.7357
90.000000	87.447	126.4712
91.199997	87.329	126.2906
92.500000	87.206	126.0969
93.800003	87.084	125.9001
95.000000	86.968	125.7362
96.199997	86.851	125.5900
97.500000	86.723	125.4602
98.800003	86.597	125.3459
100.000000	86.482	125.2408
101.500000	86.338	125.1318
103.000000	86.197	125.0483
104.400002	86.065	124.9722
106.000000	85.913	124.9026
107.500000	85.771	124.8701
109.000000	85.635	124.8633
110.599998	85.494	124.8415
112.000000	85.370	124.8246
113.800003	85.209	124.8598
115.000000	85.104	124.8992
117.199997	84.917	124.9801
118.000000	84.849	125.0061
120.599998	84.622	125.1653
122.000000	84.501	125.3244
124.099998	84.327	125.5833
125.000000	84.255	125.6731
126.500000	84.135	125.8139
128.000000	84.019	125.9819
131.500000	83.766	126.4882
132.000000	83.730	126.5717
134.000000	83.585	126.8590
136.000000	83.433	127.0772
138.000000	83.298	127.3239
140.000000	83.183	127.5746
143.000000	83.006	128.0917
145.000000	82.872	128.5446
147.500000	82.708	129.0836
150.000000	82.563	129.5242
152.500000	82.418	129.9109
155.000000	82.267	130.3615
157.500000	82.121	130.8130
160.000000	81.984	131.2726
162.500000	81.854	131.7813
165.000000	81.729	132.3262
167.500000	81.605	132.8866
170.000000	81.483	133.4644
172.500000	81.364	134.0028
175.000000	81.251	134.5048
177.500000	81.149	135.0497
180.000000	81.052	135.6967
182.500000	80.955	136.4243
185.000000	80.861	137.1259
187.500000	80.774	137.7903
190.000000	80.703	138.4083
192.500000	80.640	138.9760
195.000000	80.580	139.5433
197.500000	80.519	140.1245
200.000000	80.458	140.6973
203.000000	80.383	141.3452
206.000000	80.312	141.9796
209.000000	80.252	142.6100
212.000000	80.194	143.2181
214.000000	80.156	143.6179
218.000000	80.085	144.4107
220.000000	80.056	144.8106
224.000000	79.999	145.5956
227.000000	79.955	146.1495
230.000000	79.920	146.7142
233.000000	79.896	147.2793
236.000000	79.868	147.7869
240.000000	79.820	148.4125
243.000000	79.785	148.8535
247.000000	79.743	149.4573
250.000000	79.718	149.9082
254.000000	79.684	150.4699
258.000000	79.648	151.0174
262.000000	79.612	151.5286
265.000000	79.588	151.9105
269.000000	79.561	152.4167
272.000000	79.545	152.8037
276.000000	79.524	153.3098
280.000000	79.497	153.7946
285.000000	79.464	154.3527
290.000000	79.436	154.8570
295.000000	79.411	155.3696
300.000000	79.388	155.8571
304.000000	79.369	156.2394
307.000000	79.355	156.5055
311.000000	79.335	156.8369
315.000000	79.316	157.1663
320.000000	79.296	157.5834
325.000000	79.279	157.9627
330.000000	79.258	158.3531
335.000000	79.235	158.7502
340.000000	79.212	159.1208
345.000000	79.197	159.4618
350.000000	79.180	159.7883
355.000000	79.156	160.1057
360.000000	79.134	160.4046
365.000000	79.117	160.6978
370.000000	79.100	161.0191
375.000000	79.082	161.3259
382.000000	79.060	161.6994
387.000000	79.041	161.9390
395.000000	79.011	162.2693
400.000000	78.989	162.4626
406.000000	78.961	162.6974
412.000000	78.927	162.9424
418.000000	78.885	163.2024
425.000000	78.838	163.5119
431.000000	78.800	163.8027
437.000000	78.764	164.0898
444.000000	78.723	164.4404
450.000000	78.687	164.7495
455.000000	78.655	165.0111
462.000000	78.611	165.3760
468.000000	78.576	165.6768
475.000000	78.536	166.0374
482.000000	78.493	166.4209
487.000000	78.463	166.6935
494.000000	78.420	167.0796
500.000000	78.385	167.4171
508.000000	78.340	167.8819
515.000000	78.304	168.2939
522.000000	78.269	168.7100
530.000000	78.229	169.1835
538.000000	78.192	169.6450
545.000000	78.162	170.0485
552.000000	78.131	170.4543
560.000000	78.096	170.9251
570.000000	78.052	171.5142
580.000000	78.013	172.0979
590.000000	77.976	172.6852
600.000000	77.939	173.2755
608.000000	77.909	173.7464
615.000000	77.883	174.1618
622.000000	77.858	174.5828
630.000000	77.830	175.0748
640.000000	77.798	175.7006
650.000000	77.768	176.3214
660.000000	77.738	176.9414
670.000000	77.709	177.5727
680.000000	77.684	178.2092
690.000000	77.661	178.8382
700.000000	77.639	179.4884
710.000000	77.619	-179.8555
720.000000	77.602	-179.1982
730.000000	77.587	-178.5378
740.000000	77.575	-177.8718
750.000000	77.563	-177.1949
762.000000	77.553	-176.3792
775.000000	77.546	-175.4888
788.000000	77.544	-174.6003
800.000000	77.548	-173.7724
812.000000	77.557	-172.9415
825.000000	77.570	-172.0415
838.000000	77.587	-171.1479
850.000000	77.608	-170.3345
862.000000	77.634	-169.5253
875.000000	77.667	-168.6539
885.000000	77.695	-167.9836
900.000000	77.745	-166.9937
912.000000	77.789	-166.2151
925.000000	77.841	-165.3926
938.000000	77.899	-164.5902
950.000000	77.959	-163.8663
962.000000	78.022	-163.1675
975.000000	78.093	-162.4388
988.000000	78.167	-161.7433
1000.000000	78.239	-161.1294
1015.000000	78.331	-160.3990
1030.000000	78.427	-159.7081
1044.000000	78.520	-159.0998
1060.000000	78.630	-158.4538
1075.000000	78.731	-157.9008
1090.000000	78.833	-157.4043
1106.000000	78.942	-156.9118
1120.000000	79.037	-156.5163
1138.000000	79.155	-156.0621
1150.000000	79.231	-155.7872
1172.000000	79.368	-155.3236
1180.000000	79.417	-155.1697
1206.000000	79.568	-154.7066
1220.000000	79.646	-154.4776
1241.000000	79.758	-154.1564
1250.000000	79.804	-154.0212
1265.000000	79.880	-153.7993
1280.000000	79.953	-153.5824
1315.000000	80.114	-153.0954
1320.000000	80.137	-153.0259
1340.000000	80.227	-152.7381
1360.000000	80.317	-152.4409
1380.000000	80.406	-152.1453
1400.000000	80.492	-151.8480
1430.000000	80.624	-151.3916
1450.000000	80.716	-151.0742
1475.000000	80.836	-150.6779
1500.000000	80.961	-150.2962
1525.000000	81.092	-149.9482
1550.000000	81.229	-149.6412
1575.000000	81.371	-149.3719
1600.000000	81.516	-149.1688
1625.000000	81.664	-149.0424
1650.000000	81.813	-148.9954
1675.000000	81.957	-149.0237
1700.000000	82.095	-149.1143
1725.000000	82.226	-149.2673
1750.000000	82.347	-149.4656
1775.000000	82.458	-149.6836
1800.000000	82.559	-149.9116
1825.000000	82.651	-150.1369
1850.000000	82.736	-150.3453
1875.000000	82.816	-150.5364
1900.000000	82.891	-150.7084
1925.000000	82.963	-150.8556
1950.000000	83.033	-150.9785
1975.000000	83.102	-151.0830
2000.000000	83.170	-151.1746
2030.000000	83.252	-151.2685
2060.000000	83.334	-151.3483
2090.000000	83.417	-151.4191
2120.000000	83.501	-151.4851
2140.000000	83.558	-151.5301
2180.000000	83.673	-151.6272
2200.000000	83.732	-151.6801
2240.000000	83.849	-151.7937
2270.000000	83.938	-151.8927
2300.000000	84.027	-152.0031
2330.000000	84.117	-152.1301
2360.000000	84.206	-152.2699
2400.000000	84.324	-152.4786
2430.000000	84.412	-152.6520
2470.000000	84.526	-152.9042
2500.000000	84.610	-153.1068
2540.000000	84.718	-153.3934
2580.000000	84.822	-153.6834
2620.000000	84.922	-153.9613
2650.000000	84.995	-154.1572
2690.000000	85.093	-154.3906
2720.000000	85.168	-154.5337
2760.000000	85.277	-154.6900
2800.000000	85.402	-154.8439
2850.000000	85.583	-155.1499
2900.000000	85.776	-155.6988
2950.000000	85.957	-156.4867
3000.000000	86.117	-157.4165
3040.000000	86.228	-158.2101
3070.000000	86.304	-158.8209
3110.000000	86.394	-159.6427
3150.000000	86.475	-160.4675
3200.000000	86.568	-161.4888
3250.000000	86.651	-162.5241
3300.000000	86.724	-163.5636
3350.000000	86.788	-164.5979
3400.000000	86.844	-165.6268
3450.000000	86.893	-166.6577
3500.000000	86.935	-167.6867
3550.000000	86.970	-168.7052
3600.000000	87.000	-169.7125
3650.000000	87.027	-170.7153
3700.000000	87.052	-171.7154
3750.000000	87.075	-172.7234
3820.000000	87.105	-174.1738
3870.000000	87.124	-175.2624
3950.000000	87.144	-177.1247
4000.000000	87.147	-178.3754
4060.000000	87.131	-179.9671
4120.000000	87.088	178.3703
4180.000000	87.011	176.7020
4250.000000	86.882	174.8730
4310.000000	86.748	173.4760
4370.000000	86.606	172.2323
4440.000000	86.443	170.9167
4500.000000	86.306	169.8499
4550.000000	86.194	168.9697
4620.000000	86.035	167.7133
4680.000000	85.889	166.6149
4750.000000	85.706	165.3228
4820.000000	85.502	164.0396
4870.000000	85.343	163.1483
4940.000000	85.101	161.9606
5000.000000	84.876	161.0193
5080.000000	84.553	159.9129
5150.000000	84.251	159.1129
5220.000000	83.935	158.4954
5300.000000	83.564	158.0368
5380.000000	83.193	157.8531
5450.000000	82.875	157.9006
5520.000000	82.568	158.1099
5600.000000	82.230	158.5026
5700.000000	81.828	159.1954
5800.000000	81.449	160.0811
5900.000000	81.092	161.1419
6000.000000	80.755	162.3737
6080.000000	80.503	163.4788
6150.000000	80.296	164.5325
6220.000000	80.103	165.6611
6300.000000	79.901	167.0206
6400.000000	79.676	168.8114
6500.000000	79.485	170.6913
6600.000000	79.327	172.5995
6700.000000	79.189	174.5377
6800.000000	79.077	176.5534
6900.000000	78.994	178.6317
7000.000000	78.942	-179.2431
7100.000000	78.922	-177.0761
7200.000000	78.936	-174.8875
7300.000000	78.985	-172.7045
7400.000000	79.068	-170.5291
7500.000000	79.186	-168.3634
7620.000000	79.379	-165.7902
7750.000000	79.662	-163.0860
7880.000000	80.026	-160.5363
8000.000000	80.449	-158.3575
8120.000000	80.973	-156.5151
8250.000000	81.659	-155.2226
8380.000000	82.447	-155.0458
8500.000000	83.226	-156.1907
8620.000000	83.991	-158.8288
8750.000000	84.706	-163.4630
8850.000000	85.103	-168.1399
9000.000000	85.341	-176.2613
9120.000000	85.187	177.1383
9250.000000	84.712	170.7889
9380.000000	84.008	165.8384
9500.000000	83.243	162.6794
9620.000000	82.438	160.8206
9750.000000	81.575	160.0886
9880.000000	80.761	160.4505
10000.000000	80.070	161.5476
10150.000000	79.302	163.6935
10300.000000	78.643	166.4732
10440.000000	78.126	169.4709
10600.000000	77.647	173.2130
10750.000000	77.301	176.9168
10900.000000	77.056	-179.2782
11060.000000	76.904	-175.1872
11200.000000	76.866	-171.6418
11380.000000	76.953	-167.2631
11500.000000	77.099	-164.5334
11720.000000	77.561	-160.1511
11800.000000	77.794	-158.8317
12060.000000	78.799	-156.0386
12200.000000	79.494	-155.8961
12410.000000	80.681	-158.3885
12500.000000	81.198	-160.7127
12650.000000	81.967	-166.4768
12800.000000	82.478	-174.4097
13150.000000	82.003	163.8949
13200.000000	81.741	161.1464
13400.000000	80.370	152.3968
13600.000000	78.761	147.6188
13800.000000	77.193	146.2446
14000.000000	75.798	147.3009
14300.000000	74.095	151.7470
14500.000000	73.207	155.9127
14750.000000	72.343	161.9277
15000.000000	71.718	168.5170
15250.000000	71.307	175.4521
15500.000000	71.089	-177.4553
15750.000000	71.057	-170.3648
16000.000000	71.205	-163.4663
16250.000000	71.530	-156.9625
16500.000000	72.041	-151.0813
16750.000000	72.761	-146.1594
17000.000000	73.712	-142.7635
17250.000000	74.897	-141.7908
17500.000000	76.260	-144.4783
17750.000000	77.591	-152.1971
18000.000000	78.479	-165.4206
18250.000000	78.476	177.5241
18500.000000	77.413	160.1380
18750.000000	75.514	145.4484
19000.000000	73.186	134.4506
19250.000000	70.759	126.6814
19500.000000	68.414	121.4063
19750.000000	66.323	118.1513
20000.000000	65.028	116.7266
