* Measurement data measured by REW V5.31.3
* Source: Microphone (JadeAudio JA11), MICROPHONE (Master Volume), R, volume: 0.250
* Format: 512k Log Swept Sine, 1 sweep at -8.1 dBFS with no timing reference
* Dated: Apr 30, 2025 5:38:02 PM
* REW Settings:
*  C-weighting compensation: Off
*  Target level: 75.0 dB
* Note: 
* Measurement: R Zero Blue 2 (5?, OS300)
* Smoothing: 1/24 octave
* Frequency Step: 1/48 octave
* Start Frequency: 20.300 Hz
*
* Freq(Hz)	SPL(dB)	Phase(degrees)
20.299999	92.643	174.4147
20.600000	92.638	174.0056
20.900000	92.628	173.5396
21.200001	92.615	173.0769
21.400000	92.606	172.7745
21.799999	92.588	172.1884
22.000000	92.579	171.9009
22.400000	92.556	171.2921
22.700001	92.535	170.8479
23.000000	92.513	170.4120
23.299999	92.488	169.9446
23.600000	92.462	169.4889
24.000000	92.428	168.9031
24.299999	92.403	168.4340
24.700001	92.369	167.8202
25.000000	92.343	167.3696
25.400000	92.311	166.7330
25.799999	92.278	166.1151
26.200001	92.248	165.5093
26.500000	92.228	165.0621
26.900000	92.202	164.4842
27.200001	92.183	164.0630
27.600000	92.159	163.5137
28.000000	92.134	162.9783
28.500000	92.102	162.3472
29.000000	92.068	161.7436
29.500000	92.033	161.1679
30.000000	91.996	160.6074
30.400000	91.964	160.1716
30.700001	91.939	159.8588
31.100000	91.903	159.4568
31.500000	91.865	159.0549
32.000000	91.815	158.5534
32.500000	91.764	158.0064
33.000000	91.714	157.4597
33.500000	91.666	156.9117
34.000000	91.617	156.3977
34.500000	91.567	155.8879
35.000000	91.519	155.3828
35.500000	91.472	154.8696
36.000000	91.426	154.3637
36.500000	91.380	153.8707
37.000000	91.335	153.3951
37.500000	91.290	152.9460
38.200001	91.225	152.3513
38.700001	91.177	151.9383
39.500000	91.098	151.2674
40.000000	91.050	150.8551
40.599998	90.992	150.3777
41.200001	90.934	149.9220
41.799999	90.873	149.4691
42.500000	90.799	148.9394
43.099998	90.734	148.4856
43.700001	90.670	148.0220
44.400002	90.597	147.4946
45.000000	90.537	147.0789
45.500000	90.488	146.7525
46.200001	90.419	146.2928
46.799999	90.356	145.8847
47.500000	90.282	145.4127
48.200001	90.211	144.9607
48.700001	90.160	144.6464
49.400002	90.089	144.2159
50.000000	90.028	143.8639
50.799999	89.946	143.4107
51.500000	89.874	143.0157
52.200001	89.800	142.6235
53.000000	89.716	142.2103
53.799999	89.633	141.8096
54.500000	89.559	141.4252
55.200001	89.483	141.0420
56.000000	89.393	140.6413
57.000000	89.292	140.1472
58.000000	89.192	139.7149
59.000000	89.105	139.0753
60.000000	89.030	138.3248
60.799999	88.938	138.1436
61.500000	88.846	138.1328
62.200001	88.765	137.9787
63.000000	88.684	137.6796
64.000000	88.576	137.3313
65.000000	88.469	136.9437
66.000000	88.365	136.5865
67.000000	88.263	136.2679
68.000000	88.162	135.9464
69.000000	88.061	135.6306
70.000000	87.961	135.3274
71.000000	87.857	135.0415
72.000000	87.755	134.7567
73.000000	87.659	134.4968
74.000000	87.562	134.2603
75.000000	87.461	134.0177
76.199997	87.343	133.7326
77.500000	87.217	133.4487
78.800003	87.092	133.2128
80.000000	86.974	133.0070
81.199997	86.858	132.7910
82.500000	86.734	132.5735
83.800003	86.611	132.3814
85.000000	86.498	132.2262
86.199997	86.389	132.0705
87.500000	86.271	131.9061
88.500000	86.179	131.7977
90.000000	86.039	131.6598
91.199997	85.930	131.5582
92.500000	85.818	131.4474
93.800003	85.700	131.3752
95.000000	85.593	131.3194
96.199997	85.490	131.2633
97.500000	85.380	131.2015
98.800003	85.272	131.1391
100.000000	85.171	131.1076
101.500000	85.045	131.0947
103.000000	84.919	131.0915
104.400002	84.805	131.0947
106.000000	84.678	131.1187
107.500000	84.558	131.1631
109.000000	84.438	131.2185
110.599998	84.313	131.2780
112.000000	84.207	131.3388
113.800003	84.078	131.4066
115.000000	83.991	131.4496
117.199997	83.825	131.6314
118.000000	83.765	131.7080
120.599998	83.583	131.9359
122.000000	83.491	132.0739
124.099998	83.351	132.2757
125.000000	83.293	132.3694
126.500000	83.197	132.5305
128.000000	83.101	132.7041
131.500000	82.884	133.1357
132.000000	82.853	133.1928
134.000000	82.732	133.4121
136.000000	82.613	133.6662
138.000000	82.485	134.0027
140.000000	82.351	134.3675
143.000000	82.196	134.8345
145.000000	82.098	135.1449
147.500000	81.974	135.5135
150.000000	81.848	135.9546
152.500000	81.717	136.5293
155.000000	81.586	137.0872
157.500000	81.471	137.7096
160.000000	81.385	138.3869
162.500000	81.330	138.9826
165.000000	81.271	139.3967
167.500000	81.195	139.7151
170.000000	81.117	140.0412
172.500000	81.044	140.4179
175.000000	80.969	140.8107
177.500000	80.891	141.2039
180.000000	80.816	141.5924
182.500000	80.744	141.9760
185.000000	80.678	142.3705
187.500000	80.613	142.7596
190.000000	80.550	143.1503
192.500000	80.490	143.5443
195.000000	80.432	143.9316
197.500000	80.377	144.3579
200.000000	80.323	144.7670
203.000000	80.258	145.2251
206.000000	80.202	145.7599
209.000000	80.144	146.2061
212.000000	80.089	146.5790
214.000000	80.055	146.8189
218.000000	79.995	147.3145
220.000000	79.964	147.5854
224.000000	79.903	148.1239
227.000000	79.859	148.5046
230.000000	79.816	148.8624
233.000000	79.776	149.2349
236.000000	79.738	149.6134
240.000000	79.687	150.0952
243.000000	79.653	150.4283
247.000000	79.607	150.8663
250.000000	79.572	151.1897
254.000000	79.527	151.6240
258.000000	79.490	152.0112
262.000000	79.456	152.3823
265.000000	79.427	152.6588
269.000000	79.388	153.0379
272.000000	79.360	153.3169
276.000000	79.325	153.6688
280.000000	79.290	154.0110
285.000000	79.248	154.4191
290.000000	79.206	154.8323
295.000000	79.165	155.2273
300.000000	79.127	155.6069
304.000000	79.098	155.9029
307.000000	79.076	156.1240
311.000000	79.046	156.4185
315.000000	79.016	156.7058
320.000000	78.979	157.0598
325.000000	78.942	157.4060
330.000000	78.907	157.7450
335.000000	78.872	158.0554
340.000000	78.836	158.3602
345.000000	78.800	158.6819
350.000000	78.765	159.0175
355.000000	78.732	159.3500
360.000000	78.700	159.6673
365.000000	78.669	159.9717
370.000000	78.639	160.2798
375.000000	78.611	160.5820
382.000000	78.571	160.9806
387.000000	78.544	161.2616
395.000000	78.503	161.7138
400.000000	78.475	161.9673
406.000000	78.440	162.2673
412.000000	78.405	162.5833
418.000000	78.371	162.9027
425.000000	78.332	163.2685
431.000000	78.298	163.5796
437.000000	78.264	163.8810
444.000000	78.224	164.2375
450.000000	78.189	164.5518
455.000000	78.160	164.8187
462.000000	78.119	165.2022
468.000000	78.087	165.5356
475.000000	78.050	165.9260
482.000000	78.014	166.3130
487.000000	77.989	166.5835
494.000000	77.956	166.9629
500.000000	77.929	167.2985
508.000000	77.893	167.7334
515.000000	77.864	168.1169
522.000000	77.835	168.4998
530.000000	77.803	168.9301
538.000000	77.771	169.3553
545.000000	77.743	169.7372
552.000000	77.717	170.1238
560.000000	77.687	170.5658
570.000000	77.651	171.1093
580.000000	77.615	171.6598
590.000000	77.581	172.2154
600.000000	77.548	172.7687
608.000000	77.524	173.2132
615.000000	77.504	173.6075
622.000000	77.485	174.0005
630.000000	77.463	174.4565
640.000000	77.438	175.0238
650.000000	77.415	175.5926
660.000000	77.394	176.1672
670.000000	77.375	176.7490
680.000000	77.357	177.3316
690.000000	77.340	177.9115
700.000000	77.326	178.4958
710.000000	77.313	179.0876
720.000000	77.304	179.6832
730.000000	77.296	-179.7237
740.000000	77.290	-179.1262
750.000000	77.286	-178.5223
762.000000	77.284	-177.7976
775.000000	77.285	-177.0137
788.000000	77.290	-176.2288
800.000000	77.299	-175.4949
812.000000	77.311	-174.7646
825.000000	77.330	-173.9744
838.000000	77.355	-173.1934
850.000000	77.382	-172.4770
862.000000	77.413	-171.7663
875.000000	77.451	-171.0073
885.000000	77.484	-170.4340
900.000000	77.538	-169.5934
912.000000	77.585	-168.9350
925.000000	77.639	-168.2374
938.000000	77.698	-167.5635
950.000000	77.756	-166.9650
962.000000	77.818	-166.3870
975.000000	77.887	-165.7886
988.000000	77.960	-165.2166
1000.000000	78.030	-164.7180
1015.000000	78.121	-164.1353
1030.000000	78.214	-163.5920
1044.000000	78.302	-163.1252
1060.000000	78.404	-162.6365
1075.000000	78.499	-162.2234
1090.000000	78.594	-161.8508
1106.000000	78.694	-161.4922
1120.000000	78.781	-161.2120
1138.000000	78.890	-160.8973
1150.000000	78.961	-160.7126
1172.000000	79.088	-160.4196
1180.000000	79.133	-160.3239
1206.000000	79.274	-160.0532
1220.000000	79.347	-159.9296
1241.000000	79.452	-159.7664
1250.000000	79.496	-159.7045
1265.000000	79.567	-159.6106
1280.000000	79.635	-159.5249
1315.000000	79.785	-159.3477
1320.000000	79.805	-159.3240
1340.000000	79.885	-159.2345
1360.000000	79.961	-159.1495
1380.000000	80.035	-159.0650
1400.000000	80.105	-158.9730
1430.000000	80.208	-158.8186
1450.000000	80.277	-158.6997
1475.000000	80.365	-158.5469
1500.000000	80.455	-158.3967
1525.000000	80.548	-158.2635
1550.000000	80.643	-158.1619
1575.000000	80.739	-158.1023
1600.000000	80.833	-158.0862
1625.000000	80.923	-158.1147
1650.000000	81.007	-158.1709
1675.000000	81.083	-158.2403
1700.000000	81.151	-158.2972
1725.000000	81.213	-158.3070
1750.000000	81.275	-158.2379
1775.000000	81.349	-158.0916
1800.000000	81.445	-157.9407
1825.000000	81.560	-157.9083
1850.000000	81.681	-158.0848
1875.000000	81.788	-158.4574
1900.000000	81.867	-158.9281
1925.000000	81.922	-159.4056
1950.000000	81.957	-159.8365
1975.000000	81.979	-160.2056
2000.000000	81.991	-160.5160
2030.000000	81.995	-160.8164
2060.000000	81.989	-161.0419
2090.000000	81.972	-161.1840
2120.000000	81.943	-161.2245
2140.000000	81.917	-161.1781
2180.000000	81.853	-160.8244
2200.000000	81.820	-160.4761
2240.000000	81.778	-159.3763
2270.000000	81.796	-158.2469
2300.000000	81.877	-157.0425
2330.000000	82.012	-155.9722
2360.000000	82.178	-155.1263
2400.000000	82.424	-154.2454
2430.000000	82.632	-153.7094
2470.000000	82.953	-153.3073
2500.000000	83.212	-153.4055
2540.000000	83.533	-154.1403
2580.000000	83.777	-155.3318
2620.000000	83.935	-156.6167
2650.000000	84.009	-157.4821
2690.000000	84.068	-158.4010
2720.000000	84.098	-158.8858
2760.000000	84.138	-159.2682
2800.000000	84.194	-159.4015
2850.000000	84.310	-159.3488
2900.000000	84.489	-159.2504
2950.000000	84.730	-159.3641
3000.000000	85.007	-159.9162
3040.000000	85.225	-160.7055
3070.000000	85.375	-161.4544
3110.000000	85.552	-162.5782
3150.000000	85.705	-163.7751
3200.000000	85.872	-165.3209
3250.000000	86.018	-166.9024
3300.000000	86.148	-168.5097
3350.000000	86.267	-170.1486
3400.000000	86.378	-171.8524
3450.000000	86.479	-173.6487
3500.000000	86.564	-175.5461
3550.000000	86.630	-177.5355
3600.000000	86.678	-179.6064
3650.000000	86.704	178.2478
3700.000000	86.706	176.0451
3750.000000	86.682	173.8042
3820.000000	86.608	170.6452
3870.000000	86.529	168.3687
3950.000000	86.348	164.6774
4000.000000	86.194	162.3697
4060.000000	85.963	159.6669
4120.000000	85.685	157.1108
4180.000000	85.368	154.7575
4250.000000	84.956	152.3052
4310.000000	84.576	150.4771
4370.000000	84.178	148.9041
4440.000000	83.699	147.3875
4500.000000	83.281	146.3542
4550.000000	82.931	145.6699
4620.000000	82.441	144.9647
4680.000000	82.026	144.5810
4750.000000	81.548	144.3717
4820.000000	81.082	144.4026
4870.000000	80.756	144.5599
4940.000000	80.313	144.9568
5000.000000	79.946	145.4499
5080.000000	79.477	146.3116
5150.000000	79.088	147.2415
5220.000000	78.720	148.3147
5300.000000	78.327	149.6892
5380.000000	77.963	151.1978
5450.000000	77.668	152.6163
5520.000000	77.395	154.1150
5600.000000	77.109	155.9111
5700.000000	76.791	158.2675
5800.000000	76.518	160.7308
5900.000000	76.286	163.2890
6000.000000	76.098	165.9302
6080.000000	75.979	168.0944
6150.000000	75.901	170.0165
6220.000000	75.848	171.9501
6300.000000	75.814	174.1644
6400.000000	75.814	176.9435
6500.000000	75.865	179.7317
6600.000000	75.969	-177.5088
6700.000000	76.128	-174.8148
6800.000000	76.344	-172.2130
6900.000000	76.622	-169.7289
7000.000000	76.962	-167.4067
7100.000000	77.371	-165.2991
7200.000000	77.855	-163.4945
7300.000000	78.419	-162.0966
7400.000000	79.065	-161.2523
7500.000000	79.792	-161.1547
7620.000000	80.758	-162.3958
7750.000000	81.854	-166.0057
7880.000000	82.847	-172.5333
8000.000000	83.465	178.9176
8120.000000	83.614	168.8805
8250.000000	83.173	158.1430
8380.000000	82.216	149.3204
8500.000000	81.071	143.6567
8620.000000	79.850	140.3213
8750.000000	78.569	138.8027
8850.000000	77.656	138.7256
9000.000000	76.424	139.7526
9120.000000	75.547	141.2218
9250.000000	74.693	143.2460
9380.000000	73.926	145.5580
9500.000000	73.291	147.8419
9620.000000	72.716	150.1772
9750.000000	72.154	152.7051
9880.000000	71.650	155.1391
10000.000000	71.225	157.1953
10150.000000	70.724	159.4601
10300.000000	70.236	161.4363
10440.000000	69.780	163.0743
10600.000000	69.253	164.7757
10750.000000	68.751	166.2355
10900.000000	68.241	167.6115
11060.000000	67.692	169.0865
11200.000000	67.217	170.4008
11380.000000	66.621	172.1578
11500.000000	66.240	173.3740
11720.000000	65.587	175.6596
11800.000000	65.366	176.5140
12060.000000	64.712	179.4640
12200.000000	64.409	-178.8517
12410.000000	64.012	-176.1675
12500.000000	63.864	-174.9249
12650.000000	63.648	-172.6951
12800.000000	63.474	-170.2388
13150.000000	63.246	-163.5977
13200.000000	63.235	-162.5423
13400.000000	63.241	-158.0721
13600.000000	63.325	-153.2008
13800.000000	63.497	-147.9462
14000.000000	63.764	-142.3900
14300.000000	64.367	-133.5975
14500.000000	64.933	-127.5396
14750.000000	65.894	-120.1066
15000.000000	67.238	-113.6296
15250.000000	69.106	-109.8136
15500.000000	71.469	-112.2171
15750.000000	73.608	-125.2259
16000.000000	74.120	-147.6786
16250.000000	72.271	-169.6945
16500.000000	68.833	177.2749
16750.000000	65.003	173.2552
17000.000000	61.436	174.2120
17250.000000	58.253	176.4351
17500.000000	55.386	177.2020
17750.000000	52.825	174.6814
18000.000000	50.748	167.9754
18250.000000	49.527	158.4136
18500.000000	49.311	149.7738
18750.000000	49.748	144.9803
19000.000000	50.390	144.5295
19250.000000	50.980	147.5586
19500.000000	51.440	153.0859
19750.000000	51.761	160.1274
20000.000000	51.919	166.2376
