* Measurement data measured by REW V5.31.3
* Source: Microphone (JadeAudio JA11), MICROPHONE (Master Volume), R, volume: 0.250
* Format: 256k Log Swept Sine, 1 sweep at -7.3 dBFS with no timing reference
* Dated: Mar 26, 2025 7:16:34 PM
* REW Settings:
*  C-weighting compensation: Off
*  Target level: 75.0 dB
* Note: 
* Measurement: R Zero Blue 2 (5?, Foam tip)
* Smoothing: 1/24 octave
* Frequency Step: 1/48 octave
* Start Frequency: 20.000 Hz
*
* Freq(Hz)	SPL(dB)	Phase(degrees)
20.000000	92.827	172.1693
20.299999	92.825	171.7150
20.600000	92.821	171.2704
20.900000	92.815	170.8344
21.200001	92.806	170.4015
21.400000	92.797	170.1184
21.799999	92.778	169.5757
22.000000	92.766	169.3120
22.400000	92.741	168.7614
22.700001	92.720	168.3603
23.000000	92.699	167.9636
23.299999	92.676	167.5296
23.600000	92.651	167.1017
24.000000	92.615	166.5485
24.299999	92.588	166.1089
24.700001	92.553	165.5404
25.000000	92.527	165.1284
25.400000	92.495	164.5475
25.799999	92.465	163.9797
26.200001	92.437	163.4136
26.500000	92.416	162.9892
26.900000	92.389	162.4357
27.200001	92.370	162.0318
27.600000	92.344	161.5072
28.000000	92.318	160.9977
28.500000	92.286	160.3992
29.000000	92.254	159.8214
29.500000	92.221	159.2670
30.000000	92.185	158.7234
30.400000	92.154	158.2961
30.700001	92.129	157.9849
31.100000	92.094	157.5806
31.500000	92.059	157.1765
32.000000	92.013	156.6852
32.500000	91.966	156.1757
33.000000	91.918	155.6790
33.500000	91.869	155.1754
34.000000	91.821	154.6874
34.500000	91.775	154.1869
35.000000	91.729	153.6901
35.500000	91.683	153.1935
36.000000	91.637	152.7120
36.500000	91.593	152.2371
37.000000	91.549	151.7618
37.500000	91.503	151.2981
38.200001	91.436	150.6899
38.700001	91.390	150.2831
39.500000	91.320	149.6202
40.000000	91.272	149.1984
40.599998	91.212	148.7086
41.200001	91.152	148.2480
41.799999	91.094	147.7874
42.500000	91.025	147.2400
43.099998	90.964	146.7866
43.700001	90.902	146.3488
44.400002	90.832	145.8499
45.000000	90.771	145.4341
45.500000	90.721	145.0962
46.200001	90.653	144.6218
46.799999	90.595	144.2008
47.500000	90.522	143.7057
48.200001	90.447	143.2318
48.700001	90.394	142.9067
49.400002	90.320	142.4570
50.000000	90.257	142.0791
50.799999	90.173	141.5955
51.500000	90.103	141.1853
52.200001	90.033	140.7676
53.000000	89.950	140.2923
53.799999	89.863	139.8468
54.500000	89.787	139.4796
55.200001	89.711	139.1185
56.000000	89.625	138.6967
57.000000	89.513	138.1760
58.000000	89.408	137.6422
59.000000	89.293	137.0047
60.000000	89.155	136.5654
60.799999	89.072	136.3860
61.500000	89.022	136.1368
62.200001	88.966	135.7814
63.000000	88.887	135.3926
64.000000	88.786	134.9888
65.000000	88.684	134.6086
66.000000	88.579	134.2525
67.000000	88.473	133.9029
68.000000	88.366	133.5615
69.000000	88.259	133.2116
70.000000	88.151	132.8618
71.000000	88.043	132.5318
72.000000	87.936	132.2159
73.000000	87.831	131.9194
74.000000	87.726	131.6317
75.000000	87.621	131.3626
76.199997	87.497	131.0707
77.500000	87.365	130.7581
78.800003	87.233	130.4448
80.000000	87.110	130.1843
81.199997	86.991	129.9367
82.500000	86.859	129.6569
83.800003	86.724	129.4142
85.000000	86.601	129.2184
86.199997	86.479	129.0348
87.500000	86.348	128.8439
88.500000	86.248	128.7063
90.000000	86.100	128.5111
91.199997	85.980	128.3465
92.500000	85.845	128.2170
93.800003	85.716	128.1212
95.000000	85.598	128.0239
96.199997	85.480	127.9413
97.500000	85.355	127.8673
98.800003	85.232	127.8127
100.000000	85.121	127.7724
101.500000	84.982	127.7391
103.000000	84.842	127.7226
104.400002	84.712	127.7276
106.000000	84.564	127.7596
107.500000	84.430	127.7953
109.000000	84.296	127.8368
110.599998	84.153	127.9070
112.000000	84.027	127.9950
113.800003	83.868	128.1280
115.000000	83.765	128.2225
117.199997	83.578	128.4077
118.000000	83.512	128.4879
120.599998	83.298	128.8110
122.000000	83.188	129.0106
124.099998	83.027	129.3019
125.000000	82.959	129.4229
126.500000	82.846	129.6450
128.000000	82.736	129.9044
131.500000	82.481	130.5635
132.000000	82.445	130.6609
134.000000	82.306	131.0299
136.000000	82.178	131.3674
138.000000	82.059	131.7108
140.000000	81.936	132.1139
143.000000	81.742	132.8258
145.000000	81.615	133.2985
147.500000	81.472	133.8145
150.000000	81.338	134.3396
152.500000	81.201	134.9402
155.000000	81.065	135.6453
157.500000	80.951	136.3251
160.000000	80.845	136.9555
162.500000	80.738	137.5898
165.000000	80.635	138.2228
167.500000	80.536	138.8503
170.000000	80.437	139.4932
172.500000	80.338	140.1103
175.000000	80.252	140.7352
177.500000	80.184	141.3921
180.000000	80.118	142.1008
182.500000	80.046	142.7640
185.000000	79.973	143.3358
187.500000	79.909	143.8535
190.000000	79.849	144.4564
192.500000	79.789	145.0852
195.000000	79.729	145.6788
197.500000	79.679	146.2580
200.000000	79.640	146.8297
203.000000	79.599	147.5324
206.000000	79.563	148.1723
209.000000	79.526	148.8160
212.000000	79.493	149.5416
214.000000	79.474	150.0092
218.000000	79.440	150.8317
220.000000	79.429	151.1578
224.000000	79.410	151.7940
227.000000	79.393	152.3142
230.000000	79.370	152.8008
233.000000	79.346	153.2261
236.000000	79.329	153.6309
240.000000	79.309	154.1635
243.000000	79.293	154.5669
247.000000	79.274	155.0472
250.000000	79.261	155.4178
254.000000	79.245	155.9097
258.000000	79.223	156.3686
262.000000	79.205	156.8321
265.000000	79.192	157.1856
269.000000	79.178	157.6191
272.000000	79.170	157.8974
276.000000	79.154	158.2093
280.000000	79.130	158.5775
285.000000	79.107	159.0779
290.000000	79.090	159.5113
295.000000	79.068	159.9300
300.000000	79.050	160.3331
304.000000	79.039	160.6376
307.000000	79.031	160.8448
311.000000	79.019	161.1154
315.000000	79.005	161.4010
320.000000	78.985	161.7523
325.000000	78.967	162.0824
330.000000	78.949	162.4099
335.000000	78.929	162.7412
340.000000	78.910	163.0550
345.000000	78.891	163.3765
350.000000	78.868	163.7055
355.000000	78.843	163.9767
360.000000	78.823	164.2476
365.000000	78.806	164.5657
370.000000	78.789	164.8741
375.000000	78.772	165.1671
382.000000	78.748	165.5675
387.000000	78.732	165.8463
395.000000	78.707	166.2656
400.000000	78.693	166.5414
406.000000	78.680	166.8837
412.000000	78.668	167.1641
418.000000	78.653	167.4153
425.000000	78.638	167.7261
431.000000	78.623	167.9597
437.000000	78.601	168.1472
444.000000	78.573	168.3713
450.000000	78.548	168.5663
455.000000	78.524	168.7236
462.000000	78.487	168.9738
468.000000	78.454	169.2251
475.000000	78.416	169.5264
482.000000	78.378	169.8248
487.000000	78.350	170.0547
494.000000	78.313	170.3913
500.000000	78.281	170.6840
508.000000	78.241	171.0772
515.000000	78.210	171.4418
522.000000	78.181	171.8194
530.000000	78.147	172.2306
538.000000	78.117	172.6353
545.000000	78.091	173.0002
552.000000	78.064	173.3656
560.000000	78.033	173.7903
570.000000	77.996	174.3300
580.000000	77.959	174.8600
590.000000	77.924	175.3870
600.000000	77.891	175.9190
608.000000	77.867	176.3477
615.000000	77.845	176.7273
622.000000	77.823	177.1107
630.000000	77.800	177.5583
640.000000	77.772	178.1145
650.000000	77.745	178.6719
660.000000	77.722	179.2379
670.000000	77.698	179.8143
680.000000	77.676	-179.6028
690.000000	77.656	-179.0214
700.000000	77.639	-178.4433
710.000000	77.624	-177.8557
720.000000	77.611	-177.2470
730.000000	77.598	-176.6330
740.000000	77.588	-176.0218
750.000000	77.580	-175.4156
762.000000	77.574	-174.6763
775.000000	77.571	-173.8663
788.000000	77.572	-173.0563
800.000000	77.578	-172.3099
812.000000	77.587	-171.5627
825.000000	77.601	-170.7473
838.000000	77.620	-169.9339
850.000000	77.641	-169.1844
862.000000	77.666	-168.4444
875.000000	77.698	-167.6461
885.000000	77.727	-167.0363
900.000000	77.774	-166.1432
912.000000	77.816	-165.4441
925.000000	77.864	-164.6947
938.000000	77.918	-163.9635
950.000000	77.971	-163.3090
962.000000	78.028	-162.6742
975.000000	78.092	-162.0095
988.000000	78.159	-161.3660
1000.000000	78.224	-160.7963
1015.000000	78.309	-160.1219
1030.000000	78.396	-159.4908
1044.000000	78.478	-158.9371
1060.000000	78.574	-158.3475
1075.000000	78.665	-157.8336
1090.000000	78.756	-157.3492
1106.000000	78.853	-156.8700
1120.000000	78.939	-156.4815
1138.000000	79.047	-156.0320
1150.000000	79.117	-155.7577
1172.000000	79.244	-155.2910
1180.000000	79.289	-155.1370
1206.000000	79.429	-154.6779
1220.000000	79.502	-154.4454
1241.000000	79.608	-154.1232
1250.000000	79.652	-153.9938
1265.000000	79.724	-153.7849
1280.000000	79.793	-153.5785
1315.000000	79.944	-153.1004
1320.000000	79.965	-153.0331
1340.000000	80.047	-152.7604
1360.000000	80.130	-152.4781
1380.000000	80.212	-152.1950
1400.000000	80.291	-151.9131
1430.000000	80.408	-151.4758
1450.000000	80.487	-151.1626
1475.000000	80.589	-150.7583
1500.000000	80.696	-150.3504
1525.000000	80.807	-149.9575
1550.000000	80.924	-149.5896
1575.000000	81.045	-149.2415
1600.000000	81.170	-148.9298
1625.000000	81.299	-148.6592
1650.000000	81.429	-148.4299
1675.000000	81.560	-148.2482
1700.000000	81.690	-148.1161
1725.000000	81.820	-148.0298
1750.000000	81.947	-147.9943
1775.000000	82.069	-148.0021
1800.000000	82.186	-148.0409
1825.000000	82.298	-148.1022
1850.000000	82.405	-148.1752
1875.000000	82.508	-148.2586
1900.000000	82.606	-148.3556
1925.000000	82.700	-148.4557
1950.000000	82.790	-148.5456
1975.000000	82.875	-148.6175
2000.000000	82.959	-148.6735
2030.000000	83.060	-148.7274
2060.000000	83.161	-148.7710
2090.000000	83.263	-148.8055
2120.000000	83.367	-148.8401
2140.000000	83.437	-148.8695
2180.000000	83.578	-148.9421
2200.000000	83.650	-148.9846
2240.000000	83.794	-149.0859
2270.000000	83.902	-149.1799
2300.000000	84.012	-149.2900
2330.000000	84.121	-149.4186
2360.000000	84.230	-149.5694
2400.000000	84.375	-149.8039
2430.000000	84.484	-150.0013
2470.000000	84.628	-150.2942
2500.000000	84.735	-150.5397
2540.000000	84.877	-150.9027
2580.000000	85.016	-151.3056
2620.000000	85.152	-151.7468
2650.000000	85.251	-152.1004
2690.000000	85.381	-152.6043
2720.000000	85.475	-153.0022
2760.000000	85.597	-153.5582
2800.000000	85.715	-154.1401
2850.000000	85.858	-154.9108
2900.000000	85.994	-155.7325
2950.000000	86.121	-156.5961
3000.000000	86.238	-157.4976
3040.000000	86.325	-158.2393
3070.000000	86.387	-158.8058
3110.000000	86.464	-159.5688
3150.000000	86.535	-160.3442
3200.000000	86.618	-161.3267
3250.000000	86.690	-162.3238
3300.000000	86.754	-163.3318
3350.000000	86.809	-164.3418
3400.000000	86.855	-165.3514
3450.000000	86.893	-166.3540
3500.000000	86.923	-167.3481
3550.000000	86.947	-168.3331
3600.000000	86.964	-169.3070
3650.000000	86.975	-170.2695
3700.000000	86.981	-171.2197
3750.000000	86.981	-172.1601
3820.000000	86.972	-173.4529
3870.000000	86.960	-174.3632
3950.000000	86.931	-175.7945
4000.000000	86.908	-176.6739
4060.000000	86.874	-177.7150
4120.000000	86.835	-178.7425
4180.000000	86.790	-179.7610
4250.000000	86.730	179.0670
4310.000000	86.672	178.0792
4370.000000	86.609	177.1022
4440.000000	86.527	175.9783
4500.000000	86.450	175.0294
4550.000000	86.381	174.2476
4620.000000	86.278	173.1771
4680.000000	86.182	172.2828
4750.000000	86.062	171.2680
4820.000000	85.934	170.2918
4870.000000	85.837	169.6217
4940.000000	85.694	168.7249
5000.000000	85.566	167.9950
5080.000000	85.387	167.0898
5150.000000	85.224	166.3622
5220.000000	85.056	165.6983
5300.000000	84.859	165.0283
5380.000000	84.657	164.4553
5450.000000	84.480	164.0330
5520.000000	84.303	163.6868
5600.000000	84.101	163.3844
5700.000000	83.854	163.1441
5800.000000	83.615	163.0431
5900.000000	83.388	163.0775
6000.000000	83.175	163.2182
6080.000000	83.015	163.4053
6150.000000	82.884	163.6223
6220.000000	82.764	163.8778
6300.000000	82.640	164.2029
6400.000000	82.503	164.6391
6500.000000	82.384	165.1002
6600.000000	82.286	165.5786
6700.000000	82.210	166.0588
6800.000000	82.156	166.5158
6900.000000	82.124	166.9386
7000.000000	82.115	167.3041
7100.000000	82.128	167.5590
7200.000000	82.159	167.6667
7300.000000	82.202	167.6333
7400.000000	82.259	167.4502
7500.000000	82.327	167.0749
7620.000000	82.415	166.3125
7750.000000	82.502	165.0770
7880.000000	82.569	163.3779
8000.000000	82.591	161.3268
8120.000000	82.544	158.8648
8250.000000	82.389	155.8591
8380.000000	82.101	152.6988
8500.000000	81.703	149.9003
8620.000000	81.179	147.5001
8750.000000	80.494	145.6394
8850.000000	79.911	144.8737
9000.000000	79.005	144.8997
9120.000000	78.299	145.8190
9250.000000	77.581	147.5039
9380.000000	76.921	149.7514
9500.000000	76.364	152.1897
9620.000000	75.855	154.8911
9750.000000	75.355	158.0700
9880.000000	74.910	161.4663
10000.000000	74.547	164.7247
10150.000000	74.150	168.9020
10300.000000	73.812	173.1807
10440.000000	73.546	177.2521
10600.000000	73.301	-178.0335
10750.000000	73.132	-173.5837
10900.000000	73.022	-169.1692
11060.000000	72.966	-164.4963
11200.000000	72.972	-160.4400
11380.000000	73.058	-155.3357
11500.000000	73.167	-152.0327
11720.000000	73.478	-146.2458
11800.000000	73.629	-144.2549
12060.000000	74.272	-138.3325
12200.000000	74.720	-135.5699
12410.000000	75.533	-132.1868
12500.000000	75.935	-131.0941
12650.000000	76.678	-129.8881
12800.000000	77.501	-129.6351
13150.000000	79.559	-134.1194
13200.000000	79.836	-135.4487
13400.000000	80.776	-142.4536
13600.000000	81.292	-151.4501
13800.000000	81.278	-160.8344
14000.000000	80.793	-168.8821
14300.000000	79.591	-176.3976
14500.000000	78.745	-178.3575
14750.000000	77.836	-178.2510
15000.000000	77.164	-176.2530
15250.000000	76.756	-173.1652
15500.000000	76.609	-169.6097
15750.000000	76.719	-166.1368
16000.000000	77.084	-163.3316
16250.000000	77.682	-161.9483
16500.000000	78.449	-162.9272
16750.000000	79.226	-167.1958
17000.000000	79.741	-175.0935
17250.000000	79.696	174.3574
17500.000000	78.944	163.3727
17750.000000	77.593	154.1338
18000.000000	75.907	147.6328
18250.000000	74.143	143.6047
18500.000000	72.460	141.2361
18750.000000	70.922	139.7099
19000.000000	69.532	138.4282
19250.000000	68.267	137.1016
19500.000000	67.097	135.7294
19750.000000	66.064	134.5466
20000.000000	65.439	133.9000
