* Measurement data measured by REW V5.31.3
* Source: Microphone (JadeAudio JA11), MICROPHONE (Master Volume), L, volume: 0.250
* Format: 512k Log Swept Sine, 1 sweep at -14.9 dBFS with no timing reference
* Dated: Oct 24, 2025 10:45:04 PM
* REW Settings:
*  C-weighting compensation: Off
*  Target level: 75.0 dB
* Note: 
* Measurement: L Pure (Crystal 2)
* Smoothing: 1/24 octave
* Frequency Step: 1/48 octave
* Start Frequency: 20.300 Hz
*
* Freq(Hz)	SPL(dB)	Phase(degrees)
20.299999	89.882	171.8132
20.600000	89.870	171.6321
20.900000	89.855	171.4180
21.200001	89.839	171.2117
21.400000	89.828	171.0806
21.799999	89.806	170.8338
22.000000	89.793	170.7131
22.400000	89.763	170.4309
22.700001	89.737	170.2262
23.000000	89.710	170.0268
23.299999	89.682	169.7935
23.600000	89.653	169.5701
24.000000	89.616	169.2917
24.299999	89.589	169.0521
24.700001	89.553	168.7454
25.000000	89.527	168.5268
25.400000	89.495	168.2010
25.799999	89.464	167.8911
26.200001	89.436	167.5848
26.500000	89.417	167.3550
26.900000	89.393	167.0595
27.200001	89.376	166.8476
27.600000	89.355	166.5777
28.000000	89.335	166.3233
28.500000	89.310	166.0435
29.000000	89.284	165.7901
29.500000	89.256	165.5673
30.000000	89.227	165.3609
30.400000	89.202	165.2023
30.700001	89.183	165.0902
31.100000	89.156	164.9471
31.500000	89.128	164.8016
32.000000	89.091	164.6330
32.500000	89.054	164.4377
33.000000	89.016	164.2463
33.500000	88.979	164.0375
34.000000	88.943	163.8430
34.500000	88.909	163.6442
35.000000	88.877	163.4519
35.500000	88.846	163.2547
36.000000	88.816	163.0650
36.500000	88.785	162.8848
37.000000	88.755	162.7132
37.500000	88.724	162.5557
38.200001	88.684	162.3582
38.700001	88.656	162.2358
39.500000	88.612	162.0478
40.000000	88.584	161.9384
40.599998	88.550	161.8183
41.200001	88.513	161.7034
41.799999	88.471	161.5552
42.500000	88.419	161.3514
43.099998	88.382	161.2150
43.700001	88.353	161.1269
44.400002	88.320	161.0343
45.000000	88.288	160.9286
45.500000	88.259	160.8341
46.200001	88.221	160.7164
46.799999	88.189	160.6208
47.500000	88.152	160.5067
48.200001	88.115	160.4081
48.700001	88.089	160.3491
49.400002	88.053	160.2677
50.000000	88.023	160.1973
50.799999	87.982	160.1071
51.500000	87.947	160.0402
52.200001	87.912	159.9811
53.000000	87.871	159.9084
53.799999	87.830	159.8203
54.500000	87.798	159.7466
55.200001	87.765	159.6907
56.000000	87.726	159.6451
57.000000	87.683	159.5861
58.000000	87.638	159.5017
59.000000	87.603	159.4081
60.000000	87.584	159.3307
60.799999	87.543	159.3012
61.500000	87.496	159.2883
62.200001	87.458	159.2636
63.000000	87.425	159.2283
64.000000	87.382	159.2059
65.000000	87.340	159.1798
66.000000	87.297	159.1451
67.000000	87.256	159.1223
68.000000	87.218	159.0932
69.000000	87.181	159.0708
70.000000	87.144	159.0630
71.000000	87.108	159.0552
72.000000	87.072	159.0516
73.000000	87.036	159.0559
74.000000	87.000	159.0631
75.000000	86.964	159.0679
76.199997	86.924	159.0655
77.500000	86.882	159.0626
78.800003	86.841	159.0737
80.000000	86.802	159.0875
81.199997	86.763	159.0939
82.500000	86.723	159.1109
83.800003	86.684	159.1417
85.000000	86.649	159.1702
86.199997	86.613	159.1988
87.500000	86.574	159.2288
88.500000	86.545	159.2500
90.000000	86.503	159.2849
91.199997	86.470	159.3146
92.500000	86.434	159.3450
93.800003	86.400	159.3918
95.000000	86.369	159.4310
96.199997	86.339	159.4612
97.500000	86.308	159.4944
98.800003	86.277	159.5267
100.000000	86.248	159.5662
101.500000	86.211	159.6227
103.000000	86.176	159.6714
104.400002	86.144	159.7172
106.000000	86.108	159.7794
107.500000	86.076	159.8403
109.000000	86.044	159.8967
110.599998	86.011	159.9497
112.000000	85.981	159.9883
113.800003	85.946	160.0398
115.000000	85.922	160.0787
117.199997	85.881	160.1663
118.000000	85.866	160.1994
120.599998	85.817	160.2937
122.000000	85.790	160.3383
124.099998	85.753	160.4202
125.000000	85.738	160.4556
126.500000	85.713	160.5115
128.000000	85.687	160.5603
131.500000	85.630	160.6793
132.000000	85.622	160.6958
134.000000	85.590	160.7557
136.000000	85.559	160.8368
138.000000	85.531	160.9272
140.000000	85.501	161.0184
143.000000	85.457	161.1450
145.000000	85.427	161.2091
147.500000	85.390	161.2883
150.000000	85.352	161.4057
152.500000	85.313	161.5494
155.000000	85.279	161.6990
157.500000	85.253	161.8822
160.000000	85.233	162.0965
162.500000	85.215	162.2225
165.000000	85.198	162.2967
167.500000	85.175	162.3096
170.000000	85.146	162.2935
172.500000	85.111	162.3221
175.000000	85.074	162.4144
177.500000	85.034	162.4931
180.000000	84.993	162.5428
182.500000	84.959	162.6969
185.000000	84.930	162.8838
187.500000	84.906	163.0476
190.000000	84.888	163.1955
192.500000	84.875	163.2990
195.000000	84.862	163.3530
197.500000	84.849	163.3846
200.000000	84.835	163.4072
203.000000	84.811	163.4604
206.000000	84.789	163.5182
209.000000	84.770	163.5513
212.000000	84.749	163.5950
214.000000	84.740	163.6533
218.000000	84.723	163.7318
220.000000	84.712	163.7531
224.000000	84.690	163.7896
227.000000	84.674	163.8290
230.000000	84.655	163.8753
233.000000	84.634	163.9210
236.000000	84.612	163.9741
240.000000	84.585	164.0472
243.000000	84.566	164.0900
247.000000	84.541	164.1573
250.000000	84.521	164.2162
254.000000	84.493	164.2844
258.000000	84.465	164.3601
262.000000	84.438	164.4390
265.000000	84.417	164.4872
269.000000	84.388	164.5450
272.000000	84.367	164.5906
276.000000	84.339	164.6546
280.000000	84.309	164.7217
285.000000	84.273	164.8125
290.000000	84.239	164.9043
295.000000	84.205	165.0028
300.000000	84.171	165.0956
304.000000	84.144	165.1680
307.000000	84.125	165.2251
311.000000	84.099	165.2967
315.000000	84.073	165.3640
320.000000	84.041	165.4524
325.000000	84.010	165.5475
330.000000	83.978	165.6380
335.000000	83.946	165.7282
340.000000	83.915	165.8139
345.000000	83.885	165.9038
350.000000	83.855	165.9996
355.000000	83.825	166.0978
360.000000	83.794	166.1905
365.000000	83.765	166.2860
370.000000	83.735	166.3888
375.000000	83.705	166.4911
382.000000	83.663	166.6322
387.000000	83.633	166.7355
395.000000	83.584	166.8980
400.000000	83.554	167.0020
406.000000	83.517	167.1340
412.000000	83.481	167.2757
418.000000	83.447	167.4227
425.000000	83.407	167.5965
431.000000	83.374	167.7502
437.000000	83.342	167.9071
444.000000	83.306	168.0891
450.000000	83.275	168.2407
455.000000	83.250	168.3680
462.000000	83.215	168.5439
468.000000	83.184	168.6903
475.000000	83.146	168.8706
482.000000	83.110	169.0568
487.000000	83.083	169.1932
494.000000	83.047	169.3865
500.000000	83.015	169.5541
508.000000	82.975	169.7878
515.000000	82.940	169.9979
522.000000	82.908	170.2100
530.000000	82.871	170.4549
538.000000	82.834	170.7041
545.000000	82.803	170.9240
552.000000	82.771	171.1468
560.000000	82.735	171.4013
570.000000	82.690	171.7267
580.000000	82.645	172.0583
590.000000	82.600	172.3958
600.000000	82.556	172.7389
608.000000	82.520	173.0250
615.000000	82.488	173.2847
622.000000	82.458	173.5549
630.000000	82.423	173.8736
640.000000	82.381	174.2812
650.000000	82.340	174.7047
660.000000	82.301	175.1439
670.000000	82.263	175.5985
680.000000	82.228	176.0627
690.000000	82.196	176.5305
700.000000	82.166	177.0039
710.000000	82.138	177.4869
720.000000	82.110	177.9793
730.000000	82.084	178.4829
740.000000	82.060	179.0001
750.000000	82.038	179.5288
762.000000	82.015	-179.8281
775.000000	81.994	-179.1225
788.000000	81.976	-178.3940
800.000000	81.962	-177.7078
812.000000	81.950	-177.0183
825.000000	81.941	-176.2632
838.000000	81.937	-175.5042
850.000000	81.939	-174.8014
862.000000	81.946	-174.1008
875.000000	81.958	-173.3461
885.000000	81.972	-172.7690
900.000000	81.999	-171.9161
912.000000	82.025	-171.2480
925.000000	82.058	-170.5399
938.000000	82.097	-169.8509
950.000000	82.138	-169.2330
962.000000	82.183	-168.6347
975.000000	82.234	-168.0134
988.000000	82.289	-167.4204
1000.000000	82.341	-166.9000
1015.000000	82.407	-166.2900
1030.000000	82.474	-165.7270
1044.000000	82.539	-165.2417
1060.000000	82.614	-164.7361
1075.000000	82.687	-164.3113
1090.000000	82.760	-163.9338
1106.000000	82.838	-163.5799
1120.000000	82.905	-163.3125
1138.000000	82.988	-163.0172
1150.000000	83.042	-162.8459
1172.000000	83.134	-162.5852
1180.000000	83.166	-162.5042
1206.000000	83.262	-162.2860
1220.000000	83.310	-162.1907
1241.000000	83.378	-162.0700
1250.000000	83.407	-162.0225
1265.000000	83.456	-161.9479
1280.000000	83.504	-161.8804
1315.000000	83.607	-161.7353
1320.000000	83.620	-161.7153
1340.000000	83.671	-161.6342
1360.000000	83.718	-161.5463
1380.000000	83.762	-161.4506
1400.000000	83.802	-161.3458
1430.000000	83.859	-161.1671
1450.000000	83.894	-161.0291
1475.000000	83.936	-160.8400
1500.000000	83.977	-160.6303
1525.000000	84.018	-160.4017
1550.000000	84.058	-160.1576
1575.000000	84.100	-159.8974
1600.000000	84.145	-159.6190
1625.000000	84.195	-159.3310
1650.000000	84.248	-159.0306
1675.000000	84.304	-158.7200
1700.000000	84.361	-158.4043
1725.000000	84.421	-158.0863
1750.000000	84.483	-157.7630
1775.000000	84.547	-157.4360
1800.000000	84.613	-157.1041
1825.000000	84.682	-156.7717
1850.000000	84.754	-156.4427
1875.000000	84.829	-156.1195
1900.000000	84.907	-155.8054
1925.000000	84.987	-155.5025
1950.000000	85.069	-155.2085
1975.000000	85.155	-154.9245
2000.000000	85.242	-154.6540
2030.000000	85.350	-154.3497
2060.000000	85.461	-154.0721
2090.000000	85.575	-153.8245
2120.000000	85.692	-153.6057
2140.000000	85.771	-153.4731
2180.000000	85.932	-153.2408
2200.000000	86.015	-153.1450
2240.000000	86.182	-153.0044
2270.000000	86.308	-152.9397
2300.000000	86.435	-152.9072
2330.000000	86.562	-152.9098
2360.000000	86.690	-152.9467
2400.000000	86.860	-153.0407
2430.000000	86.987	-153.1474
2470.000000	87.157	-153.3411
2500.000000	87.281	-153.5151
2540.000000	87.447	-153.7816
2580.000000	87.615	-154.1063
2620.000000	87.786	-154.5112
2650.000000	87.915	-154.8742
2690.000000	88.086	-155.4458
2720.000000	88.214	-155.9449
2760.000000	88.380	-156.7087
2800.000000	88.538	-157.5868
2850.000000	88.719	-158.8358
2900.000000	88.878	-160.2281
2950.000000	89.013	-161.7307
3000.000000	89.122	-163.3165
3040.000000	89.190	-164.6297
3070.000000	89.230	-165.6372
3110.000000	89.267	-167.0016
3150.000000	89.284	-168.3766
3200.000000	89.280	-170.0701
3250.000000	89.248	-171.6955
3300.000000	89.192	-173.2305
3350.000000	89.116	-174.6648
3400.000000	89.024	-175.9944
3450.000000	88.918	-177.2122
3500.000000	88.799	-178.3169
3550.000000	88.671	-179.3066
3600.000000	88.537	179.8196
3650.000000	88.398	179.0581
3700.000000	88.258	178.4079
3750.000000	88.117	177.8617
3820.000000	87.921	177.2620
3870.000000	87.785	176.9404
3950.000000	87.574	176.5927
4000.000000	87.449	176.4700
4060.000000	87.306	176.3945
4120.000000	87.174	176.3691
4180.000000	87.049	176.3751
4250.000000	86.913	176.4189
4310.000000	86.803	176.4832
4370.000000	86.700	176.5628
4440.000000	86.586	176.6689
4500.000000	86.492	176.7680
4550.000000	86.417	176.8531
4620.000000	86.315	176.9778
4680.000000	86.229	177.0883
4750.000000	86.131	177.2183
4820.000000	86.034	177.3555
4870.000000	85.965	177.4585
4940.000000	85.867	177.6142
5000.000000	85.780	177.7614
5080.000000	85.661	177.9896
5150.000000	85.552	178.2309
5220.000000	85.440	178.5274
5300.000000	85.312	178.9502
5380.000000	85.185	179.4853
5450.000000	85.081	-179.9442
5520.000000	84.985	-179.2848
5600.000000	84.891	-178.4339
5700.000000	84.804	-177.2635
5800.000000	84.756	-176.0417
5900.000000	84.749	-174.8704
6000.000000	84.777	-173.8566
6080.000000	84.813	-173.2006
6150.000000	84.848	-172.7424
6220.000000	84.879	-172.3763
6300.000000	84.903	-172.0314
6400.000000	84.914	-171.6277
6500.000000	84.907	-171.1517
6600.000000	84.896	-170.5267
6700.000000	84.894	-169.7190
6800.000000	84.917	-168.7325
6900.000000	84.981	-167.6030
7000.000000	85.095	-166.3918
7100.000000	85.271	-165.1841
7200.000000	85.517	-164.0977
7300.000000	85.831	-163.2745
7400.000000	86.201	-162.8007
7500.000000	86.638	-162.6616
7620.000000	87.272	-163.3395
7750.000000	88.043	-165.7200
7880.000000	88.796	-170.2908
8000.000000	89.322	-176.6675
8120.000000	89.485	175.3329
8250.000000	89.074	167.0070
8380.000000	88.494	162.6606
8500.000000	88.475	157.6144
8620.000000	87.896	149.0600
8750.000000	86.542	142.9535
8850.000000	85.431	140.9601
9000.000000	83.933	140.5918
9120.000000	82.899	141.6546
9250.000000	81.929	143.6402
9380.000000	81.099	146.1952
9500.000000	80.447	148.8799
9620.000000	79.894	151.7558
9750.000000	79.398	154.9676
9880.000000	79.001	158.1769
10000.000000	78.711	161.0561
10150.000000	78.440	164.4288
10300.000000	78.257	167.4310
10440.000000	78.149	169.7892
10600.000000	78.072	171.8520
10750.000000	78.008	173.1394
10900.000000	77.915	173.8633
11060.000000	77.746	174.2014
11200.000000	77.518	174.3721
11380.000000	77.116	174.8343
11500.000000	76.795	175.5057
11720.000000	76.164	177.8175
11800.000000	75.943	179.0264
12060.000000	75.352	-175.9307
12200.000000	75.146	-172.7786
12410.000000	74.999	-167.9733
12500.000000	74.990	-165.9986
12650.000000	75.029	-162.9253
12800.000000	75.114	-160.1163
13150.000000	75.479	-153.9963
13200.000000	75.558	-153.2079
13400.000000	75.931	-150.4517
13600.000000	76.371	-148.3303
13800.000000	76.869	-146.8160
14000.000000	77.429	-145.9552
14300.000000	78.389	-146.1742
14500.000000	79.113	-147.7071
14750.000000	80.048	-151.8968
15000.000000	80.842	-159.1585
15250.000000	81.228	-169.2216
15500.000000	80.981	179.4638
15750.000000	80.073	169.2558
16000.000000	78.745	162.2146
16250.000000	77.464	159.4743
16500.000000	76.591	159.7494
16750.000000	76.034	160.5856
17000.000000	75.601	161.6592
17250.000000	75.273	163.1589
17500.000000	75.080	164.7953
17750.000000	74.987	165.9500
18000.000000	74.844	166.2611
18250.000000	74.478	167.2267
18500.000000	74.393	173.0969
18750.000000	75.673	178.1979
19000.000000	76.738	171.0145
19250.000000	76.404	160.7858
19500.000000	75.324	154.7192
19750.000000	74.243	152.1695
20000.000000	73.591	151.0300
