* Measurement data measured by REW V5.31.3
* Source: Microphone (JadeAudio JA11), MICROPHONE (Master Volume), R, volume: 0.250
* Format: 512k Log Swept Sine, 1 sweep at -8.1 dBFS with no timing reference
* Dated: Apr 27, 2025 10:08:07 PM
* REW Settings:
*  C-weighting compensation: Off
*  Target level: 75.0 dB
* Note: 
* Measurement: L Zero Blue 2 (5?) S2
* Smoothing: 1/24 octave
* Frequency Step: 1/48 octave
* Start Frequency: 20.300 Hz
*
* Freq(Hz)	SPL(dB)	Phase(degrees)
20.299999	94.318	175.1111
20.600000	94.315	174.6759
20.900000	94.308	174.1799
21.200001	94.299	173.6895
21.400000	94.293	173.3718
21.799999	94.279	172.7656
22.000000	94.271	172.4731
22.400000	94.250	171.8611
22.700001	94.231	171.4169
23.000000	94.210	170.9804
23.299999	94.187	170.5098
23.600000	94.163	170.0476
24.000000	94.131	169.4486
24.299999	94.107	168.9674
24.700001	94.074	168.3376
25.000000	94.050	167.8769
25.400000	94.019	167.2299
25.799999	93.990	166.6032
26.200001	93.963	165.9868
26.500000	93.944	165.5296
26.900000	93.920	164.9379
27.200001	93.902	164.5087
27.600000	93.879	163.9535
28.000000	93.857	163.4148
28.500000	93.829	162.7746
29.000000	93.799	162.1523
29.500000	93.766	161.5599
30.000000	93.730	160.9951
30.400000	93.699	160.5595
30.700001	93.675	160.2424
31.100000	93.641	159.8243
31.500000	93.606	159.4005
32.000000	93.559	158.8859
32.500000	93.511	158.3580
33.000000	93.463	157.8469
33.500000	93.415	157.3172
34.000000	93.369	156.7911
34.500000	93.322	156.2574
35.000000	93.275	155.7411
35.500000	93.229	155.2323
36.000000	93.184	154.7310
36.500000	93.141	154.2308
37.000000	93.100	153.7368
37.500000	93.057	153.2645
38.200001	92.994	152.6363
38.700001	92.948	152.2060
39.500000	92.875	151.5392
40.000000	92.826	151.1458
40.599998	92.766	150.6847
41.200001	92.707	150.2227
41.799999	92.648	149.7457
42.500000	92.577	149.1906
43.099998	92.514	148.7305
43.700001	92.451	148.2636
44.400002	92.382	147.7056
45.000000	92.323	147.2415
45.500000	92.274	146.8853
46.200001	92.205	146.4286
46.799999	92.146	146.0441
47.500000	92.078	145.5813
48.200001	92.008	145.1203
48.700001	91.956	144.7997
49.400002	91.884	144.3587
50.000000	91.821	143.9871
50.799999	91.739	143.4974
51.500000	91.667	143.0876
52.200001	91.595	142.7035
53.000000	91.510	142.2721
53.799999	91.425	141.8278
54.500000	91.353	141.4476
55.200001	91.283	141.0731
56.000000	91.199	140.6566
57.000000	91.088	140.1986
58.000000	90.980	139.7603
59.000000	90.877	139.5115
60.000000	90.780	139.3372
60.799999	90.708	138.9000
61.500000	90.646	138.4316
62.200001	90.582	138.0765
63.000000	90.507	137.7630
64.000000	90.410	137.3526
65.000000	90.313	136.9585
66.000000	90.214	136.5619
67.000000	90.114	136.1736
68.000000	90.015	135.8009
69.000000	89.913	135.4419
70.000000	89.812	135.1125
71.000000	89.713	134.8061
72.000000	89.615	134.5093
73.000000	89.517	134.2119
74.000000	89.419	133.9233
75.000000	89.321	133.6496
76.199997	89.202	133.3396
77.500000	89.075	133.0470
78.800003	88.948	132.7569
80.000000	88.828	132.4913
81.199997	88.713	132.2495
82.500000	88.592	132.0133
83.800003	88.473	131.7766
85.000000	88.363	131.5648
86.199997	88.253	131.3745
87.500000	88.133	131.1752
88.500000	88.042	131.0279
90.000000	87.905	130.8329
91.199997	87.797	130.7053
92.500000	87.682	130.5754
93.800003	87.565	130.4567
95.000000	87.459	130.3410
96.199997	87.354	130.2213
97.500000	87.243	130.1201
98.800003	87.133	130.0419
100.000000	87.032	129.9722
101.500000	86.908	129.8911
103.000000	86.782	129.8194
104.400002	86.665	129.7620
106.000000	86.534	129.7114
107.500000	86.411	129.6727
109.000000	86.291	129.6598
110.599998	86.164	129.6843
112.000000	86.053	129.6963
113.800003	85.911	129.7197
115.000000	85.817	129.7638
117.199997	85.650	129.8683
118.000000	85.590	129.9094
120.599998	85.396	130.0441
122.000000	85.295	130.1111
124.099998	85.147	130.2374
125.000000	85.083	130.3109
126.500000	84.978	130.4535
128.000000	84.876	130.6014
131.500000	84.640	130.9641
132.000000	84.607	131.0234
134.000000	84.478	131.2752
136.000000	84.355	131.5359
138.000000	84.229	131.7921
140.000000	84.095	132.0635
143.000000	83.912	132.4891
145.000000	83.803	132.7252
147.500000	83.669	133.1471
150.000000	83.540	133.5819
152.500000	83.404	133.9765
155.000000	83.284	134.3765
157.500000	83.161	134.7804
160.000000	83.038	135.2579
162.500000	82.926	135.7309
165.000000	82.817	136.1921
167.500000	82.712	136.6665
170.000000	82.612	137.1426
172.500000	82.514	137.6381
175.000000	82.427	138.1296
177.500000	82.353	138.6209
180.000000	82.287	139.1102
182.500000	82.202	139.5513
185.000000	82.111	139.9786
187.500000	82.027	140.4513
190.000000	81.951	140.9321
192.500000	81.882	141.4180
195.000000	81.814	141.8815
197.500000	81.744	142.3113
200.000000	81.680	142.7013
203.000000	81.614	143.2940
206.000000	81.552	143.8935
209.000000	81.500	144.4082
212.000000	81.446	144.8868
214.000000	81.409	145.1836
218.000000	81.339	145.7767
220.000000	81.303	146.0813
224.000000	81.235	146.6734
227.000000	81.188	147.1341
230.000000	81.143	147.6048
233.000000	81.101	148.0126
236.000000	81.062	148.3838
240.000000	81.012	148.9052
243.000000	80.976	149.2999
247.000000	80.927	149.7967
250.000000	80.888	150.1642
254.000000	80.839	150.6436
258.000000	80.793	151.1181
262.000000	80.751	151.5815
265.000000	80.722	151.9350
269.000000	80.686	152.3803
272.000000	80.661	152.6957
276.000000	80.626	153.1006
280.000000	80.592	153.5155
285.000000	80.552	154.0340
290.000000	80.513	154.5023
295.000000	80.475	154.9706
300.000000	80.437	155.4482
304.000000	80.407	155.8189
307.000000	80.385	156.0781
311.000000	80.359	156.4044
315.000000	80.334	156.7203
320.000000	80.304	157.1016
325.000000	80.273	157.4651
330.000000	80.238	157.8304
335.000000	80.204	158.1976
340.000000	80.170	158.5650
345.000000	80.137	158.9218
350.000000	80.105	159.2560
355.000000	80.076	159.5914
360.000000	80.046	159.9508
365.000000	80.016	160.2944
370.000000	79.987	160.6227
375.000000	79.959	160.9433
382.000000	79.919	161.3849
387.000000	79.892	161.7052
395.000000	79.849	162.2003
400.000000	79.820	162.4974
406.000000	79.786	162.8640
412.000000	79.754	163.2340
418.000000	79.724	163.6136
425.000000	79.690	164.0381
431.000000	79.664	164.3967
437.000000	79.638	164.7471
444.000000	79.609	165.1510
450.000000	79.583	165.4961
455.000000	79.561	165.7755
462.000000	79.534	166.1572
468.000000	79.510	166.4859
475.000000	79.483	166.8557
482.000000	79.456	167.2158
487.000000	79.437	167.4737
494.000000	79.411	167.8194
500.000000	79.387	168.1062
508.000000	79.353	168.4956
515.000000	79.324	168.8453
522.000000	79.295	169.1976
530.000000	79.262	169.6014
538.000000	79.230	170.0110
545.000000	79.202	170.3761
552.000000	79.173	170.7390
560.000000	79.140	171.1486
570.000000	79.101	171.6615
580.000000	79.063	172.1860
590.000000	79.025	172.7123
600.000000	78.989	173.2215
608.000000	78.960	173.6301
615.000000	78.935	173.9910
622.000000	78.909	174.3526
630.000000	78.878	174.7685
640.000000	78.838	175.3001
650.000000	78.795	175.8640
660.000000	78.754	176.4613
670.000000	78.717	177.0842
680.000000	78.684	177.7441
690.000000	78.655	178.4294
700.000000	78.633	179.1148
710.000000	78.614	179.8021
720.000000	78.597	-179.5051
730.000000	78.585	-178.8158
740.000000	78.578	-178.1389
750.000000	78.573	-177.4716
762.000000	78.571	-176.6720
775.000000	78.571	-175.8082
788.000000	78.577	-174.9479
800.000000	78.585	-174.1524
812.000000	78.597	-173.3620
825.000000	78.614	-172.5091
838.000000	78.637	-171.6609
850.000000	78.662	-170.8798
862.000000	78.691	-170.1066
875.000000	78.728	-169.2755
885.000000	78.760	-168.6456
900.000000	78.812	-167.7140
912.000000	78.858	-166.9840
925.000000	78.912	-166.2111
938.000000	78.971	-165.4585
950.000000	79.029	-164.7922
962.000000	79.091	-164.1470
975.000000	79.161	-163.4739
988.000000	79.234	-162.8283
1000.000000	79.305	-162.2581
1015.000000	79.397	-161.5870
1030.000000	79.491	-160.9556
1044.000000	79.582	-160.4094
1060.000000	79.687	-159.8333
1075.000000	79.787	-159.3340
1090.000000	79.886	-158.8788
1106.000000	79.990	-158.4436
1120.000000	80.080	-158.1015
1138.000000	80.193	-157.7005
1150.000000	80.267	-157.4530
1172.000000	80.396	-157.0433
1180.000000	80.442	-156.9082
1206.000000	80.584	-156.5097
1220.000000	80.657	-156.3115
1241.000000	80.762	-156.0320
1250.000000	80.806	-155.9171
1265.000000	80.876	-155.7285
1280.000000	80.944	-155.5396
1315.000000	81.095	-155.0887
1320.000000	81.116	-155.0238
1340.000000	81.199	-154.7530
1360.000000	81.281	-154.4591
1380.000000	81.364	-154.1553
1400.000000	81.448	-153.8350
1430.000000	81.580	-153.3299
1450.000000	81.674	-152.9893
1475.000000	81.799	-152.5813
1500.000000	81.932	-152.2095
1525.000000	82.073	-151.8882
1550.000000	82.220	-151.6329
1575.000000	82.370	-151.4661
1600.000000	82.520	-151.3882
1625.000000	82.665	-151.3997
1650.000000	82.802	-151.4746
1675.000000	82.930	-151.5969
1700.000000	83.050	-151.7582
1725.000000	83.161	-151.9442
1750.000000	83.262	-152.1325
1775.000000	83.357	-152.3182
1800.000000	83.446	-152.4919
1825.000000	83.529	-152.6497
1850.000000	83.609	-152.7907
1875.000000	83.687	-152.9137
1900.000000	83.764	-153.0183
1925.000000	83.840	-153.1062
1950.000000	83.916	-153.1805
1975.000000	83.993	-153.2443
2000.000000	84.071	-153.3005
2030.000000	84.165	-153.3638
2060.000000	84.261	-153.4305
2090.000000	84.358	-153.5018
2120.000000	84.457	-153.5796
2140.000000	84.523	-153.6396
2180.000000	84.659	-153.7809
2200.000000	84.727	-153.8624
2240.000000	84.867	-154.0560
2270.000000	84.973	-154.2264
2300.000000	85.079	-154.4218
2330.000000	85.185	-154.6416
2360.000000	85.291	-154.8873
2400.000000	85.431	-155.2552
2430.000000	85.534	-155.5604
2470.000000	85.669	-156.0074
2500.000000	85.768	-156.3699
2540.000000	85.896	-156.8857
2580.000000	86.021	-157.4427
2620.000000	86.141	-158.0404
2650.000000	86.229	-158.5150
2690.000000	86.342	-159.1834
2720.000000	86.423	-159.7086
2760.000000	86.526	-160.4366
2800.000000	86.622	-161.1943
2850.000000	86.734	-162.1804
2900.000000	86.834	-163.2004
2950.000000	86.923	-164.2513
3000.000000	87.001	-165.3307
3040.000000	87.053	-166.2150
3070.000000	87.086	-166.8827
3110.000000	87.123	-167.7671
3150.000000	87.153	-168.6510
3200.000000	87.180	-169.7506
3250.000000	87.195	-170.8339
3300.000000	87.199	-171.8912
3350.000000	87.193	-172.9196
3400.000000	87.177	-173.9155
3450.000000	87.154	-174.8731
3500.000000	87.122	-175.7928
3550.000000	87.084	-176.6732
3600.000000	87.041	-177.5125
3650.000000	86.994	-178.3129
3700.000000	86.942	-179.0724
3750.000000	86.886	-179.7927
3820.000000	86.802	179.2632
3870.000000	86.739	178.6299
3950.000000	86.633	177.6885
4000.000000	86.564	177.1482
4060.000000	86.479	176.5465
4120.000000	86.393	175.9986
4180.000000	86.307	175.5078
4250.000000	86.210	175.0002
4310.000000	86.131	174.6079
4370.000000	86.058	174.2358
4440.000000	85.980	173.8045
4500.000000	85.914	173.4191
4550.000000	85.859	173.0881
4620.000000	85.779	172.6246
4680.000000	85.708	172.2347
4750.000000	85.623	171.7917
4820.000000	85.536	171.3644
4870.000000	85.473	171.0700
4940.000000	85.383	170.6708
5000.000000	85.305	170.3399
5080.000000	85.198	169.9216
5150.000000	85.104	169.5769
5220.000000	85.007	169.2531
5300.000000	84.896	168.9090
5380.000000	84.782	168.5992
5450.000000	84.681	168.3621
5520.000000	84.579	168.1587
5600.000000	84.463	167.9686
5700.000000	84.318	167.7984
5800.000000	84.174	167.7209
5900.000000	84.038	167.7680
6000.000000	83.915	167.8667
6080.000000	83.821	167.9854
6150.000000	83.743	168.1496
6220.000000	83.672	168.3629
6300.000000	83.601	168.6501
6400.000000	83.526	169.0979
6500.000000	83.479	169.6889
6600.000000	83.478	170.3003
6700.000000	83.509	170.7698
6800.000000	83.559	171.1897
6900.000000	83.641	171.5869
7000.000000	83.757	171.8570
7100.000000	83.903	172.0086
7200.000000	84.091	171.9921
7300.000000	84.321	171.6934
7400.000000	84.586	170.9939
7500.000000	84.872	169.8004
7620.000000	85.218	167.5953
7750.000000	85.551	164.1779
7880.000000	85.779	159.7477
8000.000000	85.849	154.9490
8120.000000	85.750	149.7645
8250.000000	85.438	144.1071
8380.000000	84.921	138.8163
8500.000000	84.284	134.5830
8620.000000	83.532	131.1839
8750.000000	82.633	128.5524
8850.000000	81.913	127.2649
9000.000000	80.826	126.4154
9120.000000	79.973	126.5499
9250.000000	79.082	127.3692
9380.000000	78.229	128.7590
9500.000000	77.476	130.4677
9620.000000	76.756	132.5446
9750.000000	76.010	135.1653
9880.000000	75.298	138.1476
10000.000000	74.675	141.2168
10150.000000	73.947	145.4576
10300.000000	73.282	150.0999
10440.000000	72.722	154.7346
10600.000000	72.162	160.3106
10750.000000	71.714	165.7332
10900.000000	71.340	171.2514
11060.000000	71.017	177.1717
11200.000000	70.793	-177.6329
11380.000000	70.585	-170.9675
11500.000000	70.493	-166.5511
11720.000000	70.422	-158.5402
11800.000000	70.427	-155.6618
12060.000000	70.556	-146.4477
12200.000000	70.700	-141.6049
12410.000000	71.015	-134.5135
12500.000000	71.189	-131.5323
12650.000000	71.535	-126.6432
12800.000000	71.955	-121.8668
13150.000000	73.256	-111.2920
13200.000000	73.485	-109.8524
13400.000000	74.523	-104.3032
13600.000000	75.804	-99.1804
13800.000000	77.398	-94.7548
14000.000000	79.410	-91.5893
14300.000000	83.460	-92.2424
14500.000000	86.649	-100.3541
14750.000000	89.811	-123.5015
15000.000000	90.274	-154.7885
15250.000000	88.128	-178.3961
15500.000000	85.310	171.4949
15750.000000	83.197	169.9351
16000.000000	81.953	171.4574
16250.000000	81.339	173.2355
16500.000000	81.133	173.7999
16750.000000	81.126	172.1874
17000.000000	81.066	167.9924
17250.000000	80.691	161.7772
17500.000000	79.841	155.0658
17750.000000	78.528	149.6275
18000.000000	76.913	146.6626
18250.000000	75.210	146.3762
18500.000000	73.585	148.3531
18750.000000	72.152	151.9598
19000.000000	70.974	156.5271
19250.000000	70.091	161.4664
19500.000000	69.528	166.2127
19750.000000	69.274	170.1122
20000.000000	69.219	172.3433
