* Measurement data measured by REW V5.31.3
* Source: Microphone (JadeAudio JA11), no input selected, R, volume: no control
* Format: 256k Log Swept Sine, 1 sweep at -12.0 dBFS with no timing reference
* Dated: Mar 16, 2025 4:30:34 AM
* REW Settings:
*  C-weighting compensation: Off
*  Target level: 75.0 dB
* Note: 
* Measurement: R Gate (Wide)
* Smoothing: 1/24 octave
* Frequency Step: 1/48 octave
* Start Frequency: 20.000 Hz
*
* Freq(Hz)	SPL(dB)	Phase(degrees)
20.000000	91.730	-177.7596
20.299999	91.734	-178.1883
20.600000	91.735	-178.6013
20.900000	91.734	-178.9977
21.200001	91.729	-179.3833
21.400000	91.724	-179.6316
21.799999	91.712	179.8986
22.000000	91.705	179.6713
22.400000	91.687	179.1923
22.700001	91.672	178.8445
23.000000	91.656	178.5024
23.299999	91.638	178.1252
23.600000	91.619	177.7560
24.000000	91.591	177.2804
24.299999	91.571	176.8959
24.700001	91.544	176.3947
25.000000	91.524	176.0296
25.400000	91.498	175.5106
25.799999	91.474	175.0094
26.200001	91.451	174.5175
26.500000	91.435	174.1534
26.900000	91.414	173.6840
27.200001	91.400	173.3436
27.600000	91.382	172.9011
28.000000	91.365	172.4697
28.500000	91.342	171.9655
29.000000	91.318	171.4862
29.500000	91.292	171.0428
30.000000	91.265	170.6210
30.400000	91.242	170.2907
30.700001	91.224	170.0477
31.100000	91.198	169.7274
31.500000	91.170	169.4037
32.000000	91.133	169.0182
32.500000	91.095	168.6229
33.000000	91.057	168.2380
33.500000	91.019	167.8367
34.000000	90.980	167.4506
34.500000	90.944	167.0640
35.000000	90.910	166.6860
35.500000	90.879	166.2921
36.000000	90.845	165.8935
36.500000	90.809	165.5103
37.000000	90.770	165.1652
37.500000	90.733	164.8636
38.200001	90.687	164.4698
38.700001	90.654	164.1899
39.500000	90.600	163.7477
40.000000	90.565	163.4810
40.599998	90.523	163.1511
41.200001	90.478	162.8109
41.799999	90.429	162.4758
42.500000	90.373	162.1107
43.099998	90.328	161.8049
43.700001	90.285	161.4817
44.400002	90.232	161.1095
45.000000	90.187	160.8259
45.500000	90.153	160.6082
46.200001	90.110	160.2933
46.799999	90.070	160.0071
47.500000	90.017	159.7029
48.200001	89.963	159.4563
48.700001	89.927	159.2917
49.400002	89.875	159.0535
50.000000	89.829	158.8555
50.799999	89.768	158.5872
51.500000	89.713	158.3292
52.200001	89.656	158.0791
53.000000	89.596	157.7671
53.799999	89.526	157.3639
54.500000	89.443	157.1216
55.200001	89.375	157.1108
56.000000	89.349	157.0589
57.000000	89.314	156.6209
58.000000	89.241	156.2728
59.000000	89.183	156.0399
60.000000	89.118	155.7755
60.799999	89.064	155.6194
61.500000	89.021	155.4829
62.200001	88.975	155.3263
63.000000	88.920	155.1497
64.000000	88.851	154.9422
65.000000	88.783	154.7354
66.000000	88.716	154.5303
67.000000	88.650	154.3377
68.000000	88.587	154.1656
69.000000	88.525	154.0102
70.000000	88.464	153.8594
71.000000	88.401	153.7278
72.000000	88.340	153.6089
73.000000	88.279	153.4843
74.000000	88.218	153.3600
75.000000	88.157	153.2365
76.199997	88.084	153.0966
77.500000	88.007	152.9803
78.800003	87.933	152.8524
80.000000	87.861	152.7461
81.199997	87.791	152.6695
82.500000	87.719	152.5789
83.800003	87.647	152.4902
85.000000	87.581	152.4113
86.199997	87.516	152.3436
87.500000	87.447	152.2800
88.500000	87.394	152.2306
90.000000	87.313	152.1724
91.199997	87.250	152.1451
92.500000	87.184	152.1191
93.800003	87.119	152.0802
95.000000	87.059	152.0529
96.199997	87.002	152.0300
97.500000	86.940	151.9955
98.800003	86.877	151.9746
100.000000	86.820	151.9710
101.500000	86.751	151.9779
103.000000	86.683	151.9862
104.400002	86.618	151.9959
106.000000	86.546	152.0223
107.500000	86.480	152.0482
109.000000	86.416	152.0778
110.599998	86.350	152.1129
112.000000	86.293	152.1333
113.800003	86.218	152.1849
115.000000	86.169	152.2244
117.199997	86.080	152.2997
118.000000	86.049	152.3331
120.599998	85.947	152.4401
122.000000	85.893	152.5066
124.099998	85.816	152.5920
125.000000	85.781	152.6289
126.500000	85.725	152.7072
128.000000	85.670	152.7921
131.500000	85.549	152.9788
132.000000	85.532	153.0022
134.000000	85.466	153.0875
136.000000	85.397	153.1953
138.000000	85.330	153.3535
140.000000	85.265	153.5004
143.000000	85.174	153.7037
145.000000	85.115	153.8232
147.500000	85.040	153.9912
150.000000	84.964	154.1749
152.500000	84.889	154.3558
155.000000	84.820	154.5340
157.500000	84.753	154.7174
160.000000	84.686	154.9067
162.500000	84.620	155.1055
165.000000	84.557	155.3104
167.500000	84.495	155.5042
170.000000	84.432	155.7068
172.500000	84.366	155.9177
175.000000	84.300	156.1446
177.500000	84.238	156.3622
180.000000	84.181	156.5681
182.500000	84.126	156.7910
185.000000	84.073	157.0224
187.500000	84.022	157.2235
190.000000	83.972	157.4104
192.500000	83.920	157.6304
195.000000	83.869	157.8747
197.500000	83.816	158.1161
200.000000	83.763	158.3671
203.000000	83.703	158.7025
206.000000	83.646	159.0380
209.000000	83.590	159.3969
212.000000	83.545	159.8034
214.000000	83.523	160.0560
218.000000	83.484	160.4799
220.000000	83.461	160.6530
224.000000	83.399	160.8646
227.000000	83.342	161.0695
230.000000	83.289	161.4084
233.000000	83.242	161.8361
236.000000	83.210	162.2388
240.000000	83.184	162.7178
243.000000	83.160	163.0307
247.000000	83.126	163.4266
250.000000	83.109	163.7367
254.000000	83.094	164.0602
258.000000	83.083	164.2041
262.000000	83.068	164.3700
265.000000	83.043	164.5212
269.000000	83.002	164.7117
272.000000	82.968	164.8813
276.000000	82.924	165.1628
280.000000	82.885	165.4341
285.000000	82.836	165.7583
290.000000	82.782	166.1160
295.000000	82.732	166.4934
300.000000	82.691	166.8933
304.000000	82.658	167.1906
307.000000	82.634	167.3969
311.000000	82.601	167.6863
315.000000	82.568	167.9915
320.000000	82.531	168.3766
325.000000	82.498	168.7455
330.000000	82.463	169.1160
335.000000	82.428	169.4941
340.000000	82.396	169.8607
345.000000	82.362	170.2205
350.000000	82.329	170.5799
355.000000	82.300	170.9278
360.000000	82.273	171.2853
365.000000	82.245	171.6554
370.000000	82.218	172.0196
375.000000	82.192	172.3779
382.000000	82.158	172.8675
387.000000	82.134	173.2191
395.000000	82.099	173.7805
400.000000	82.078	174.1288
406.000000	82.053	174.5481
412.000000	82.029	174.9646
418.000000	82.009	175.3834
425.000000	81.986	175.8633
431.000000	81.965	176.2660
437.000000	81.947	176.6659
444.000000	81.926	177.1370
450.000000	81.909	177.5373
455.000000	81.895	177.8683
462.000000	81.877	178.3285
468.000000	81.863	178.7166
475.000000	81.847	179.1703
482.000000	81.832	179.6256
487.000000	81.822	179.9474
494.000000	81.809	-179.6085
500.000000	81.798	-179.2265
508.000000	81.785	-178.7179
515.000000	81.774	-178.2775
522.000000	81.764	-177.8404
530.000000	81.754	-177.3383
538.000000	81.744	-176.8364
545.000000	81.736	-176.4019
552.000000	81.729	-175.9713
560.000000	81.721	-175.4775
570.000000	81.712	-174.8604
580.000000	81.705	-174.2459
590.000000	81.699	-173.6256
600.000000	81.695	-173.0108
608.000000	81.693	-172.5205
615.000000	81.692	-172.0904
622.000000	81.692	-171.6588
630.000000	81.693	-171.1639
640.000000	81.695	-170.5495
650.000000	81.699	-169.9337
660.000000	81.704	-169.3195
670.000000	81.711	-168.7062
680.000000	81.719	-168.0916
690.000000	81.730	-167.4719
700.000000	81.742	-166.8524
710.000000	81.757	-166.2349
720.000000	81.773	-165.6168
730.000000	81.791	-165.0005
740.000000	81.811	-164.3825
750.000000	81.833	-163.7626
762.000000	81.864	-163.0231
775.000000	81.900	-162.2294
788.000000	81.941	-161.4447
800.000000	81.982	-160.7284
812.000000	82.027	-160.0258
825.000000	82.079	-159.2887
838.000000	82.134	-158.5826
850.000000	82.184	-157.9624
862.000000	82.232	-157.3651
875.000000	82.279	-156.7172
885.000000	82.312	-156.1908
900.000000	82.359	-155.3244
912.000000	82.405	-154.5606
925.000000	82.469	-153.6885
938.000000	82.550	-152.8277
950.000000	82.636	-152.0797
962.000000	82.730	-151.3925
975.000000	82.835	-150.7153
988.000000	82.944	-150.0953
1000.000000	83.045	-149.5700
1015.000000	83.173	-148.9672
1030.000000	83.301	-148.4158
1044.000000	83.420	-147.9433
1060.000000	83.556	-147.4537
1075.000000	83.684	-147.0486
1090.000000	83.810	-146.6835
1106.000000	83.942	-146.3298
1120.000000	84.057	-146.0554
1138.000000	84.203	-145.7472
1150.000000	84.298	-145.5651
1172.000000	84.469	-145.2856
1180.000000	84.530	-145.1999
1206.000000	84.720	-144.9698
1220.000000	84.818	-144.8684
1241.000000	84.961	-144.7367
1250.000000	85.020	-144.6869
1265.000000	85.118	-144.6093
1280.000000	85.213	-144.5388
1315.000000	85.426	-144.4067
1320.000000	85.455	-144.3915
1340.000000	85.572	-144.3349
1360.000000	85.685	-144.2802
1380.000000	85.796	-144.2286
1400.000000	85.904	-144.1829
1430.000000	86.061	-144.1124
1450.000000	86.165	-144.0632
1475.000000	86.293	-143.9954
1500.000000	86.421	-143.9290
1525.000000	86.550	-143.8693
1550.000000	86.680	-143.8257
1575.000000	86.810	-143.7967
1600.000000	86.940	-143.7820
1625.000000	87.070	-143.7822
1650.000000	87.200	-143.7987
1675.000000	87.328	-143.8314
1700.000000	87.456	-143.8764
1725.000000	87.585	-143.9364
1750.000000	87.713	-144.0093
1775.000000	87.842	-144.0938
1800.000000	87.972	-144.1941
1825.000000	88.101	-144.3120
1850.000000	88.232	-144.4478
1875.000000	88.364	-144.6039
1900.000000	88.496	-144.7824
1925.000000	88.628	-144.9844
1950.000000	88.760	-145.2148
1975.000000	88.893	-145.4713
2000.000000	89.026	-145.7577
2030.000000	89.183	-146.1433
2060.000000	89.338	-146.5656
2090.000000	89.492	-147.0168
2120.000000	89.646	-147.5067
2140.000000	89.748	-147.8580
2180.000000	89.948	-148.6235
2200.000000	90.046	-149.0403
2240.000000	90.238	-149.9389
2270.000000	90.378	-150.6628
2300.000000	90.513	-151.4273
2330.000000	90.642	-152.2375
2360.000000	90.766	-153.0914
2400.000000	90.921	-154.2902
2430.000000	91.030	-155.2283
2470.000000	91.164	-156.5317
2500.000000	91.254	-157.5464
2540.000000	91.362	-158.9404
2580.000000	91.455	-160.3605
2620.000000	91.530	-161.8027
2650.000000	91.576	-162.8898
2690.000000	91.623	-164.3356
2720.000000	91.650	-165.4073
2760.000000	91.672	-166.8152
2800.000000	91.683	-168.2015
2850.000000	91.678	-169.9004
2900.000000	91.654	-171.5492
2950.000000	91.613	-173.1290
3000.000000	91.556	-174.6309
3040.000000	91.501	-175.7775
3070.000000	91.455	-176.6032
3110.000000	91.386	-177.6518
3150.000000	91.312	-178.6424
3200.000000	91.210	-179.7939
3250.000000	91.102	179.1536
3300.000000	90.990	178.1982
3350.000000	90.877	177.3317
3400.000000	90.763	176.5423
3450.000000	90.649	175.8284
3500.000000	90.534	175.1812
3550.000000	90.419	174.5974
3600.000000	90.307	174.0824
3650.000000	90.199	173.6246
3700.000000	90.093	173.2167
3750.000000	89.990	172.8508
3820.000000	89.852	172.4133
3870.000000	89.758	172.1456
3950.000000	89.617	171.7696
4000.000000	89.534	171.5647
4060.000000	89.440	171.3449
4120.000000	89.352	171.1494
4180.000000	89.270	170.9667
4250.000000	89.181	170.7591
4310.000000	89.108	170.5840
4370.000000	89.041	170.4077
4440.000000	88.966	170.2005
4500.000000	88.906	170.0099
4550.000000	88.858	169.8375
4620.000000	88.792	169.5836
4680.000000	88.738	169.3528
4750.000000	88.676	169.0626
4820.000000	88.612	168.7474
4870.000000	88.566	168.5119
4940.000000	88.500	168.1722
5000.000000	88.442	167.8693
5080.000000	88.360	167.4518
5150.000000	88.284	167.0789
5220.000000	88.203	166.7107
5300.000000	88.107	166.3033
5380.000000	88.007	165.9097
5450.000000	87.915	165.5775
5520.000000	87.817	165.2590
5600.000000	87.700	164.9181
5700.000000	87.543	164.5680
5800.000000	87.380	164.3359
5900.000000	87.214	164.2258
6000.000000	87.052	164.2484
6080.000000	86.928	164.3666
6150.000000	86.827	164.5374
6220.000000	86.733	164.7564
6300.000000	86.636	165.0598
6400.000000	86.533	165.5149
6500.000000	86.454	166.0348
6600.000000	86.402	166.5991
6700.000000	86.380	167.1796
6800.000000	86.390	167.7399
6900.000000	86.434	168.2431
7000.000000	86.514	168.6564
7100.000000	86.631	168.9322
7200.000000	86.789	169.0130
7300.000000	86.987	168.8290
7400.000000	87.226	168.3021
7500.000000	87.500	167.3194
7620.000000	87.863	165.3507
7750.000000	88.259	161.9982
7880.000000	88.584	157.1890
8000.000000	88.737	151.4861
8120.000000	88.668	144.8938
8250.000000	88.284	137.4295
8380.000000	87.578	130.4480
8500.000000	86.691	125.0301
8620.000000	85.656	120.9198
8750.000000	84.450	117.9859
8850.000000	83.505	116.7168
9000.000000	82.107	116.1848
9120.000000	81.026	116.7245
9250.000000	79.905	118.0979
9380.000000	78.841	120.1663
9500.000000	77.911	122.6020
9620.000000	77.026	125.4729
9750.000000	76.114	129.0331
9880.000000	75.253	133.0707
10000.000000	74.504	137.2449
10150.000000	73.636	143.1221
10300.000000	72.869	149.8553
10440.000000	72.296	156.9290
10600.000000	71.893	165.6122
10750.000000	71.807	173.5412
10900.000000	71.958	-179.7495
11060.000000	72.221	-174.5140
11200.000000	72.404	-171.2791
11380.000000	72.489	-167.9867
11500.000000	72.460	-165.8563
11720.000000	72.310	-161.4866
11800.000000	72.248	-159.7007
12060.000000	72.082	-153.3015
12200.000000	72.036	-149.5815
12410.000000	72.045	-143.7908
12500.000000	72.081	-141.2529
12650.000000	72.188	-136.9875
12800.000000	72.354	-132.7049
13150.000000	72.997	-122.8601
13200.000000	73.122	-121.4839
13400.000000	73.711	-116.1013
13600.000000	74.467	-111.0682
13800.000000	75.393	-106.5593
14000.000000	76.532	-102.5577
14300.000000	78.805	-98.4815
14500.000000	80.810	-98.3675
14750.000000	83.794	-104.4527
15000.000000	86.503	-121.1954
15250.000000	87.533	-146.8544
15500.000000	86.295	-171.2569
15750.000000	83.777	173.7680
16000.000000	81.255	167.5620
16250.000000	79.262	165.9826
16500.000000	77.762	165.9844
16750.000000	76.578	166.0733
17000.000000	75.543	165.5867
17250.000000	74.515	164.3439
17500.000000	73.370	162.5459
17750.000000	72.024	160.7190
18000.000000	70.448	159.5519
18250.000000	68.667	159.6105
18500.000000	66.735	161.2295
18750.000000	64.711	164.5470
19000.000000	62.649	169.5770
19250.000000	60.592	176.1730
19500.000000	58.587	-175.8392
19750.000000	56.761	-166.8321
20000.000000	55.612	-159.5361
