* Measurement data measured by REW V5.31.3
* Source: Microphone (JadeAudio JA11), MICROPHONE (Master Volume), R, volume: 0.250
* Format: 512k Log Swept Sine, 1 sweep at -8.1 dBFS with no timing reference
* Dated: May 6, 2025 2:13:55 AM
* REW Settings:
*  C-weighting compensation: Off
*  Target level: 75.0 dB
* Note: 
* Measurement: L Zero Blue 2 (5, stk300)
* Smoothing: 1/24 octave
* Frequency Step: 1/48 octave
* Start Frequency: 20.300 Hz
*
* Freq(Hz)	SPL(dB)	Phase(degrees)
20.299999	94.118	174.3709
20.600000	94.113	173.9305
20.900000	94.106	173.4282
21.200001	94.098	172.9294
21.400000	94.092	172.6047
21.799999	94.080	171.9799
22.000000	94.072	171.6759
22.400000	94.050	171.0366
22.700001	94.029	170.5688
23.000000	94.005	170.1078
23.299999	93.981	169.6137
23.600000	93.955	169.1312
24.000000	93.922	168.5119
24.299999	93.897	168.0201
24.700001	93.862	167.3794
25.000000	93.837	166.9105
25.400000	93.805	166.2505
25.799999	93.775	165.6088
26.200001	93.748	164.9763
26.500000	93.728	164.5059
26.900000	93.703	163.8934
27.200001	93.683	163.4450
27.600000	93.658	162.8609
28.000000	93.633	162.2947
28.500000	93.603	161.6315
29.000000	93.571	161.0009
29.500000	93.537	160.4010
30.000000	93.500	159.8132
30.400000	93.468	159.3470
30.700001	93.442	159.0052
31.100000	93.407	158.5601
31.500000	93.370	158.1205
32.000000	93.322	157.5965
32.500000	93.272	157.0545
33.000000	93.222	156.5168
33.500000	93.171	155.9573
34.000000	93.120	155.4105
34.500000	93.072	154.8632
35.000000	93.024	154.3268
35.500000	92.976	153.7863
36.000000	92.929	153.2549
36.500000	92.882	152.7420
37.000000	92.835	152.2513
37.500000	92.788	151.7801
38.200001	92.722	151.1308
38.700001	92.675	150.6796
39.500000	92.599	149.9852
40.000000	92.548	149.5665
40.599998	92.486	149.0652
41.200001	92.425	148.5776
41.799999	92.364	148.1005
42.500000	92.285	147.5401
43.099998	92.212	147.0514
43.700001	92.145	146.5638
44.400002	92.080	146.0257
45.000000	92.025	145.5857
45.500000	91.974	145.2217
46.200001	91.900	144.7123
46.799999	91.838	144.2830
47.500000	91.766	143.7995
48.200001	91.692	143.3351
48.700001	91.640	143.0103
49.400002	91.567	142.5602
50.000000	91.505	142.1835
50.799999	91.420	141.6867
51.500000	91.346	141.2552
52.200001	91.272	140.8345
53.000000	91.187	140.3750
53.799999	91.102	139.9286
54.500000	91.026	139.5452
55.200001	90.950	139.1595
56.000000	90.865	138.7241
57.000000	90.760	138.2169
58.000000	90.654	137.7200
59.000000	90.538	137.3624
60.000000	90.421	137.0458
60.799999	90.342	136.5862
61.500000	90.277	136.1402
62.200001	90.205	135.7837
63.000000	90.119	135.4482
64.000000	90.015	135.0385
65.000000	89.910	134.6527
66.000000	89.805	134.2592
67.000000	89.701	133.8830
68.000000	89.596	133.5271
69.000000	89.493	133.1741
70.000000	89.389	132.8393
71.000000	89.284	132.5211
72.000000	89.180	132.2057
73.000000	89.077	131.9004
74.000000	88.976	131.6194
75.000000	88.874	131.3523
76.199997	88.750	131.0377
77.500000	88.618	130.7212
78.800003	88.489	130.3956
80.000000	88.369	130.1219
81.199997	88.248	129.8791
82.500000	88.119	129.6167
83.800003	87.990	129.3753
85.000000	87.872	129.1679
86.199997	87.755	128.9682
87.500000	87.630	128.7634
88.500000	87.532	128.6078
90.000000	87.388	128.4009
91.199997	87.274	128.2683
92.500000	87.151	128.1279
93.800003	87.027	127.9954
95.000000	86.915	127.8808
96.199997	86.804	127.7893
97.500000	86.686	127.6999
98.800003	86.570	127.6170
100.000000	86.463	127.5463
101.500000	86.331	127.4627
103.000000	86.199	127.3946
104.400002	86.077	127.3544
106.000000	85.938	127.3398
107.500000	85.810	127.3425
109.000000	85.684	127.3323
110.599998	85.549	127.3536
112.000000	85.433	127.3872
113.800003	85.285	127.4422
115.000000	85.188	127.5035
117.199997	85.013	127.6202
118.000000	84.949	127.6687
120.599998	84.746	127.8441
122.000000	84.643	127.9274
124.099998	84.487	128.0833
125.000000	84.419	128.1662
126.500000	84.311	128.3218
128.000000	84.205	128.4820
131.500000	83.955	128.8387
132.000000	83.920	128.8966
134.000000	83.783	129.1633
136.000000	83.652	129.4723
138.000000	83.528	129.7697
140.000000	83.402	130.0511
143.000000	83.215	130.4286
145.000000	83.095	130.7355
147.500000	82.949	131.1886
150.000000	82.809	131.6167
152.500000	82.672	132.0084
155.000000	82.539	132.4209
157.500000	82.410	132.8459
160.000000	82.282	133.3077
162.500000	82.157	133.7582
165.000000	82.035	134.2156
167.500000	81.913	134.7019
170.000000	81.794	135.2292
172.500000	81.676	135.8056
175.000000	81.561	136.5054
177.500000	81.455	137.3209
180.000000	81.371	138.0287
182.500000	81.311	138.5055
185.000000	81.257	138.9583
187.500000	81.189	139.4890
190.000000	81.126	140.0635
192.500000	81.076	140.6222
195.000000	81.032	141.1032
197.500000	80.985	141.5032
200.000000	80.934	141.8878
203.000000	80.866	142.3329
206.000000	80.798	142.8054
209.000000	80.736	143.3290
212.000000	80.676	143.8523
214.000000	80.636	144.1638
218.000000	80.557	144.7585
220.000000	80.520	145.0757
224.000000	80.449	145.6913
227.000000	80.397	146.1562
230.000000	80.345	146.6537
233.000000	80.299	147.1107
236.000000	80.257	147.5137
240.000000	80.204	148.0820
243.000000	80.166	148.5378
247.000000	80.112	149.0934
250.000000	80.074	149.4897
254.000000	80.026	150.0435
258.000000	79.982	150.5444
262.000000	79.943	151.0164
265.000000	79.916	151.3699
269.000000	79.878	151.8319
272.000000	79.851	152.1743
276.000000	79.816	152.6231
280.000000	79.782	153.0791
285.000000	79.738	153.6190
290.000000	79.698	154.1355
295.000000	79.663	154.6625
300.000000	79.630	155.1740
304.000000	79.602	155.5580
307.000000	79.582	155.8278
311.000000	79.555	156.1787
315.000000	79.529	156.5261
320.000000	79.495	156.9397
325.000000	79.462	157.3374
330.000000	79.429	157.7595
335.000000	79.401	158.2083
340.000000	79.375	158.6298
345.000000	79.345	159.0085
350.000000	79.313	159.3796
355.000000	79.284	159.7732
360.000000	79.255	160.1360
365.000000	79.227	160.5149
370.000000	79.203	160.9229
375.000000	79.184	161.3039
382.000000	79.158	161.7908
387.000000	79.140	162.1144
395.000000	79.106	162.5997
400.000000	79.083	162.9109
406.000000	79.054	163.3016
412.000000	79.025	163.6948
418.000000	78.999	164.0920
425.000000	78.972	164.5588
431.000000	78.952	164.9608
437.000000	78.936	165.3473
444.000000	78.921	165.7642
450.000000	78.910	166.0935
455.000000	78.900	166.3478
462.000000	78.886	166.6833
468.000000	78.872	166.9542
475.000000	78.855	167.2573
482.000000	78.835	167.5520
487.000000	78.819	167.7555
494.000000	78.795	168.0231
500.000000	78.773	168.2407
508.000000	78.741	168.5302
515.000000	78.710	168.7745
522.000000	78.675	169.0020
530.000000	78.626	169.2576
538.000000	78.564	169.5384
545.000000	78.501	169.8470
552.000000	78.435	170.2611
560.000000	78.367	170.8733
570.000000	78.310	171.7423
580.000000	78.280	172.5855
590.000000	78.262	173.3447
600.000000	78.248	174.0216
608.000000	78.237	174.5298
615.000000	78.226	174.9632
622.000000	78.215	175.3914
630.000000	78.203	175.8706
640.000000	78.188	176.4684
650.000000	78.173	177.0679
660.000000	78.158	177.6613
670.000000	78.145	178.2612
680.000000	78.133	178.8610
690.000000	78.122	179.4649
700.000000	78.114	-179.9268
710.000000	78.107	-179.3160
720.000000	78.103	-178.7028
730.000000	78.099	-178.0873
740.000000	78.098	-177.4703
750.000000	78.098	-176.8476
762.000000	78.102	-176.0922
775.000000	78.110	-175.2755
788.000000	78.122	-174.4573
800.000000	78.137	-173.6979
812.000000	78.157	-172.9435
825.000000	78.183	-172.1353
838.000000	78.213	-171.3223
850.000000	78.246	-170.5771
862.000000	78.282	-169.8405
875.000000	78.325	-169.0500
885.000000	78.363	-168.4525
900.000000	78.425	-167.5671
912.000000	78.480	-166.8773
925.000000	78.544	-166.1556
938.000000	78.612	-165.4555
950.000000	78.679	-164.8272
962.000000	78.749	-164.2239
975.000000	78.828	-163.5972
988.000000	78.910	-163.0063
1000.000000	78.988	-162.4972
1015.000000	79.089	-161.8934
1030.000000	79.193	-161.3281
1044.000000	79.291	-160.8432
1060.000000	79.404	-160.3324
1075.000000	79.511	-159.9029
1090.000000	79.619	-159.5219
1106.000000	79.732	-159.1593
1120.000000	79.831	-158.8801
1138.000000	79.955	-158.5684
1150.000000	80.035	-158.3853
1172.000000	80.177	-158.1014
1180.000000	80.227	-158.0120
1206.000000	80.385	-157.7643
1220.000000	80.466	-157.6533
1241.000000	80.582	-157.5061
1250.000000	80.630	-157.4489
1265.000000	80.708	-157.3587
1280.000000	80.783	-157.2706
1315.000000	80.948	-157.0642
1320.000000	80.971	-157.0341
1340.000000	81.062	-156.9095
1360.000000	81.151	-156.7797
1380.000000	81.240	-156.6404
1400.000000	81.329	-156.4889
1430.000000	81.466	-156.2554
1450.000000	81.561	-156.1018
1475.000000	81.686	-155.9254
1500.000000	81.816	-155.7781
1525.000000	81.950	-155.6812
1550.000000	82.088	-155.6442
1575.000000	82.227	-155.6774
1600.000000	82.364	-155.7892
1625.000000	82.497	-155.9724
1650.000000	82.624	-156.2154
1675.000000	82.742	-156.5104
1700.000000	82.851	-156.8476
1725.000000	82.949	-157.2066
1750.000000	83.039	-157.5712
1775.000000	83.119	-157.9325
1800.000000	83.192	-158.2778
1825.000000	83.259	-158.6045
1850.000000	83.323	-158.9141
1875.000000	83.383	-159.2036
1900.000000	83.440	-159.4724
1925.000000	83.496	-159.7240
1950.000000	83.550	-159.9597
1975.000000	83.604	-160.1782
2000.000000	83.656	-160.3835
2030.000000	83.719	-160.6181
2060.000000	83.781	-160.8448
2090.000000	83.844	-161.0632
2120.000000	83.906	-161.2766
2140.000000	83.948	-161.4194
2180.000000	84.031	-161.7028
2200.000000	84.073	-161.8433
2240.000000	84.156	-162.1283
2270.000000	84.217	-162.3414
2300.000000	84.278	-162.5532
2330.000000	84.338	-162.7614
2360.000000	84.398	-162.9670
2400.000000	84.480	-163.2305
2430.000000	84.544	-163.4179
2470.000000	84.631	-163.6621
2500.000000	84.700	-163.8530
2540.000000	84.797	-164.1364
2580.000000	84.896	-164.4620
2620.000000	84.995	-164.8171
2650.000000	85.069	-165.0923
2690.000000	85.171	-165.4739
2720.000000	85.252	-165.7832
2760.000000	85.363	-166.2530
2800.000000	85.474	-166.8083
2850.000000	85.604	-167.6067
2900.000000	85.722	-168.4619
2950.000000	85.832	-169.3299
3000.000000	85.939	-170.2087
3040.000000	86.024	-170.9304
3070.000000	86.089	-171.4927
3110.000000	86.174	-172.2734
3150.000000	86.259	-173.0942
3200.000000	86.364	-174.1859
3250.000000	86.465	-175.3620
3300.000000	86.563	-176.6286
3350.000000	86.655	-177.9892
3400.000000	86.742	-179.4534
3450.000000	86.819	178.9718
3500.000000	86.883	177.2895
3550.000000	86.933	175.5013
3600.000000	86.966	173.6116
3650.000000	86.977	171.6279
3700.000000	86.966	169.5648
3750.000000	86.929	167.4375
3820.000000	86.829	164.3978
3870.000000	86.723	162.2144
3950.000000	86.493	158.7746
4000.000000	86.312	156.6965
4060.000000	86.061	154.3074
4120.000000	85.773	152.0648
4180.000000	85.453	149.9978
4250.000000	85.046	147.8427
4310.000000	84.674	146.2306
4370.000000	84.287	144.8302
4440.000000	83.817	143.4678
4500.000000	83.405	142.5449
4550.000000	83.058	141.9480
4620.000000	82.573	141.3675
4680.000000	82.160	141.0889
4750.000000	81.686	141.0029
4820.000000	81.222	141.1629
4870.000000	80.899	141.4230
4940.000000	80.461	141.9773
5000.000000	80.102	142.6042
5080.000000	79.651	143.6209
5150.000000	79.280	144.6493
5220.000000	78.931	145.7881
5300.000000	78.556	147.2057
5380.000000	78.209	148.7421
5450.000000	77.927	150.1727
5520.000000	77.666	151.6733
5600.000000	77.390	153.4680
5700.000000	77.081	155.8396
5800.000000	76.818	158.3356
5900.000000	76.605	160.8264
6000.000000	76.407	163.3688
6080.000000	76.279	165.6258
6150.000000	76.204	167.6682
6220.000000	76.164	169.7140
6300.000000	76.158	172.0096
6400.000000	76.205	174.7687
6500.000000	76.302	177.2964
6600.000000	76.412	179.5428
6700.000000	76.520	-178.0645
6800.000000	76.705	-175.3755
6900.000000	76.976	-172.9248
7000.000000	77.303	-170.6082
7100.000000	77.722	-168.4632
7200.000000	78.231	-166.7683
7300.000000	78.817	-165.6769
7400.000000	79.470	-165.3132
7500.000000	80.176	-165.8571
7620.000000	81.054	-167.9919
7750.000000	81.970	-172.4523
7880.000000	82.691	-179.3876
8000.000000	83.016	172.4471
8120.000000	82.908	163.6229
8250.000000	82.301	154.7799
8380.000000	81.308	147.8880
8500.000000	80.206	143.7061
8620.000000	79.058	141.5054
8750.000000	77.857	140.9305
8850.000000	76.997	141.4660
9000.000000	75.833	143.3868
9120.000000	75.011	145.5878
9250.000000	74.223	148.4090
9380.000000	73.534	151.5209
9500.000000	72.980	154.5432
9620.000000	72.499	157.6241
9750.000000	72.056	160.9330
9880.000000	71.688	164.1150
10000.000000	71.408	166.8562
10150.000000	71.127	169.8916
10300.000000	70.904	172.3929
10440.000000	70.727	174.1803
10600.000000	70.531	175.5444
10750.000000	70.327	176.2238
10900.000000	70.084	176.3932
11060.000000	69.767	176.1684
11200.000000	69.437	175.8090
11380.000000	68.948	175.2843
11500.000000	68.587	174.9795
11720.000000	67.879	174.7285
11800.000000	67.614	174.7749
12060.000000	66.758	175.5592
12200.000000	66.320	176.4155
12410.000000	65.721	178.2512
12500.000000	65.490	179.2415
12650.000000	65.139	-178.8459
12800.000000	64.834	-176.6014
13150.000000	64.315	-170.0938
13200.000000	64.262	-169.0233
13400.000000	64.108	-164.3938
13600.000000	64.052	-159.1589
13800.000000	64.102	-153.4284
14000.000000	64.265	-147.3311
14300.000000	64.734	-137.6666
14500.000000	65.220	-131.0150
14750.000000	66.076	-122.8225
15000.000000	67.280	-115.4206
15250.000000	68.943	-110.0578
15500.000000	71.130	-109.4663
15750.000000	73.419	-117.9738
16000.000000	74.604	-137.0557
16250.000000	73.582	-159.5901
16500.000000	70.629	-175.3362
16750.000000	66.926	178.6654
17000.000000	63.365	179.1052
17250.000000	60.212	-178.1741
17500.000000	57.407	-175.9043
17750.000000	54.895	-175.8841
18000.000000	52.783	-179.3594
18250.000000	51.355	173.7864
18500.000000	50.867	165.8233
18750.000000	51.178	160.0807
19000.000000	51.864	157.9028
19250.000000	52.609	158.9178
19500.000000	53.249	162.3794
19750.000000	53.712	167.5193
20000.000000	53.948	172.2892
