* Measurement data measured by REW V5.31.3
* Source: Microphone (JadeAudio JA11), MICROPHONE (Master Volume), R, volume: 0.250
* Format: 512k Log Swept Sine, 1 sweep at -8.1 dBFS with no timing reference
* Dated: Apr 15, 2025 2:59:57 PM
* REW Settings:
*  C-weighting compensation: Off
*  Target level: 75.0 dB
* Note: 
* Measurement: L Zero Blue 2 (5?, ST35)
* Smoothing: 1/24 octave
* Frequency Step: 1/48 octave
* Start Frequency: 20.300 Hz
*
* Freq(Hz)	SPL(dB)	Phase(degrees)
20.299999	94.840	170.6717
20.600000	94.833	170.2528
20.900000	94.821	169.7739
21.200001	94.808	169.2971
21.400000	94.799	168.9855
21.799999	94.779	168.3839
22.000000	94.769	168.0913
22.400000	94.742	167.4783
22.700001	94.719	167.0361
23.000000	94.695	166.6052
23.299999	94.670	166.1431
23.600000	94.644	165.6906
24.000000	94.609	165.1035
24.299999	94.582	164.6294
24.700001	94.546	164.0080
25.000000	94.518	163.5538
25.400000	94.482	162.9169
25.799999	94.448	162.3012
26.200001	94.416	161.6943
26.500000	94.394	161.2418
26.900000	94.365	160.6522
27.200001	94.345	160.2216
27.600000	94.319	159.6622
28.000000	94.293	159.1195
28.500000	94.260	158.4784
29.000000	94.226	157.8593
29.500000	94.189	157.2674
30.000000	94.149	156.6943
30.400000	94.115	156.2473
30.700001	94.089	155.9221
31.100000	94.052	155.4973
31.500000	94.014	155.0718
32.000000	93.966	154.5560
32.500000	93.915	154.0212
33.000000	93.863	153.5007
33.500000	93.810	152.9680
34.000000	93.759	152.4448
34.500000	93.708	151.9075
35.000000	93.658	151.3706
35.500000	93.608	150.8305
36.000000	93.559	150.3038
36.500000	93.512	149.7929
37.000000	93.466	149.2970
37.500000	93.421	148.8203
38.200001	93.357	148.1766
38.700001	93.310	147.7321
39.500000	93.231	147.0314
40.000000	93.181	146.6039
40.599998	93.120	146.0955
41.200001	93.056	145.5942
41.799999	92.992	145.0942
42.500000	92.921	144.5253
43.099998	92.862	144.0545
43.700001	92.799	143.5771
44.400002	92.717	143.0069
45.000000	92.647	142.5178
45.500000	92.592	142.1184
46.200001	92.517	141.5756
46.799999	92.452	141.1244
47.500000	92.375	140.6155
48.200001	92.298	140.1243
48.700001	92.242	139.7791
49.400002	92.162	139.2976
50.000000	92.095	138.8886
50.799999	92.006	138.3445
51.500000	91.926	137.8787
52.200001	91.844	137.4314
53.000000	91.750	136.9360
53.799999	91.655	136.4468
54.500000	91.569	136.0257
55.200001	91.480	135.6024
56.000000	91.377	135.1284
57.000000	91.249	134.5757
58.000000	91.116	134.0359
59.000000	90.979	133.6856
60.000000	90.834	133.4338
60.799999	90.707	133.0964
61.500000	90.598	132.8449
62.200001	90.499	132.7657
63.000000	90.400	132.8421
64.000000	90.307	133.0413
65.000000	90.254	133.1584
66.000000	90.226	133.0058
67.000000	90.201	132.6377
68.000000	90.159	132.1112
69.000000	90.099	131.5087
70.000000	90.023	130.9208
71.000000	89.934	130.3658
72.000000	89.836	129.8429
73.000000	89.732	129.3527
74.000000	89.627	128.8968
75.000000	89.522	128.4771
76.199997	89.395	128.0109
77.500000	89.255	127.5309
78.800003	89.114	127.0798
80.000000	88.986	126.7024
81.199997	88.858	126.3428
82.500000	88.716	125.9756
83.800003	88.574	125.6302
85.000000	88.445	125.3200
86.199997	88.317	125.0326
87.500000	88.178	124.7547
88.500000	88.070	124.5581
90.000000	87.909	124.2901
91.199997	87.781	124.1002
92.500000	87.644	123.9242
93.800003	87.508	123.7624
95.000000	87.383	123.6334
96.199997	87.263	123.5315
97.500000	87.133	123.4420
98.800003	87.006	123.3587
100.000000	86.891	123.2848
101.500000	86.752	123.2059
103.000000	86.616	123.1349
104.400002	86.490	123.0706
106.000000	86.348	122.9878
107.500000	86.216	122.9067
109.000000	86.082	122.8219
110.599998	85.939	122.7658
112.000000	85.814	122.7413
113.800003	85.653	122.7052
115.000000	85.546	122.6868
117.199997	85.353	122.6905
118.000000	85.284	122.7049
120.599998	85.060	122.7881
122.000000	84.934	122.8577
124.099998	84.752	122.9602
125.000000	84.675	123.0126
126.500000	84.549	123.1218
128.000000	84.423	123.2462
131.500000	84.136	123.5859
132.000000	84.096	123.6395
134.000000	83.935	123.8741
136.000000	83.775	124.1696
138.000000	83.613	124.4650
140.000000	83.460	124.7740
143.000000	83.247	125.2760
145.000000	83.101	125.6145
147.500000	82.925	126.1185
150.000000	82.758	126.6726
152.500000	82.601	127.2281
155.000000	82.459	127.8037
157.500000	82.322	128.3506
160.000000	82.187	128.9016
162.500000	82.055	129.4747
165.000000	81.927	130.0065
167.500000	81.805	130.5367
170.000000	81.687	131.1027
172.500000	81.569	131.6724
175.000000	81.454	132.2505
177.500000	81.346	132.8354
180.000000	81.242	133.4388
182.500000	81.145	134.0583
185.000000	81.055	134.6585
187.500000	80.967	135.2329
190.000000	80.880	135.8042
192.500000	80.799	136.3901
195.000000	80.720	136.9765
197.500000	80.644	137.5579
200.000000	80.571	138.1584
203.000000	80.492	138.8746
206.000000	80.413	139.5555
209.000000	80.338	140.2474
212.000000	80.274	140.9285
214.000000	80.233	141.3792
218.000000	80.157	142.2654
220.000000	80.122	142.6750
224.000000	80.053	143.4379
227.000000	80.004	144.0096
230.000000	79.961	144.5793
233.000000	79.923	145.1577
236.000000	79.886	145.7145
240.000000	79.839	146.4190
243.000000	79.803	146.9344
247.000000	79.760	147.6040
250.000000	79.731	148.0969
254.000000	79.694	148.7238
258.000000	79.663	149.3130
262.000000	79.634	149.8727
265.000000	79.612	150.2951
269.000000	79.582	150.8492
272.000000	79.563	151.2425
276.000000	79.538	151.7480
280.000000	79.510	152.2247
285.000000	79.477	152.7931
290.000000	79.449	153.3618
295.000000	79.422	153.9234
300.000000	79.398	154.4548
304.000000	79.378	154.8408
307.000000	79.364	155.1270
311.000000	79.345	155.5111
315.000000	79.327	155.8791
320.000000	79.306	156.3187
325.000000	79.287	156.7424
330.000000	79.266	157.1416
335.000000	79.245	157.5344
340.000000	79.224	157.9030
345.000000	79.203	158.2659
350.000000	79.182	158.6234
355.000000	79.161	158.9735
360.000000	79.140	159.3140
365.000000	79.118	159.6354
370.000000	79.098	159.9529
375.000000	79.078	160.2578
382.000000	79.050	160.6679
387.000000	79.031	160.9518
395.000000	78.997	161.3732
400.000000	78.974	161.6149
406.000000	78.945	161.8843
412.000000	78.912	162.1631
418.000000	78.876	162.4650
425.000000	78.833	162.8158
431.000000	78.796	163.1309
437.000000	78.759	163.4588
444.000000	78.717	163.8548
450.000000	78.683	164.2057
455.000000	78.656	164.4976
462.000000	78.619	164.8994
468.000000	78.588	165.2416
475.000000	78.553	165.6408
482.000000	78.519	166.0308
487.000000	78.494	166.3098
494.000000	78.461	166.6973
500.000000	78.432	167.0186
508.000000	78.392	167.4529
515.000000	78.357	167.8492
522.000000	78.325	168.2493
530.000000	78.289	168.7099
538.000000	78.255	169.1807
545.000000	78.225	169.5819
552.000000	78.197	169.9760
560.000000	78.166	170.4348
570.000000	78.127	170.9951
580.000000	78.089	171.5587
590.000000	78.052	172.1352
600.000000	78.017	172.7117
608.000000	77.989	173.1714
615.000000	77.966	173.5785
622.000000	77.943	173.9866
630.000000	77.917	174.4521
640.000000	77.886	175.0412
650.000000	77.858	175.6326
660.000000	77.830	176.2172
670.000000	77.802	176.8127
680.000000	77.775	177.4097
690.000000	77.750	178.0091
700.000000	77.727	178.6188
710.000000	77.704	179.2207
720.000000	77.681	179.8342
730.000000	77.658	-179.5258
740.000000	77.637	-178.8631
750.000000	77.620	-178.1853
762.000000	77.605	-177.3623
775.000000	77.596	-176.4612
788.000000	77.592	-175.5543
800.000000	77.594	-174.7166
812.000000	77.601	-173.8864
825.000000	77.613	-172.9931
838.000000	77.630	-172.0992
850.000000	77.650	-171.2831
862.000000	77.676	-170.4846
875.000000	77.708	-169.6286
885.000000	77.736	-168.9754
900.000000	77.783	-168.0141
912.000000	77.825	-167.2602
925.000000	77.875	-166.4559
938.000000	77.930	-165.6727
950.000000	77.985	-164.9775
962.000000	78.044	-164.3047
975.000000	78.110	-163.5995
988.000000	78.179	-162.9193
1000.000000	78.246	-162.3197
1015.000000	78.333	-161.6078
1030.000000	78.422	-160.9343
1044.000000	78.506	-160.3497
1060.000000	78.604	-159.7268
1075.000000	78.697	-159.1821
1090.000000	78.789	-158.6788
1106.000000	78.887	-158.1854
1120.000000	78.972	-157.7872
1138.000000	79.079	-157.3160
1150.000000	79.149	-157.0258
1172.000000	79.273	-156.5396
1180.000000	79.317	-156.3731
1206.000000	79.454	-155.8646
1220.000000	79.524	-155.6038
1241.000000	79.626	-155.2306
1250.000000	79.669	-155.0746
1265.000000	79.738	-154.8177
1280.000000	79.806	-154.5604
1315.000000	79.957	-153.9697
1320.000000	79.978	-153.8852
1340.000000	80.063	-153.5463
1360.000000	80.147	-153.2067
1380.000000	80.229	-152.8632
1400.000000	80.309	-152.5001
1430.000000	80.435	-151.9058
1450.000000	80.526	-151.4963
1475.000000	80.650	-151.0045
1500.000000	80.782	-150.5569
1525.000000	80.922	-150.1685
1550.000000	81.067	-149.8474
1575.000000	81.215	-149.6029
1600.000000	81.362	-149.4418
1625.000000	81.506	-149.3660
1650.000000	81.645	-149.3627
1675.000000	81.776	-149.4239
1700.000000	81.897	-149.5349
1725.000000	82.009	-149.6781
1750.000000	82.111	-149.8360
1775.000000	82.203	-149.9988
1800.000000	82.287	-150.1459
1825.000000	82.364	-150.2755
1850.000000	82.435	-150.3797
1875.000000	82.502	-150.4546
1900.000000	82.566	-150.5012
1925.000000	82.628	-150.5192
1950.000000	82.690	-150.5083
1975.000000	82.751	-150.4684
2000.000000	82.814	-150.4006
2030.000000	82.893	-150.2845
2060.000000	82.980	-150.1490
2090.000000	83.075	-150.0189
2120.000000	83.177	-149.9204
2140.000000	83.247	-149.8793
2180.000000	83.388	-149.8518
2200.000000	83.458	-149.8612
2240.000000	83.594	-149.9244
2270.000000	83.694	-149.9919
2300.000000	83.792	-150.0665
2330.000000	83.888	-150.1469
2360.000000	83.985	-150.2399
2400.000000	84.113	-150.3857
2430.000000	84.210	-150.5125
2470.000000	84.337	-150.7051
2500.000000	84.432	-150.8678
2540.000000	84.557	-151.1114
2580.000000	84.681	-151.3863
2620.000000	84.802	-151.6930
2650.000000	84.890	-151.9425
2690.000000	85.006	-152.3019
2720.000000	85.090	-152.5891
2760.000000	85.198	-152.9897
2800.000000	85.302	-153.4053
2850.000000	85.427	-153.9317
2900.000000	85.548	-154.4567
2950.000000	85.671	-154.9768
3000.000000	85.801	-155.5302
3040.000000	85.910	-156.0450
3070.000000	85.991	-156.4908
3110.000000	86.093	-157.1656
3150.000000	86.183	-157.9150
3200.000000	86.275	-158.8940
3250.000000	86.350	-159.8784
3300.000000	86.410	-160.8557
3350.000000	86.456	-161.8139
3400.000000	86.491	-162.7463
3450.000000	86.517	-163.6443
3500.000000	86.533	-164.5078
3550.000000	86.543	-165.3355
3600.000000	86.547	-166.1271
3650.000000	86.548	-166.8846
3700.000000	86.547	-167.6141
3750.000000	86.543	-168.3252
3820.000000	86.532	-169.2882
3870.000000	86.522	-169.9492
3950.000000	86.507	-170.9686
4000.000000	86.501	-171.6027
4060.000000	86.493	-172.3936
4120.000000	86.481	-173.2299
4180.000000	86.460	-174.1051
4250.000000	86.423	-175.1504
4310.000000	86.380	-176.0490
4370.000000	86.324	-176.9382
4440.000000	86.246	-177.9370
4500.000000	86.169	-178.7424
4550.000000	86.100	-179.3746
4620.000000	85.998	179.7954
4680.000000	85.908	179.1257
4750.000000	85.799	178.3780
4820.000000	85.684	177.6605
4870.000000	85.598	177.1716
4940.000000	85.471	176.5313
5000.000000	85.357	176.0263
5080.000000	85.200	175.4227
5150.000000	85.059	174.9534
5220.000000	84.915	174.5407
5300.000000	84.744	174.1480
5380.000000	84.568	173.8665
5450.000000	84.413	173.7275
5520.000000	84.262	173.6890
5600.000000	84.097	173.7471
5700.000000	83.907	173.9204
5800.000000	83.732	174.1677
5900.000000	83.567	174.4850
6000.000000	83.407	174.9034
6080.000000	83.284	175.3445
6150.000000	83.182	175.8263
6220.000000	83.091	176.4043
6300.000000	83.005	177.1784
6400.000000	82.932	178.2944
6500.000000	82.910	179.5314
6600.000000	82.951	-179.2422
6700.000000	83.040	-178.1929
6800.000000	83.165	-177.2799
6900.000000	83.331	-176.5183
7000.000000	83.535	-175.9551
7100.000000	83.776	-175.6274
7200.000000	84.051	-175.5790
7300.000000	84.359	-175.8662
7400.000000	84.694	-176.5500
7500.000000	85.052	-177.6941
7620.000000	85.502	-179.7979
7750.000000	85.989	176.8235
7880.000000	86.424	172.0334
8000.000000	86.696	166.2626
8120.000000	86.754	159.3606
8250.000000	86.470	151.1693
8380.000000	85.768	143.3361
8500.000000	84.800	137.4902
8620.000000	83.642	133.5514
8750.000000	82.316	131.4928
8850.000000	81.318	131.2622
9000.000000	79.930	132.5840
9120.000000	78.933	134.6752
9250.000000	77.968	137.6409
9380.000000	77.113	141.1147
9500.000000	76.410	144.6364
9620.000000	75.781	148.3824
9750.000000	75.176	152.6335
9880.000000	74.643	157.0247
10000.000000	74.210	161.1513
10150.000000	73.737	166.3789
10300.000000	73.333	171.6788
10440.000000	73.016	176.6775
10600.000000	72.721	-177.5805
10750.000000	72.507	-172.1803
10900.000000	72.355	-166.7627
11060.000000	72.263	-160.9941
11200.000000	72.242	-155.9642
11380.000000	72.300	-149.5528
11500.000000	72.394	-145.3414
11720.000000	72.684	-137.7801
11800.000000	72.830	-135.0912
12060.000000	73.459	-126.6042
12200.000000	73.909	-122.2235
12410.000000	74.752	-115.9772
12500.000000	75.183	-113.4494
12650.000000	76.010	-109.4930
12800.000000	76.994	-105.9538
13150.000000	80.090	-100.7436
13200.000000	80.642	-100.6122
13400.000000	83.112	-102.8486
13600.000000	85.716	-111.6090
13800.000000	87.701	-128.1903
14000.000000	88.251	-149.3458
14300.000000	86.370	-174.8675
14500.000000	84.415	177.2771
14750.000000	82.339	175.3639
15000.000000	80.979	177.9328
15250.000000	80.266	-177.7416
15500.000000	80.105	-173.0381
15750.000000	80.462	-168.9942
16000.000000	81.345	-166.9479
16250.000000	82.686	-169.0359
16500.000000	84.117	-177.7785
16750.000000	84.872	166.3443
17000.000000	84.254	147.4100
17250.000000	82.291	131.7115
17500.000000	79.649	122.4113
17750.000000	76.997	118.6321
18000.000000	74.670	118.0371
18250.000000	72.724	118.7057
18500.000000	71.102	119.5185
18750.000000	69.731	119.8951
19000.000000	68.540	119.6417
19250.000000	67.464	118.8487
19500.000000	66.455	117.8719
19750.000000	65.541	117.1799
20000.000000	64.967	117.0555
