* Measurement data measured by REW V5.31.3
* Source: Microphone (JadeAudio JA11), MICROPHONE (Master Volume), R, volume: 0.250
* Format: 256k Log Swept Sine, 1 sweep at -8.9 dBFS with no timing reference
* Dated: Mar 23, 2025 9:13:37 PM
* REW Settings:
*  C-weighting compensation: Off
*  Target level: 75.0 dB
* Note: 
* Measurement: R Zero Blue 2 (5?, Spring)
* Smoothing: 1/24 octave
* Frequency Step: 1/48 octave
* Start Frequency: 20.000 Hz
*
* Freq(Hz)	SPL(dB)	Phase(degrees)
20.000000	93.760	168.3195
20.299999	93.750	167.8472
20.600000	93.737	167.3960
20.900000	93.723	166.9661
21.200001	93.705	166.5479
21.400000	93.693	166.2765
21.799999	93.666	165.7535
22.000000	93.651	165.4963
22.400000	93.619	164.9538
22.700001	93.593	164.5576
23.000000	93.565	164.1669
23.299999	93.537	163.7396
23.600000	93.508	163.3164
24.000000	93.468	162.7613
24.299999	93.438	162.3127
24.700001	93.397	161.7251
25.000000	93.366	161.2974
25.400000	93.327	160.6989
25.799999	93.290	160.1188
26.200001	93.254	159.5439
26.500000	93.229	159.1142
26.900000	93.195	158.5557
27.200001	93.171	158.1500
27.600000	93.139	157.6249
28.000000	93.108	157.1146
28.500000	93.070	156.5101
29.000000	93.031	155.9227
29.500000	92.990	155.3646
30.000000	92.946	154.8276
30.400000	92.909	154.4081
30.700001	92.880	154.1003
31.100000	92.841	153.6950
31.500000	92.800	153.2860
32.000000	92.748	152.7902
32.500000	92.694	152.2787
33.000000	92.640	151.7733
33.500000	92.585	151.2504
34.000000	92.529	150.7454
34.500000	92.474	150.2451
35.000000	92.422	149.7591
35.500000	92.373	149.2590
36.000000	92.324	148.7490
36.500000	92.271	148.2437
37.000000	92.216	147.7656
37.500000	92.162	147.3239
38.200001	92.089	146.7281
38.700001	92.037	146.3023
39.500000	91.948	145.6406
40.000000	91.891	145.2572
40.599998	91.826	144.8052
41.200001	91.763	144.3431
41.799999	91.697	143.8672
42.500000	91.619	143.3124
43.099998	91.550	142.8470
43.700001	91.480	142.3953
44.400002	91.398	141.9052
45.000000	91.332	141.5037
45.500000	91.280	141.1617
46.200001	91.206	140.6663
46.799999	91.138	140.2466
47.500000	91.057	139.7795
48.200001	90.977	139.3254
48.700001	90.919	138.9991
49.400002	90.836	138.5446
50.000000	90.764	138.1754
50.799999	90.673	137.6955
51.500000	90.596	137.2530
52.200001	90.515	136.8214
53.000000	90.431	136.3740
53.799999	90.359	135.8245
54.500000	90.276	135.2435
55.200001	90.167	134.7890
56.000000	90.053	134.5169
57.000000	89.947	134.1684
58.000000	89.836	133.7462
59.000000	89.730	133.3619
60.000000	89.621	132.8935
60.799999	89.520	132.5492
61.500000	89.434	132.2989
62.200001	89.351	132.0469
63.000000	89.253	131.7486
64.000000	89.126	131.4290
65.000000	89.005	131.1829
66.000000	88.896	130.9480
67.000000	88.794	130.6997
68.000000	88.698	130.4254
69.000000	88.605	130.1037
70.000000	88.507	129.7516
71.000000	88.403	129.4127
72.000000	88.297	129.0919
73.000000	88.189	128.7832
74.000000	88.080	128.4942
75.000000	87.969	128.2198
76.199997	87.836	127.9086
77.500000	87.692	127.6006
78.800003	87.550	127.3066
80.000000	87.420	127.0580
81.199997	87.292	126.8267
82.500000	87.155	126.5868
83.800003	87.017	126.3676
85.000000	86.890	126.1794
86.199997	86.763	126.0033
87.500000	86.624	125.8408
88.500000	86.519	125.7249
90.000000	86.361	125.5629
91.199997	86.234	125.4677
92.500000	86.100	125.3974
93.800003	85.971	125.3281
95.000000	85.851	125.2542
96.199997	85.728	125.1896
97.500000	85.595	125.1591
98.800003	85.464	125.1457
100.000000	85.345	125.1429
101.500000	85.199	125.1511
103.000000	85.055	125.1746
104.400002	84.923	125.2205
106.000000	84.776	125.3037
107.500000	84.640	125.4084
109.000000	84.507	125.5363
110.599998	84.367	125.6743
112.000000	84.244	125.7974
113.800003	84.088	125.9761
115.000000	83.988	126.1042
117.199997	83.808	126.3484
118.000000	83.744	126.4427
120.599998	83.541	126.7421
122.000000	83.429	126.9192
124.099998	83.262	127.2335
125.000000	83.192	127.3733
126.500000	83.077	127.5872
128.000000	82.963	127.8025
131.500000	82.710	128.4070
132.000000	82.675	128.5069
134.000000	82.538	128.9084
136.000000	82.398	129.3023
138.000000	82.261	129.6817
140.000000	82.125	130.0415
143.000000	81.931	130.7097
145.000000	81.811	131.2113
147.500000	81.663	131.8550
150.000000	81.512	132.4680
152.500000	81.345	133.0474
155.000000	81.172	133.8274
157.500000	81.019	134.8702
160.000000	80.917	136.1765
162.500000	80.891	137.2244
165.000000	80.882	137.7025
167.500000	80.848	138.0577
170.000000	80.798	138.5375
172.500000	80.729	138.9928
175.000000	80.640	139.4046
177.500000	80.551	139.8358
180.000000	80.469	140.2864
182.500000	80.388	140.8839
185.000000	80.316	141.6139
187.500000	80.258	142.3183
190.000000	80.213	142.9056
192.500000	80.171	143.4547
195.000000	80.131	144.0760
197.500000	80.088	144.6203
200.000000	80.046	145.1022
203.000000	80.019	145.6356
206.000000	79.997	146.1503
209.000000	79.967	146.6967
212.000000	79.926	147.1282
214.000000	79.895	147.3885
218.000000	79.836	147.9676
220.000000	79.812	148.3235
224.000000	79.777	148.9728
227.000000	79.753	149.3818
230.000000	79.726	149.8122
233.000000	79.696	150.2624
236.000000	79.667	150.7161
240.000000	79.645	151.2756
243.000000	79.626	151.6388
247.000000	79.591	152.1147
250.000000	79.567	152.4752
254.000000	79.542	152.9102
258.000000	79.520	153.3126
262.000000	79.502	153.7712
265.000000	79.486	154.1096
269.000000	79.458	154.5058
272.000000	79.439	154.7693
276.000000	79.424	155.1041
280.000000	79.408	155.4582
285.000000	79.380	155.8755
290.000000	79.360	156.2651
295.000000	79.340	156.6483
300.000000	79.315	157.0076
304.000000	79.295	157.2603
307.000000	79.281	157.4533
311.000000	79.262	157.7117
315.000000	79.243	157.9744
320.000000	79.217	158.3185
325.000000	79.189	158.6479
330.000000	79.164	158.9560
335.000000	79.141	159.2445
340.000000	79.115	159.4931
345.000000	79.093	159.7473
350.000000	79.072	160.0323
355.000000	79.045	160.3253
360.000000	79.018	160.5399
365.000000	78.991	160.7731
370.000000	78.967	161.0370
375.000000	78.942	161.2861
382.000000	78.905	161.6427
387.000000	78.880	161.9132
395.000000	78.844	162.3188
400.000000	78.819	162.5445
406.000000	78.790	162.8392
412.000000	78.765	163.1427
418.000000	78.742	163.4282
425.000000	78.711	163.7163
431.000000	78.682	163.9432
437.000000	78.654	164.1911
444.000000	78.621	164.4736
450.000000	78.592	164.7049
455.000000	78.567	164.9002
462.000000	78.533	165.1932
468.000000	78.501	165.4493
475.000000	78.465	165.7383
482.000000	78.431	166.0394
487.000000	78.405	166.2539
494.000000	78.369	166.5553
500.000000	78.339	166.8227
508.000000	78.299	167.1681
515.000000	78.262	167.4737
522.000000	78.227	167.7896
530.000000	78.188	168.1537
538.000000	78.150	168.5119
545.000000	78.117	168.8295
552.000000	78.085	169.1649
560.000000	78.048	169.5445
570.000000	78.003	170.0237
580.000000	77.960	170.5350
590.000000	77.917	171.0466
600.000000	77.877	171.5440
608.000000	77.845	171.9486
615.000000	77.817	172.3112
622.000000	77.792	172.6790
630.000000	77.766	173.1039
640.000000	77.731	173.6355
650.000000	77.696	174.1700
660.000000	77.664	174.7064
670.000000	77.634	175.2680
680.000000	77.607	175.8252
690.000000	77.583	176.3820
700.000000	77.560	176.9565
710.000000	77.537	177.5377
720.000000	77.517	178.1136
730.000000	77.500	178.7018
740.000000	77.483	179.2907
750.000000	77.470	179.8842
762.000000	77.458	-179.4100
775.000000	77.450	-178.6368
788.000000	77.445	-177.8551
800.000000	77.443	-177.1270
812.000000	77.445	-176.4015
825.000000	77.454	-175.6206
838.000000	77.467	-174.8480
850.000000	77.482	-174.1373
862.000000	77.501	-173.4273
875.000000	77.525	-172.6638
885.000000	77.547	-172.0792
900.000000	77.583	-171.2088
912.000000	77.617	-170.5271
925.000000	77.659	-169.8022
938.000000	77.706	-169.0878
950.000000	77.753	-168.4296
962.000000	77.803	-167.7909
975.000000	77.862	-167.1311
988.000000	77.927	-166.4950
1000.000000	77.990	-165.9358
1015.000000	78.074	-165.2827
1030.000000	78.161	-164.6664
1044.000000	78.242	-164.1342
1060.000000	78.336	-163.5818
1075.000000	78.426	-163.1149
1090.000000	78.516	-162.6862
1106.000000	78.612	-162.2714
1120.000000	78.695	-161.9422
1138.000000	78.799	-161.5703
1150.000000	78.867	-161.3526
1172.000000	78.984	-161.0018
1180.000000	79.025	-160.8851
1206.000000	79.154	-160.5510
1220.000000	79.220	-160.3847
1241.000000	79.314	-160.1516
1250.000000	79.353	-160.0554
1265.000000	79.416	-159.9005
1280.000000	79.476	-159.7569
1315.000000	79.609	-159.4349
1320.000000	79.627	-159.3883
1340.000000	79.697	-159.1978
1360.000000	79.764	-158.9989
1380.000000	79.829	-158.7887
1400.000000	79.894	-158.5688
1430.000000	79.988	-158.2205
1450.000000	80.049	-157.9653
1475.000000	80.129	-157.6167
1500.000000	80.214	-157.2545
1525.000000	80.305	-156.8855
1550.000000	80.402	-156.5294
1575.000000	80.505	-156.1892
1600.000000	80.613	-155.8792
1625.000000	80.727	-155.6050
1650.000000	80.845	-155.3858
1675.000000	80.965	-155.2067
1700.000000	81.087	-155.0860
1725.000000	81.208	-155.0394
1750.000000	81.325	-155.0554
1775.000000	81.435	-155.1096
1800.000000	81.540	-155.1927
1825.000000	81.639	-155.3018
1850.000000	81.731	-155.4236
1875.000000	81.817	-155.5492
1900.000000	81.899	-155.6699
1925.000000	81.976	-155.7793
1950.000000	82.051	-155.8768
1975.000000	82.125	-155.9590
2000.000000	82.198	-156.0346
2030.000000	82.283	-156.1169
2060.000000	82.368	-156.1905
2090.000000	82.454	-156.2577
2120.000000	82.540	-156.3190
2140.000000	82.599	-156.3600
2180.000000	82.716	-156.4508
2200.000000	82.775	-156.4997
2240.000000	82.896	-156.6096
2270.000000	82.988	-156.7063
2300.000000	83.081	-156.8161
2330.000000	83.175	-156.9441
2360.000000	83.267	-157.0885
2400.000000	83.391	-157.3070
2430.000000	83.483	-157.4878
2470.000000	83.604	-157.7462
2500.000000	83.694	-157.9514
2540.000000	83.813	-158.2350
2580.000000	83.934	-158.5152
2620.000000	84.058	-158.7962
2650.000000	84.158	-159.0202
2690.000000	84.299	-159.3747
2720.000000	84.411	-159.7121
2760.000000	84.559	-160.2816
2800.000000	84.699	-160.9778
2850.000000	84.854	-161.9679
2900.000000	84.988	-163.0265
2950.000000	85.104	-164.1124
3000.000000	85.205	-165.2157
3040.000000	85.277	-166.1129
3070.000000	85.326	-166.7933
3110.000000	85.384	-167.7092
3150.000000	85.434	-168.6355
3200.000000	85.483	-169.7956
3250.000000	85.520	-170.9544
3300.000000	85.545	-172.1064
3350.000000	85.559	-173.2482
3400.000000	85.561	-174.3759
3450.000000	85.553	-175.4840
3500.000000	85.533	-176.5721
3550.000000	85.502	-177.6309
3600.000000	85.461	-178.6527
3650.000000	85.411	-179.6331
3700.000000	85.351	179.4395
3750.000000	85.283	178.5666
3820.000000	85.177	177.4488
3870.000000	85.096	176.7271
3950.000000	84.964	175.6973
4000.000000	84.881	175.1157
4060.000000	84.781	174.4622
4120.000000	84.679	173.8534
4180.000000	84.573	173.2946
4250.000000	84.448	172.7248
4310.000000	84.342	172.3047
4370.000000	84.238	171.9368
4440.000000	84.120	171.5599
4500.000000	84.020	171.2690
4550.000000	83.939	171.0486
4620.000000	83.826	170.7811
4680.000000	83.732	170.5914
4750.000000	83.626	170.4137
4820.000000	83.525	170.2695
4870.000000	83.457	170.1805
4940.000000	83.365	170.0683
5000.000000	83.289	169.9754
5080.000000	83.191	169.8672
5150.000000	83.108	169.7852
5220.000000	83.027	169.7053
5300.000000	82.933	169.6129
5380.000000	82.838	169.5439
5450.000000	82.754	169.5187
5520.000000	82.670	169.5416
5600.000000	82.578	169.6316
5700.000000	82.468	169.8499
5800.000000	82.373	170.1730
5900.000000	82.298	170.5931
6000.000000	82.249	171.0534
6080.000000	82.227	171.4362
6150.000000	82.220	171.7925
6220.000000	82.228	172.1513
6300.000000	82.255	172.5379
6400.000000	82.312	172.9590
6500.000000	82.395	173.3026
6600.000000	82.502	173.5637
6700.000000	82.637	173.7243
6800.000000	82.800	173.7613
6900.000000	82.992	173.6409
7000.000000	83.216	173.3232
7100.000000	83.470	172.7361
7200.000000	83.748	171.8092
7300.000000	84.042	170.5163
7400.000000	84.350	168.8114
7500.000000	84.661	166.6227
7620.000000	85.023	163.2961
7750.000000	85.367	158.7689
7880.000000	85.622	153.2047
8000.000000	85.728	147.1665
8120.000000	85.656	140.4266
8250.000000	85.322	132.7024
8380.000000	84.687	125.1221
8500.000000	83.837	118.8990
8620.000000	82.782	113.9654
8750.000000	81.502	110.3979
8850.000000	80.484	108.9061
9000.000000	78.984	108.4721
9120.000000	77.853	109.4063
9250.000000	76.725	111.3870
9380.000000	75.703	114.1094
9500.000000	74.853	117.1096
9620.000000	74.089	120.3972
9750.000000	73.343	124.1718
9880.000000	72.670	128.1220
10000.000000	72.106	131.8646
10150.000000	71.466	136.6471
10300.000000	70.891	141.5391
10440.000000	70.407	146.1970
10600.000000	69.915	151.5966
10750.000000	69.507	156.6913
10900.000000	69.147	161.8254
11060.000000	68.814	167.3283
11200.000000	68.567	172.1570
11380.000000	68.304	178.3756
11500.000000	68.165	-177.4993
11720.000000	67.981	-169.9973
11800.000000	67.937	-167.2786
12060.000000	67.879	-158.5171
12200.000000	67.903	-153.8729
12410.000000	68.014	-147.0093
12500.000000	68.091	-144.0932
12650.000000	68.263	-139.2943
12800.000000	68.489	-134.5748
13150.000000	69.267	-123.9461
13200.000000	69.409	-122.4750
13400.000000	70.065	-116.7433
13600.000000	70.873	-111.3258
13800.000000	71.861	-106.3068
14000.000000	73.056	-101.8061
14300.000000	75.371	-96.3780
14500.000000	77.427	-94.3367
14750.000000	80.755	-96.1463
15000.000000	84.520	-107.9213
15250.000000	87.201	-132.9516
15500.000000	87.218	-163.6950
15750.000000	84.931	173.8626
16000.000000	82.111	163.6516
16250.000000	79.891	161.0389
16500.000000	78.386	161.3590
16750.000000	77.361	162.2875
17000.000000	76.606	162.8456
17250.000000	75.958	162.6463
17500.000000	75.282	161.7075
17750.000000	74.473	160.3941
18000.000000	73.481	159.2912
18250.000000	72.309	158.9984
18500.000000	71.006	159.9794
18750.000000	69.646	162.4200
19000.000000	68.304	166.2566
19250.000000	67.042	171.3149
19500.000000	65.915	177.3172
19750.000000	65.006	-176.2676
20000.000000	64.511	-171.4246
