* Measurement data measured by REW V5.31.3
* Source: Microphone (JadeAudio JA11), no input selected, R, volume: no control
* Format: 256k Log Swept Sine, 1 sweep at -12.0 dBFS with no timing reference
* Dated: Mar 16, 2025 4:26:05 AM
* REW Settings:
*  C-weighting compensation: Off
*  Target level: 75.0 dB
* Note: 
* Measurement: L Gate (Wide)
* Smoothing: 1/24 octave
* Frequency Step: 1/48 octave
* Start Frequency: 20.000 Hz
*
* Freq(Hz)	SPL(dB)	Phase(degrees)
20.000000	91.240	-175.4573
20.299999	91.245	-175.8852
20.600000	91.249	-176.2930
20.900000	91.251	-176.6838
21.200001	91.251	-177.0680
21.400000	91.250	-177.3191
21.799999	91.245	-177.8046
22.000000	91.241	-178.0435
22.400000	91.228	-178.5475
22.700001	91.216	-178.9116
23.000000	91.202	-179.2661
23.299999	91.186	-179.6523
23.600000	91.169	179.9702
24.000000	91.146	179.4823
24.299999	91.128	179.0874
24.700001	91.104	178.5736
25.000000	91.086	178.2028
25.400000	91.063	177.6818
25.799999	91.043	177.1815
26.200001	91.025	176.6868
26.500000	91.013	176.3156
26.900000	90.997	175.8309
27.200001	90.986	175.4776
27.600000	90.971	175.0218
28.000000	90.956	174.5850
28.500000	90.938	174.0835
29.000000	90.919	173.6077
29.500000	90.900	173.1585
30.000000	90.878	172.7225
30.400000	90.857	172.3828
30.700001	90.840	172.1380
31.100000	90.816	171.8234
31.500000	90.791	171.5094
32.000000	90.759	171.1295
32.500000	90.726	170.7267
33.000000	90.690	170.3322
33.500000	90.653	169.9327
34.000000	90.617	169.5570
34.500000	90.585	169.1749
35.000000	90.555	168.7917
35.500000	90.527	168.3929
36.000000	90.497	167.9935
36.500000	90.467	167.6001
37.000000	90.434	167.2228
37.500000	90.399	166.8785
38.200001	90.352	166.4512
38.700001	90.322	166.1660
39.500000	90.274	165.6914
40.000000	90.240	165.3936
40.599998	90.196	165.0539
41.200001	90.152	164.7372
41.799999	90.111	164.4203
42.500000	90.063	164.0415
43.099998	90.022	163.7169
43.700001	89.981	163.3918
44.400002	89.933	163.0274
45.000000	89.894	162.7304
45.500000	89.862	162.4832
46.200001	89.816	162.1323
46.799999	89.772	161.8505
47.500000	89.719	161.5743
48.200001	89.670	161.3305
48.700001	89.638	161.1458
49.400002	89.591	160.8658
50.000000	89.548	160.6323
50.799999	89.494	160.3223
51.500000	89.446	160.0224
52.200001	89.394	159.7405
53.000000	89.343	159.4737
53.799999	89.306	159.1006
54.500000	89.254	158.6789
55.200001	89.177	158.3981
56.000000	89.104	158.3342
57.000000	89.057	158.2341
58.000000	89.009	157.9819
59.000000	88.951	157.7271
60.000000	88.887	157.4695
60.799999	88.833	157.2776
61.500000	88.786	157.1147
62.200001	88.739	156.9559
63.000000	88.687	156.7799
64.000000	88.626	156.5440
65.000000	88.563	156.3000
66.000000	88.499	156.0834
67.000000	88.437	155.8900
68.000000	88.374	155.7139
69.000000	88.313	155.5673
70.000000	88.255	155.4218
71.000000	88.196	155.2582
72.000000	88.136	155.1021
73.000000	88.077	154.9576
74.000000	88.019	154.8161
75.000000	87.963	154.6750
76.199997	87.894	154.5184
77.500000	87.820	154.3715
78.800003	87.745	154.2284
80.000000	87.676	154.1136
81.199997	87.609	154.0000
82.500000	87.538	153.8860
83.800003	87.469	153.7828
85.000000	87.407	153.6989
86.199997	87.345	153.6270
87.500000	87.278	153.5581
88.500000	87.225	153.5098
90.000000	87.147	153.4351
91.199997	87.085	153.3615
92.500000	87.017	153.2852
93.800003	86.952	153.2294
95.000000	86.897	153.1959
96.199997	86.846	153.1505
97.500000	86.787	153.0886
98.800003	86.724	153.0691
100.000000	86.667	153.0760
101.500000	86.597	153.0862
103.000000	86.529	153.0869
104.400002	86.465	153.0807
106.000000	86.394	153.0775
107.500000	86.330	153.0789
109.000000	86.268	153.0748
110.599998	86.202	153.0837
112.000000	86.147	153.1003
113.800003	86.074	153.1320
115.000000	86.027	153.1606
117.199997	85.938	153.2146
118.000000	85.907	153.2442
120.599998	85.809	153.3226
122.000000	85.756	153.3569
124.099998	85.678	153.4316
125.000000	85.645	153.4693
126.500000	85.592	153.5309
128.000000	85.540	153.5909
131.500000	85.422	153.7532
132.000000	85.405	153.7794
134.000000	85.339	153.8805
136.000000	85.269	153.9677
138.000000	85.197	154.0761
140.000000	85.131	154.1904
143.000000	85.041	154.3799
145.000000	84.984	154.5038
147.500000	84.910	154.6698
150.000000	84.836	154.8444
152.500000	84.764	154.9982
155.000000	84.696	155.1566
157.500000	84.628	155.3201
160.000000	84.559	155.5044
162.500000	84.493	155.7021
165.000000	84.430	155.8883
167.500000	84.367	156.0916
170.000000	84.306	156.3232
172.500000	84.249	156.5444
175.000000	84.195	156.7290
177.500000	84.139	156.9060
180.000000	84.084	157.0944
182.500000	84.027	157.2888
185.000000	83.969	157.4891
187.500000	83.915	157.7091
190.000000	83.864	157.9383
192.500000	83.812	158.1713
195.000000	83.765	158.3978
197.500000	83.721	158.6103
200.000000	83.678	158.8333
203.000000	83.627	159.1161
206.000000	83.576	159.4027
209.000000	83.526	159.6979
212.000000	83.477	159.9556
214.000000	83.443	160.1039
218.000000	83.373	160.4173
220.000000	83.336	160.6060
224.000000	83.275	161.0732
227.000000	83.247	161.4249
230.000000	83.225	161.6859
233.000000	83.191	161.9260
236.000000	83.151	162.1692
240.000000	83.096	162.4833
243.000000	83.064	162.7223
247.000000	83.027	163.0410
250.000000	82.987	163.2309
254.000000	82.907	163.4531
258.000000	82.833	163.7875
262.000000	82.790	164.3454
265.000000	82.771	164.7882
269.000000	82.756	165.2075
272.000000	82.747	165.4337
276.000000	82.732	165.7196
280.000000	82.715	166.0565
285.000000	82.690	166.5382
290.000000	82.660	166.8758
295.000000	82.633	167.0876
300.000000	82.602	167.3270
304.000000	82.570	167.5401
307.000000	82.545	167.6942
311.000000	82.510	167.9040
315.000000	82.475	168.1271
320.000000	82.432	168.4464
325.000000	82.393	168.7870
330.000000	82.357	169.1336
335.000000	82.320	169.4871
340.000000	82.284	169.8405
345.000000	82.250	170.1982
350.000000	82.219	170.5421
355.000000	82.189	170.8853
360.000000	82.161	171.2263
365.000000	82.132	171.5643
370.000000	82.106	171.9081
375.000000	82.080	172.2635
382.000000	82.045	172.7493
387.000000	82.020	173.0836
395.000000	81.984	173.6140
400.000000	81.962	173.9525
406.000000	81.937	174.3619
412.000000	81.911	174.7693
418.000000	81.887	175.1642
425.000000	81.861	175.6298
431.000000	81.840	176.0250
437.000000	81.819	176.4180
444.000000	81.795	176.8793
450.000000	81.775	177.2763
455.000000	81.760	177.6107
462.000000	81.743	178.0708
468.000000	81.730	178.4536
475.000000	81.712	178.8929
482.000000	81.694	179.3358
487.000000	81.682	179.6540
494.000000	81.667	-179.9128
500.000000	81.656	-179.5457
508.000000	81.641	-179.0516
515.000000	81.630	-178.6209
522.000000	81.620	-178.1833
530.000000	81.608	-177.6917
538.000000	81.596	-177.2115
545.000000	81.586	-176.7895
552.000000	81.578	-176.3622
560.000000	81.569	-175.8676
570.000000	81.559	-175.2520
580.000000	81.549	-174.6500
590.000000	81.542	-174.0469
600.000000	81.536	-173.4381
608.000000	81.533	-172.9504
615.000000	81.530	-172.5226
622.000000	81.528	-172.0955
630.000000	81.527	-171.6092
640.000000	81.527	-170.9980
650.000000	81.528	-170.3859
660.000000	81.531	-169.7786
670.000000	81.535	-169.1646
680.000000	81.541	-168.5433
690.000000	81.548	-167.9240
700.000000	81.556	-167.3024
710.000000	81.566	-166.6819
720.000000	81.579	-166.0570
730.000000	81.593	-165.4291
740.000000	81.608	-164.8004
750.000000	81.626	-164.1680
762.000000	81.649	-163.4073
775.000000	81.677	-162.5759
788.000000	81.708	-161.7334
800.000000	81.740	-160.9402
812.000000	81.776	-160.1396
825.000000	81.821	-159.2525
838.000000	81.874	-158.3334
850.000000	81.933	-157.4634
862.000000	82.007	-156.5952
875.000000	82.103	-155.7136
885.000000	82.186	-155.1197
900.000000	82.309	-154.3772
912.000000	82.401	-153.8630
925.000000	82.492	-153.3287
938.000000	82.579	-152.7861
950.000000	82.660	-152.2770
962.000000	82.742	-151.7696
975.000000	82.834	-151.2277
988.000000	82.929	-150.7040
1000.000000	83.019	-150.2401
1015.000000	83.134	-149.6928
1030.000000	83.253	-149.1882
1044.000000	83.365	-148.7547
1060.000000	83.495	-148.3025
1075.000000	83.618	-147.9228
1090.000000	83.740	-147.5824
1106.000000	83.870	-147.2616
1120.000000	83.982	-147.0189
1138.000000	84.123	-146.7543
1150.000000	84.215	-146.6047
1172.000000	84.381	-146.3740
1180.000000	84.439	-146.3039
1206.000000	84.623	-146.1251
1220.000000	84.718	-146.0543
1241.000000	84.856	-145.9804
1250.000000	84.913	-145.9563
1265.000000	85.004	-145.9213
1280.000000	85.092	-145.8918
1315.000000	85.285	-145.8095
1320.000000	85.312	-145.7956
1340.000000	85.419	-145.7398
1360.000000	85.524	-145.6845
1380.000000	85.628	-145.6289
1400.000000	85.731	-145.5750
1430.000000	85.882	-145.4968
1450.000000	85.982	-145.4440
1475.000000	86.106	-145.3801
1500.000000	86.230	-145.3179
1525.000000	86.353	-145.2578
1550.000000	86.479	-145.2046
1575.000000	86.606	-145.1591
1600.000000	86.734	-145.1313
1625.000000	86.864	-145.1265
1650.000000	86.995	-145.1504
1675.000000	87.124	-145.2029
1700.000000	87.251	-145.2766
1725.000000	87.378	-145.3690
1750.000000	87.503	-145.4768
1775.000000	87.627	-145.5965
1800.000000	87.750	-145.7301
1825.000000	87.872	-145.8750
1850.000000	87.994	-146.0300
1875.000000	88.117	-146.1955
1900.000000	88.240	-146.3752
1925.000000	88.365	-146.5716
1950.000000	88.489	-146.7903
1975.000000	88.615	-147.0313
2000.000000	88.741	-147.2984
2030.000000	88.892	-147.6572
2060.000000	89.042	-148.0537
2090.000000	89.191	-148.4886
2120.000000	89.339	-148.9637
2140.000000	89.437	-149.3052
2180.000000	89.629	-150.0439
2200.000000	89.724	-150.4387
2240.000000	89.909	-151.2857
2270.000000	90.044	-151.9701
2300.000000	90.174	-152.6930
2330.000000	90.301	-153.4586
2360.000000	90.422	-154.2614
2400.000000	90.575	-155.3897
2430.000000	90.683	-156.2766
2470.000000	90.818	-157.5052
2500.000000	90.910	-158.4588
2540.000000	91.023	-159.7735
2580.000000	91.122	-161.1277
2620.000000	91.207	-162.5127
2650.000000	91.260	-163.5632
2690.000000	91.319	-164.9769
2720.000000	91.354	-166.0392
2760.000000	91.387	-167.4519
2800.000000	91.406	-168.8506
2850.000000	91.410	-170.5560
2900.000000	91.396	-172.2051
2950.000000	91.367	-173.7894
3000.000000	91.323	-175.3096
3040.000000	91.279	-176.4771
3070.000000	91.240	-177.3225
3110.000000	91.182	-178.4082
3150.000000	91.118	-179.4470
3200.000000	91.030	179.3285
3250.000000	90.935	178.1875
3300.000000	90.834	177.1268
3350.000000	90.729	176.1406
3400.000000	90.621	175.2268
3450.000000	90.510	174.3853
3500.000000	90.397	173.6133
3550.000000	90.283	172.9100
3600.000000	90.170	172.2741
3650.000000	90.058	171.6988
3700.000000	89.949	171.1784
3750.000000	89.843	170.7035
3820.000000	89.700	170.1095
3870.000000	89.602	169.7246
3950.000000	89.452	169.1646
4000.000000	89.363	168.8459
4060.000000	89.259	168.4859
4120.000000	89.160	168.1473
4180.000000	89.064	167.8235
4250.000000	88.957	167.4631
4310.000000	88.869	167.1623
4370.000000	88.784	166.8640
4440.000000	88.688	166.5172
4500.000000	88.608	166.2153
4550.000000	88.542	165.9572
4620.000000	88.451	165.5814
4680.000000	88.373	165.2487
4750.000000	88.281	164.8476
4820.000000	88.187	164.4304
4870.000000	88.118	164.1303
4940.000000	88.018	163.7074
5000.000000	87.930	163.3385
5080.000000	87.808	162.8504
5150.000000	87.695	162.4291
5220.000000	87.578	162.0148
5300.000000	87.437	161.5569
5380.000000	87.288	161.1291
5450.000000	87.153	160.7885
5520.000000	87.012	160.4770
5600.000000	86.841	160.1591
5700.000000	86.613	159.8659
5800.000000	86.372	159.7397
5900.000000	86.122	159.8443
6000.000000	85.876	160.2194
6080.000000	85.694	160.7216
6150.000000	85.552	161.2843
6220.000000	85.430	161.9243
6300.000000	85.316	162.7084
6400.000000	85.211	163.7031
6500.000000	85.143	164.6570
6600.000000	85.106	165.5413
6700.000000	85.097	166.3365
6800.000000	85.111	167.0391
6900.000000	85.150	167.6518
7000.000000	85.214	168.1752
7100.000000	85.307	168.5884
7200.000000	85.435	168.8376
7300.000000	85.599	168.8475
7400.000000	85.799	168.5372
7500.000000	86.029	167.7975
7620.000000	86.327	166.1862
7750.000000	86.643	163.3571
7880.000000	86.887	159.2435
8000.000000	86.972	154.3338
8120.000000	86.849	148.6378
8250.000000	86.417	142.1797
8380.000000	85.661	136.2594
8500.000000	84.715	131.9709
8620.000000	83.604	129.2593
8750.000000	82.306	128.3473
8850.000000	81.302	129.1335
9000.000000	79.899	132.7147
9120.000000	78.971	137.4850
9250.000000	78.291	144.0164
9380.000000	78.046	150.7472
9500.000000	78.179	155.6879
9620.000000	78.498	158.3838
9750.000000	78.814	158.6591
9880.000000	78.904	157.0205
10000.000000	78.718	154.9235
10150.000000	78.171	152.8603
10300.000000	77.409	152.1808
10440.000000	76.629	152.9145
10600.000000	75.752	155.0875
10750.000000	74.991	158.0718
10900.000000	74.308	161.6997
11060.000000	73.667	166.0496
11200.000000	73.177	170.1493
11380.000000	72.641	175.6930
11500.000000	72.339	179.5065
11720.000000	71.898	-173.3441
11800.000000	71.773	-170.7200
12060.000000	71.489	-162.1868
12200.000000	71.409	-157.6358
12410.000000	71.382	-150.9252
12500.000000	71.402	-148.0901
12650.000000	71.479	-143.4158
12800.000000	71.610	-138.7870
13150.000000	72.158	-128.1803
13200.000000	72.267	-126.7014
13400.000000	72.793	-120.9034
13600.000000	73.476	-115.3541
13800.000000	74.345	-110.1733
14000.000000	75.429	-105.5612
14300.000000	77.601	-100.1922
14500.000000	79.573	-98.7834
14750.000000	82.643	-102.7763
15000.000000	85.680	-117.5139
15250.000000	87.225	-142.9018
15500.000000	86.349	-169.3427
15750.000000	83.852	173.3369
16000.000000	81.166	165.8492
16250.000000	79.009	163.9114
16500.000000	77.396	163.9787
16750.000000	76.134	164.2845
17000.000000	75.036	164.0956
17250.000000	73.943	163.2679
17500.000000	72.732	162.0836
17750.000000	71.328	161.1211
18000.000000	69.720	161.0438
18250.000000	67.938	162.3369
18500.000000	66.044	165.2386
18750.000000	64.096	169.8055
19000.000000	62.138	176.0200
19250.000000	60.205	-176.1823
19500.000000	58.341	-166.9516
19750.000000	56.673	-156.8653
20000.000000	55.653	-148.9395
