* Measurement data measured by REW V5.31.3
* Source: Microphone (JadeAudio JA11), MICROPHONE (Master Volume), R, volume: 0.250
* Format: 256k Log Swept Sine, 1 sweep at -12.0 dBFS with no timing reference
* Dated: Mar 21, 2025 1:42:48 PM
* REW Settings:
*  C-weighting compensation: Off
*  Target level: 75.0 dB
* Note: 
* Measurement: L Zero Blue 2
* Smoothing: 1/24 octave
* Frequency Step: 1/48 octave
* Start Frequency: 20.000 Hz
*
* Freq(Hz)	SPL(dB)	Phase(degrees)
20.000000	91.697	173.3909
20.299999	91.694	172.9340
20.600000	91.689	172.4919
20.900000	91.681	172.0673
21.200001	91.670	171.6547
21.400000	91.661	171.3888
21.799999	91.640	170.8830
22.000000	91.629	170.6368
22.400000	91.604	170.1179
22.700001	91.583	169.7391
23.000000	91.561	169.3656
23.299999	91.537	168.9568
23.600000	91.511	168.5547
24.000000	91.476	168.0321
24.299999	91.450	167.6094
24.700001	91.414	167.0544
25.000000	91.388	166.6483
25.400000	91.355	166.0755
25.799999	91.322	165.5210
26.200001	91.291	164.9741
26.500000	91.270	164.5663
26.900000	91.243	164.0350
27.200001	91.224	163.6463
27.600000	91.199	163.1395
28.000000	91.174	162.6454
28.500000	91.143	162.0651
29.000000	91.110	161.5105
29.500000	91.076	160.9919
30.000000	91.040	160.4973
30.400000	91.010	160.1116
30.700001	90.987	159.8277
31.100000	90.954	159.4503
31.500000	90.920	159.0639
32.000000	90.874	158.5919
32.500000	90.826	158.1077
33.000000	90.777	157.6378
33.500000	90.728	157.1502
34.000000	90.680	156.6667
34.500000	90.632	156.1729
35.000000	90.584	155.6953
35.500000	90.539	155.2228
36.000000	90.496	154.7581
36.500000	90.454	154.2966
37.000000	90.412	153.8457
37.500000	90.370	153.4163
38.200001	90.311	152.8343
38.700001	90.268	152.4250
39.500000	90.189	151.8075
40.000000	90.138	151.4672
40.599998	90.081	151.0758
41.200001	90.026	150.6645
41.799999	89.967	150.2258
42.500000	89.893	149.7209
43.099998	89.830	149.3027
43.700001	89.767	148.8773
44.400002	89.693	148.3919
45.000000	89.632	148.0045
45.500000	89.585	147.6873
46.200001	89.522	147.2253
46.799999	89.466	146.8272
47.500000	89.398	146.3964
48.200001	89.331	145.9908
48.700001	89.284	145.7011
49.400002	89.213	145.3009
50.000000	89.151	144.9741
50.799999	89.067	144.5443
51.500000	88.992	144.1699
52.200001	88.917	143.8032
53.000000	88.833	143.3793
53.799999	88.749	142.9437
54.500000	88.677	142.5643
55.200001	88.603	142.2050
56.000000	88.523	141.8504
57.000000	88.432	141.4188
58.000000	88.327	141.0312
59.000000	88.238	140.8538
60.000000	88.175	140.4166
60.799999	88.077	139.9147
61.500000	87.966	139.6664
62.200001	87.869	139.5523
63.000000	87.775	139.3750
64.000000	87.656	139.0687
65.000000	87.540	138.7459
66.000000	87.424	138.4188
67.000000	87.314	138.1393
68.000000	87.210	137.9016
69.000000	87.112	137.7020
70.000000	87.016	137.5199
71.000000	86.922	137.3411
72.000000	86.827	137.1467
73.000000	86.732	136.9391
74.000000	86.637	136.7180
75.000000	86.544	136.4734
76.199997	86.430	136.1613
77.500000	86.300	135.8819
78.800003	86.175	135.6829
80.000000	86.061	135.5110
81.199997	85.946	135.3340
82.500000	85.816	135.1419
83.800003	85.683	135.0018
85.000000	85.565	134.9105
86.199997	85.453	134.8450
87.500000	85.336	134.7805
88.500000	85.246	134.7471
90.000000	85.116	134.7036
91.199997	85.014	134.6586
92.500000	84.905	134.6182
93.800003	84.799	134.5709
95.000000	84.700	134.5223
96.199997	84.600	134.4818
97.500000	84.492	134.4560
98.800003	84.385	134.4184
100.000000	84.284	134.3784
101.500000	84.157	134.3424
103.000000	84.031	134.3359
104.400002	83.917	134.3600
106.000000	83.786	134.3964
107.500000	83.661	134.4421
109.000000	83.535	134.5208
110.599998	83.406	134.6259
112.000000	83.296	134.7221
113.800003	83.160	134.8721
115.000000	83.071	134.9752
117.199997	82.905	135.1963
118.000000	82.843	135.2876
120.599998	82.645	135.6250
122.000000	82.541	135.8099
124.099998	82.387	136.0950
125.000000	82.321	136.2391
126.500000	82.217	136.5105
128.000000	82.118	136.7756
131.500000	81.885	137.3737
132.000000	81.852	137.4645
134.000000	81.717	137.8561
136.000000	81.586	138.2682
138.000000	81.467	138.7317
140.000000	81.358	139.1384
143.000000	81.189	139.7308
145.000000	81.068	140.1667
147.500000	80.923	140.8062
150.000000	80.798	141.3942
152.500000	80.674	141.9174
155.000000	80.552	142.5424
157.500000	80.441	143.2394
160.000000	80.333	143.9128
162.500000	80.227	144.5724
165.000000	80.131	145.2272
167.500000	80.037	145.9292
170.000000	79.945	146.6441
172.500000	79.859	147.2815
175.000000	79.779	147.8870
177.500000	79.706	148.6270
180.000000	79.639	149.4157
182.500000	79.565	150.1321
185.000000	79.497	150.8187
187.500000	79.444	151.4669
190.000000	79.399	152.0959
192.500000	79.356	152.7261
195.000000	79.310	153.3704
197.500000	79.265	154.0142
200.000000	79.226	154.5921
203.000000	79.187	155.2264
206.000000	79.157	155.9939
209.000000	79.124	156.8050
212.000000	79.072	157.5542
214.000000	79.036	158.0005
218.000000	78.992	158.8398
220.000000	78.990	159.2710
224.000000	78.990	160.1943
227.000000	78.973	160.8835
230.000000	78.953	161.5304
233.000000	78.948	162.0864
236.000000	78.945	162.6168
240.000000	78.936	163.3005
243.000000	78.932	163.8108
247.000000	78.929	164.5158
250.000000	78.927	165.0279
254.000000	78.931	165.6700
258.000000	78.930	166.2588
262.000000	78.933	166.8345
265.000000	78.942	167.2568
269.000000	78.950	167.8114
272.000000	78.954	168.2091
276.000000	78.958	168.6807
280.000000	78.961	169.1599
285.000000	78.969	169.7561
290.000000	78.981	170.3639
295.000000	78.989	170.8951
300.000000	78.996	171.3888
304.000000	79.008	171.7776
307.000000	79.019	172.0695
311.000000	79.035	172.4670
315.000000	79.049	172.8238
320.000000	79.062	173.2572
325.000000	79.073	173.6630
330.000000	79.085	174.0580
335.000000	79.098	174.4712
340.000000	79.110	174.8826
345.000000	79.126	175.2831
350.000000	79.141	175.6414
355.000000	79.164	175.9524
360.000000	79.191	176.3128
365.000000	79.211	176.6347
370.000000	79.225	176.8885
375.000000	79.240	177.1430
382.000000	79.267	177.4834
387.000000	79.287	177.6916
395.000000	79.316	177.9474
400.000000	79.332	178.0450
406.000000	79.344	178.1365
412.000000	79.339	178.2078
418.000000	79.325	178.3465
425.000000	79.299	178.6349
431.000000	79.269	178.9037
437.000000	79.252	179.1667
444.000000	79.233	179.5068
450.000000	79.221	179.8540
455.000000	79.215	-179.8608
462.000000	79.209	-179.4821
468.000000	79.205	-179.1769
475.000000	79.203	-178.8296
482.000000	79.202	-178.4947
487.000000	79.201	-178.2619
494.000000	79.199	-177.9383
500.000000	79.196	-177.6588
508.000000	79.193	-177.2769
515.000000	79.191	-176.9606
522.000000	79.190	-176.6606
530.000000	79.189	-176.3332
538.000000	79.186	-176.0079
545.000000	79.180	-175.7278
552.000000	79.173	-175.4411
560.000000	79.163	-175.0867
570.000000	79.151	-174.6305
580.000000	79.141	-174.1836
590.000000	79.133	-173.7133
600.000000	79.127	-173.2447
608.000000	79.123	-172.8793
615.000000	79.119	-172.5519
622.000000	79.116	-172.2182
630.000000	79.112	-171.8360
640.000000	79.107	-171.3564
650.000000	79.105	-170.8687
660.000000	79.102	-170.3824
670.000000	79.100	-169.8864
680.000000	79.098	-169.3828
690.000000	79.097	-168.8787
700.000000	79.098	-168.3692
710.000000	79.102	-167.8437
720.000000	79.105	-167.3129
730.000000	79.110	-166.7823
740.000000	79.118	-166.2498
750.000000	79.128	-165.7106
762.000000	79.141	-165.0538
775.000000	79.159	-164.3409
788.000000	79.179	-163.6199
800.000000	79.202	-162.9460
812.000000	79.229	-162.2728
825.000000	79.261	-161.5439
838.000000	79.298	-160.8122
850.000000	79.334	-160.1388
862.000000	79.375	-159.4689
875.000000	79.424	-158.7469
885.000000	79.465	-158.1925
900.000000	79.533	-157.3777
912.000000	79.590	-156.7464
925.000000	79.657	-156.0853
938.000000	79.728	-155.4425
950.000000	79.797	-154.8633
962.000000	79.868	-154.2997
975.000000	79.949	-153.7222
988.000000	80.033	-153.1777
1000.000000	80.112	-152.7014
1015.000000	80.214	-152.1469
1030.000000	80.319	-151.6371
1044.000000	80.417	-151.1977
1060.000000	80.529	-150.7426
1075.000000	80.633	-150.3614
1090.000000	80.735	-150.0164
1106.000000	80.842	-149.6706
1120.000000	80.935	-149.3899
1138.000000	81.055	-149.0656
1150.000000	81.133	-148.8744
1172.000000	81.274	-148.5824
1180.000000	81.323	-148.4922
1206.000000	81.475	-148.2417
1220.000000	81.552	-148.1221
1241.000000	81.663	-147.9612
1250.000000	81.708	-147.8954
1265.000000	81.781	-147.7840
1280.000000	81.851	-147.6699
1315.000000	82.004	-147.3937
1320.000000	82.025	-147.3530
1340.000000	82.107	-147.1824
1360.000000	82.188	-146.9957
1380.000000	82.267	-146.7939
1400.000000	82.347	-146.5717
1430.000000	82.467	-146.2149
1450.000000	82.549	-145.9579
1475.000000	82.657	-145.6214
1500.000000	82.769	-145.2793
1525.000000	82.888	-144.9382
1550.000000	83.014	-144.6186
1575.000000	83.147	-144.3285
1600.000000	83.286	-144.0814
1625.000000	83.431	-143.8954
1650.000000	83.579	-143.7739
1675.000000	83.728	-143.7316
1700.000000	83.875	-143.7722
1725.000000	84.018	-143.8916
1750.000000	84.154	-144.0774
1775.000000	84.280	-144.3118
1800.000000	84.395	-144.5778
1825.000000	84.500	-144.8576
1850.000000	84.596	-145.1403
1875.000000	84.684	-145.4114
1900.000000	84.765	-145.6600
1925.000000	84.840	-145.8834
1950.000000	84.912	-146.0825
1975.000000	84.981	-146.2562
2000.000000	85.049	-146.4019
2030.000000	85.129	-146.5448
2060.000000	85.209	-146.6643
2090.000000	85.289	-146.7623
2120.000000	85.372	-146.8383
2140.000000	85.428	-146.8849
2180.000000	85.542	-146.9715
2200.000000	85.601	-147.0128
2240.000000	85.723	-147.0964
2270.000000	85.817	-147.1677
2300.000000	85.914	-147.2554
2330.000000	86.013	-147.3684
2360.000000	86.111	-147.5057
2400.000000	86.243	-147.7222
2430.000000	86.341	-147.9048
2470.000000	86.470	-148.1737
2500.000000	86.566	-148.3861
2540.000000	86.693	-148.6945
2580.000000	86.820	-149.0332
2620.000000	86.945	-149.4020
2650.000000	87.038	-149.6997
2690.000000	87.160	-150.1248
2720.000000	87.251	-150.4637
2760.000000	87.370	-150.9454
2800.000000	87.487	-151.4635
2850.000000	87.627	-152.1583
2900.000000	87.762	-152.9116
2950.000000	87.888	-153.7195
3000.000000	88.006	-154.5692
3040.000000	88.094	-155.2747
3070.000000	88.156	-155.8175
3110.000000	88.233	-156.5573
3150.000000	88.304	-157.3167
3200.000000	88.382	-158.2822
3250.000000	88.451	-159.2526
3300.000000	88.510	-160.2344
3350.000000	88.558	-161.2191
3400.000000	88.597	-162.2002
3450.000000	88.627	-163.1713
3500.000000	88.647	-164.1300
3550.000000	88.658	-165.0781
3600.000000	88.660	-166.0071
3650.000000	88.655	-166.9104
3700.000000	88.643	-167.7796
3750.000000	88.623	-168.6194
3820.000000	88.584	-169.7445
3870.000000	88.549	-170.5048
3950.000000	88.483	-171.6402
4000.000000	88.437	-172.2879
4060.000000	88.377	-173.0039
4120.000000	88.316	-173.6531
4180.000000	88.256	-174.2459
4250.000000	88.189	-174.8669
4310.000000	88.137	-175.3575
4370.000000	88.092	-175.8467
4440.000000	88.042	-176.4521
4500.000000	87.996	-177.0114
4550.000000	87.952	-177.4869
4620.000000	87.884	-178.1279
4680.000000	87.820	-178.6609
4750.000000	87.739	-179.2538
4820.000000	87.652	-179.8026
4870.000000	87.587	179.8369
4940.000000	87.493	179.3684
5000.000000	87.408	179.0049
5080.000000	87.293	178.5984
5150.000000	87.192	178.3207
5220.000000	87.094	178.1136
5300.000000	86.988	177.9388
5380.000000	86.890	177.8092
5450.000000	86.809	177.7172
5520.000000	86.732	177.6473
5600.000000	86.647	177.5939
5700.000000	86.545	177.5695
5800.000000	86.450	177.6033
5900.000000	86.363	177.7072
6000.000000	86.286	177.8880
6080.000000	86.234	178.0880
6150.000000	86.199	178.3072
6220.000000	86.175	178.5551
6300.000000	86.163	178.8563
6400.000000	86.172	179.2401
6500.000000	86.210	179.6083
6600.000000	86.280	179.8802
6700.000000	86.370	-179.9761
6800.000000	86.479	-179.9300
6900.000000	86.610	179.9984
7000.000000	86.762	179.7943
7100.000000	86.935	179.4453
7200.000000	87.132	178.9303
7300.000000	87.355	178.2042
7400.000000	87.609	177.2226
7500.000000	87.896	175.9051
7620.000000	88.288	173.6667
7750.000000	88.746	170.0249
7880.000000	89.150	164.6965
8000.000000	89.352	158.2607
8120.000000	89.278	150.8327
8250.000000	88.817	142.6416
8380.000000	87.981	135.4482
8500.000000	86.978	130.4153
8620.000000	85.867	127.1157
8750.000000	84.644	125.3053
8850.000000	83.731	124.9391
9000.000000	82.442	125.7039
9120.000000	81.495	127.1865
9250.000000	80.556	129.4348
9380.000000	79.702	132.1854
9500.000000	78.984	135.0725
9620.000000	78.329	138.2214
9750.000000	77.686	141.8592
9880.000000	77.105	145.6938
10000.000000	76.620	149.3724
10150.000000	76.077	154.1057
10300.000000	75.598	158.9700
10440.000000	75.207	163.6151
10600.000000	74.825	169.0143
10750.000000	74.525	174.1561
10900.000000	74.284	179.3402
11060.000000	74.088	-175.1248
11200.000000	73.967	-170.2849
11380.000000	73.876	-164.0865
11500.000000	73.856	-159.9816
11720.000000	73.903	-152.5130
11800.000000	73.948	-149.8135
12060.000000	74.198	-141.1115
12200.000000	74.404	-136.4783
12410.000000	74.819	-129.6087
12500.000000	75.039	-126.7042
12650.000000	75.467	-121.9311
12800.000000	75.977	-117.2534
13150.000000	77.550	-106.9147
13200.000000	77.826	-105.5282
13400.000000	79.088	-100.2984
13600.000000	80.660	-95.7910
13800.000000	82.650	-92.5849
14000.000000	85.183	-92.0050
14300.000000	89.775	-101.9790
14500.000000	92.353	-119.8034
14750.000000	93.251	-150.7190
15000.000000	91.359	-176.1402
15250.000000	88.497	172.0319
15500.000000	86.223	169.7374
15750.000000	84.843	171.2565
16000.000000	84.148	173.5244
16250.000000	83.939	175.0475
16500.000000	84.055	174.7681
16750.000000	84.304	171.8362
17000.000000	84.420	165.9887
17250.000000	84.131	158.0956
17500.000000	83.302	150.0362
17750.000000	82.008	143.6989
18000.000000	80.462	140.0627
18250.000000	78.894	139.0629
18500.000000	77.466	140.0235
18750.000000	76.262	142.0982
19000.000000	75.314	144.4807
19250.000000	74.622	146.3961
19500.000000	74.146	147.1127
19750.000000	73.823	146.2113
20000.000000	73.650	144.5549
