* Measurement data measured by REW V5.31.3
* Source: Microphone (JadeAudio JA11), MICROPHONE (Master Volume), R, volume: 0.250
* Format: 512k Log Swept Sine, 1 sweep at -8.1 dBFS with no timing reference
* Dated: May 15, 2025 1:46:40 AM
* REW Settings:
*  C-weighting compensation: Off
*  Target level: 75.0 dB
* Note: 
* Measurement: L Zero Blue 2 (5?, LTC Wide)
* Smoothing: 1/24 octave
* Frequency Step: 1/48 octave
* Start Frequency: 20.300 Hz
*
* Freq(Hz)	SPL(dB)	Phase(degrees)
20.299999	95.119	175.6581
20.600000	95.116	175.2195
20.900000	95.110	174.7197
21.200001	95.102	174.2247
21.400000	95.096	173.9032
21.799999	95.084	173.2865
22.000000	95.076	172.9874
22.400000	95.054	172.3596
22.700001	95.034	171.9027
23.000000	95.012	171.4545
23.299999	94.989	170.9751
23.600000	94.966	170.5087
24.000000	94.937	169.9118
24.299999	94.914	169.4365
24.700001	94.884	168.8163
25.000000	94.861	168.3607
25.400000	94.831	167.7154
25.799999	94.802	167.0850
26.200001	94.775	166.4627
26.500000	94.757	166.0014
26.900000	94.732	165.4049
27.200001	94.713	164.9717
27.600000	94.689	164.4093
28.000000	94.665	163.8623
28.500000	94.636	163.2160
29.000000	94.607	162.5989
29.500000	94.575	162.0199
30.000000	94.541	161.4650
30.400000	94.511	161.0289
30.700001	94.487	160.7072
31.100000	94.454	160.2819
31.500000	94.419	159.8544
32.000000	94.373	159.3412
32.500000	94.326	158.8134
33.000000	94.278	158.2928
33.500000	94.229	157.7482
34.000000	94.181	157.2143
34.500000	94.134	156.6857
35.000000	94.086	156.1785
35.500000	94.040	155.6717
36.000000	93.996	155.1664
36.500000	93.951	154.6675
37.000000	93.907	154.1851
37.500000	93.863	153.7258
38.200001	93.800	153.1038
38.700001	93.755	152.6780
39.500000	93.683	152.0327
40.000000	93.636	151.6437
40.599998	93.577	151.1647
41.200001	93.516	150.6841
41.799999	93.455	150.2165
42.500000	93.384	149.6901
43.099998	93.323	149.2399
43.700001	93.263	148.7813
44.400002	93.194	148.2634
45.000000	93.134	147.8395
45.500000	93.084	147.4900
46.200001	93.017	146.9975
46.799999	92.962	146.5813
47.500000	92.894	146.1189
48.200001	92.818	145.6828
48.700001	92.764	145.3799
49.400002	92.693	144.9579
50.000000	92.634	144.5982
50.799999	92.552	144.1207
51.500000	92.479	143.7186
52.200001	92.408	143.3361
53.000000	92.326	142.9111
53.799999	92.244	142.4807
54.500000	92.174	142.1028
55.200001	92.103	141.7377
56.000000	92.020	141.3401
57.000000	91.920	140.8631
58.000000	91.818	140.3964
59.000000	91.726	139.8312
60.000000	91.643	139.2690
60.799999	91.555	139.0011
61.500000	91.471	138.8192
62.200001	91.394	138.5774
63.000000	91.313	138.2602
64.000000	91.213	137.9028
65.000000	91.115	137.5444
66.000000	91.015	137.1808
67.000000	90.914	136.8299
68.000000	90.815	136.4994
69.000000	90.716	136.1964
70.000000	90.618	135.9062
71.000000	90.518	135.6184
72.000000	90.418	135.3361
73.000000	90.320	135.0694
74.000000	90.226	134.8161
75.000000	90.132	134.5647
76.199997	90.016	134.2594
77.500000	89.891	133.9406
78.800003	89.767	133.6662
80.000000	89.653	133.4480
81.199997	89.538	133.2266
82.500000	89.416	132.9936
83.800003	89.294	132.7771
85.000000	89.183	132.5908
86.199997	89.073	132.4167
87.500000	88.954	132.2474
88.500000	88.863	132.1278
90.000000	88.730	131.9624
91.199997	88.626	131.8272
92.500000	88.512	131.6906
93.800003	88.400	131.5782
95.000000	88.297	131.4839
96.199997	88.193	131.4091
97.500000	88.081	131.3451
98.800003	87.971	131.2870
100.000000	87.869	131.2342
101.500000	87.742	131.1812
103.000000	87.618	131.1504
104.400002	87.502	131.1405
106.000000	87.373	131.1396
107.500000	87.257	131.1544
109.000000	87.142	131.1648
110.599998	87.021	131.1894
112.000000	86.913	131.2439
113.800003	86.775	131.3056
115.000000	86.686	131.3498
117.199997	86.527	131.4791
118.000000	86.469	131.5303
120.599998	86.287	131.7032
122.000000	86.190	131.8130
124.099998	86.045	131.9746
125.000000	85.985	132.0545
126.500000	85.885	132.1986
128.000000	85.785	132.3567
131.500000	85.563	132.7441
132.000000	85.532	132.7980
134.000000	85.410	133.0040
136.000000	85.288	133.2254
138.000000	85.169	133.4786
140.000000	85.056	133.7456
143.000000	84.892	134.2168
145.000000	84.782	134.5496
147.500000	84.647	134.9571
150.000000	84.518	135.3746
152.500000	84.398	135.8170
155.000000	84.279	136.2599
157.500000	84.170	136.7207
160.000000	84.070	137.1579
162.500000	83.969	137.5795
165.000000	83.872	137.9885
167.500000	83.776	138.4066
170.000000	83.681	138.8264
172.500000	83.589	139.2225
175.000000	83.500	139.6045
177.500000	83.413	140.0161
180.000000	83.328	140.4743
182.500000	83.244	140.9411
185.000000	83.159	141.4118
187.500000	83.075	141.8848
190.000000	83.000	142.4012
192.500000	82.937	142.9129
195.000000	82.885	143.3784
197.500000	82.833	143.7716
200.000000	82.777	144.2038
203.000000	82.698	144.7204
206.000000	82.616	145.2763
209.000000	82.556	145.9048
212.000000	82.525	146.5219
214.000000	82.516	146.9147
218.000000	82.493	147.5782
220.000000	82.471	147.8204
224.000000	82.416	148.2933
227.000000	82.375	148.6518
230.000000	82.331	148.9851
233.000000	82.285	149.3092
236.000000	82.243	149.6438
240.000000	82.194	150.1100
243.000000	82.160	150.4774
247.000000	82.114	150.9451
250.000000	82.081	151.2724
254.000000	82.040	151.7115
258.000000	82.000	152.1619
262.000000	81.961	152.5809
265.000000	81.933	152.8745
269.000000	81.897	153.2712
272.000000	81.874	153.5679
276.000000	81.844	153.9357
280.000000	81.811	154.2964
285.000000	81.771	154.7462
290.000000	81.734	155.1659
295.000000	81.698	155.5632
300.000000	81.661	155.9341
304.000000	81.633	156.2301
307.000000	81.612	156.4522
311.000000	81.582	156.7241
315.000000	81.553	156.9931
320.000000	81.518	157.3327
325.000000	81.484	157.6775
330.000000	81.449	158.0303
335.000000	81.414	158.3749
340.000000	81.379	158.6996
345.000000	81.344	159.0113
350.000000	81.310	159.3242
355.000000	81.278	159.6314
360.000000	81.246	159.9245
365.000000	81.214	160.2343
370.000000	81.183	160.5513
375.000000	81.152	160.8486
382.000000	81.108	161.2588
387.000000	81.076	161.5490
395.000000	81.026	162.0112
400.000000	80.995	162.3111
406.000000	80.960	162.6740
412.000000	80.926	163.0375
418.000000	80.894	163.3945
425.000000	80.860	163.8269
431.000000	80.832	164.1975
437.000000	80.806	164.5593
444.000000	80.779	164.9594
450.000000	80.758	165.2878
455.000000	80.743	165.5536
462.000000	80.722	165.9057
468.000000	80.706	166.1713
475.000000	80.684	166.4365
482.000000	80.660	166.6555
487.000000	80.638	166.7943
494.000000	80.598	166.9703
500.000000	80.552	167.1348
508.000000	80.480	167.4622
515.000000	80.418	167.8670
522.000000	80.366	168.3459
530.000000	80.322	168.9119
538.000000	80.289	169.4505
545.000000	80.265	169.8936
552.000000	80.242	170.3103
560.000000	80.215	170.7662
570.000000	80.180	171.3202
580.000000	80.146	171.8695
590.000000	80.112	172.4247
600.000000	80.077	172.9718
608.000000	80.049	173.4134
615.000000	80.026	173.8031
622.000000	80.004	174.1989
630.000000	79.979	174.6596
640.000000	79.949	175.2377
650.000000	79.922	175.8140
660.000000	79.896	176.3947
670.000000	79.873	176.9808
680.000000	79.850	177.5738
690.000000	79.830	178.1770
700.000000	79.812	178.7920
710.000000	79.796	179.4008
720.000000	79.781	-179.9936
730.000000	79.768	-179.3759
740.000000	79.757	-178.7489
750.000000	79.750	-178.1160
762.000000	79.744	-177.3550
775.000000	79.742	-176.5293
788.000000	79.745	-175.6957
800.000000	79.753	-174.9261
812.000000	79.764	-174.1573
825.000000	79.781	-173.3246
838.000000	79.804	-172.5100
850.000000	79.829	-171.7623
862.000000	79.859	-171.0206
875.000000	79.898	-170.2324
885.000000	79.931	-169.6388
900.000000	79.985	-168.7744
912.000000	80.032	-168.1049
925.000000	80.087	-167.4061
938.000000	80.145	-166.7411
950.000000	80.199	-166.1579
962.000000	80.253	-165.5955
975.000000	80.312	-165.0027
988.000000	80.369	-164.4188
1000.000000	80.421	-163.8721
1015.000000	80.492	-163.1709
1030.000000	80.571	-162.4730
1044.000000	80.654	-161.8555
1060.000000	80.755	-161.2084
1075.000000	80.855	-160.6602
1090.000000	80.956	-160.1700
1106.000000	81.064	-159.7031
1120.000000	81.157	-159.3398
1138.000000	81.275	-158.9337
1150.000000	81.350	-158.6940
1172.000000	81.483	-158.3058
1180.000000	81.530	-158.1777
1206.000000	81.673	-157.8032
1220.000000	81.746	-157.6214
1241.000000	81.851	-157.3591
1250.000000	81.894	-157.2479
1265.000000	81.964	-157.0625
1280.000000	82.032	-156.8720
1315.000000	82.187	-156.4154
1320.000000	82.209	-156.3480
1340.000000	82.295	-156.0701
1360.000000	82.382	-155.7799
1380.000000	82.471	-155.4874
1400.000000	82.562	-155.1912
1430.000000	82.706	-154.7539
1450.000000	82.806	-154.4749
1475.000000	82.936	-154.1542
1500.000000	83.072	-153.8753
1525.000000	83.213	-153.6501
1550.000000	83.358	-153.4905
1575.000000	83.503	-153.4045
1600.000000	83.646	-153.3896
1625.000000	83.786	-153.4474
1650.000000	83.920	-153.5706
1675.000000	84.047	-153.7449
1700.000000	84.164	-153.9561
1725.000000	84.273	-154.1898
1750.000000	84.373	-154.4307
1775.000000	84.465	-154.6644
1800.000000	84.551	-154.8821
1825.000000	84.631	-155.0813
1850.000000	84.709	-155.2633
1875.000000	84.785	-155.4263
1900.000000	84.859	-155.5695
1925.000000	84.933	-155.6998
1950.000000	85.007	-155.8204
1975.000000	85.082	-155.9335
2000.000000	85.157	-156.0447
2030.000000	85.249	-156.1779
2060.000000	85.341	-156.3160
2090.000000	85.433	-156.4562
2120.000000	85.526	-156.5927
2140.000000	85.590	-156.6858
2180.000000	85.722	-156.8904
2200.000000	85.790	-157.0061
2240.000000	85.927	-157.2770
2270.000000	86.031	-157.5118
2300.000000	86.134	-157.7723
2330.000000	86.236	-158.0554
2360.000000	86.339	-158.3641
2400.000000	86.474	-158.8221
2430.000000	86.574	-159.1988
2470.000000	86.704	-159.7393
2500.000000	86.800	-160.1766
2540.000000	86.924	-160.8049
2580.000000	87.044	-161.4821
2620.000000	87.158	-162.2016
2650.000000	87.240	-162.7684
2690.000000	87.345	-163.5599
2720.000000	87.418	-164.1807
2760.000000	87.510	-165.0427
2800.000000	87.593	-165.9414
2850.000000	87.683	-167.1058
2900.000000	87.758	-168.2908
2950.000000	87.820	-169.4864
3000.000000	87.870	-170.6854
3040.000000	87.901	-171.6488
3070.000000	87.919	-172.3763
3110.000000	87.935	-173.3407
3150.000000	87.942	-174.3001
3200.000000	87.939	-175.4824
3250.000000	87.923	-176.6338
3300.000000	87.895	-177.7477
3350.000000	87.858	-178.8221
3400.000000	87.811	-179.8565
3450.000000	87.755	179.1574
3500.000000	87.692	178.2220
3550.000000	87.621	177.3397
3600.000000	87.544	176.5144
3650.000000	87.463	175.7430
3700.000000	87.378	175.0260
3750.000000	87.290	174.3613
3820.000000	87.163	173.5153
3870.000000	87.072	172.9661
3950.000000	86.924	172.1822
4000.000000	86.832	171.7488
4060.000000	86.722	171.2789
4120.000000	86.612	170.8611
4180.000000	86.504	170.4929
4250.000000	86.380	170.1186
4310.000000	86.276	169.8430
4370.000000	86.174	169.6017
4440.000000	86.060	169.3563
4500.000000	85.964	169.1730
4550.000000	85.887	169.0343
4620.000000	85.782	168.8621
4680.000000	85.694	168.7328
4750.000000	85.595	168.5969
4820.000000	85.499	168.4788
4870.000000	85.431	168.4059
4940.000000	85.339	168.3194
5000.000000	85.262	168.2563
5080.000000	85.162	168.1894
5150.000000	85.078	168.1463
5220.000000	84.996	168.1164
5300.000000	84.906	168.0915
5380.000000	84.817	168.0804
5450.000000	84.741	168.0872
5520.000000	84.665	168.1145
5600.000000	84.581	168.1770
5700.000000	84.480	168.3064
5800.000000	84.389	168.5059
5900.000000	84.314	168.7564
6000.000000	84.249	168.9924
6080.000000	84.201	169.2473
6150.000000	84.171	169.5170
6220.000000	84.153	169.7956
6300.000000	84.146	170.1019
6400.000000	84.152	170.4907
6500.000000	84.185	170.9067
6600.000000	84.255	171.2573
6700.000000	84.345	171.4201
6800.000000	84.445	171.5574
6900.000000	84.587	171.6358
7000.000000	84.755	171.4814
7100.000000	84.943	171.1622
7200.000000	85.162	170.6330
7300.000000	85.408	169.8018
7400.000000	85.675	168.5935
7500.000000	85.953	166.9458
7620.000000	86.284	164.2974
7750.000000	86.605	160.5263
7880.000000	86.842	155.8073
8000.000000	86.943	150.6841
8120.000000	86.889	145.0107
8250.000000	86.618	138.5812
8380.000000	86.111	132.3383
8500.000000	85.452	127.1912
8620.000000	84.651	122.9350
8750.000000	83.682	119.4719
8850.000000	82.900	117.6031
9000.000000	81.711	115.9640
9120.000000	80.769	115.5320
9250.000000	79.774	115.7924
9380.000000	78.810	116.6975
9500.000000	77.948	118.0505
9620.000000	77.115	119.8661
9750.000000	76.250	122.3142
9880.000000	75.428	125.2307
10000.000000	74.713	128.2994
10150.000000	73.885	132.5600
10300.000000	73.133	137.2097
10440.000000	72.502	141.8145
10600.000000	71.860	147.2897
10750.000000	71.333	152.5484
10900.000000	70.873	157.8611
11060.000000	70.448	163.5642
11200.000000	70.128	168.5649
11380.000000	69.782	174.9761
11500.000000	69.591	179.2285
11720.000000	69.319	-173.0513
11800.000000	69.245	-170.2728
12060.000000	69.096	-161.3459
12200.000000	69.074	-156.6133
12410.000000	69.118	-149.6455
12500.000000	69.165	-146.7113
12650.000000	69.284	-141.8866
12800.000000	69.458	-137.1503
13150.000000	70.092	-126.4984
13200.000000	70.211	-125.0270
13400.000000	70.762	-119.2854
13600.000000	71.452	-113.7931
13800.000000	72.301	-108.6029
14000.000000	73.334	-103.7931
14300.000000	75.336	-97.4607
14500.000000	77.104	-94.2822
14750.000000	80.006	-93.1318
15000.000000	83.656	-99.0299
15250.000000	87.099	-117.1803
15500.000000	88.584	-146.3665
15750.000000	87.326	-174.1552
16000.000000	84.602	169.6242
16250.000000	82.015	163.6053
16500.000000	80.135	162.4863
16750.000000	78.823	162.8055
17000.000000	77.829	163.0613
17250.000000	76.954	162.7310
17500.000000	76.047	161.8811
17750.000000	75.006	160.9124
18000.000000	73.787	160.4050
18250.000000	72.403	160.9070
18500.000000	70.902	162.8044
18750.000000	69.356	166.2681
19000.000000	67.839	171.2094
19250.000000	66.411	177.4009
19500.000000	65.122	-175.4204
19750.000000	64.059	-167.7326
20000.000000	63.448	-161.4494
