* Measurement data measured by REW V5.31.3
* Source: Microphone (JadeAudio JA11), MICROPHONE (Master Volume), R, volume: 0.250
* Format: 512k Log Swept Sine, 1 sweep at -12.0 dBFS with no timing reference
* Dated: Apr 27, 2025 10:03:16 PM
* REW Settings:
*  C-weighting compensation: Off
*  Target level: 75.0 dB
* Note: 
* Measurement: L Zero Blue 2 S2
* Smoothing: 1/24 octave
* Frequency Step: 1/48 octave
* Start Frequency: 20.300 Hz
*
* Freq(Hz)	SPL(dB)	Phase(degrees)
20.299999	91.027	177.2031
20.600000	91.023	176.8269
20.900000	91.016	176.3920
21.200001	91.006	175.9535
21.400000	90.999	175.6637
21.799999	90.986	175.1001
22.000000	90.977	174.8253
22.400000	90.956	174.2487
22.700001	90.937	173.8331
23.000000	90.916	173.4257
23.299999	90.894	172.9826
23.600000	90.871	172.5452
24.000000	90.840	171.9783
24.299999	90.817	171.5248
24.700001	90.784	170.9414
25.000000	90.758	170.5217
25.400000	90.726	169.9310
25.799999	90.695	169.3538
26.200001	90.668	168.7757
26.500000	90.650	168.3414
26.900000	90.627	167.7777
27.200001	90.609	167.3710
27.600000	90.585	166.8509
28.000000	90.562	166.3549
28.500000	90.534	165.7780
29.000000	90.507	165.2249
29.500000	90.476	164.6971
30.000000	90.441	164.1842
30.400000	90.411	163.7821
30.700001	90.387	163.4881
31.100000	90.355	163.1012
31.500000	90.322	162.7085
32.000000	90.278	162.2277
32.500000	90.230	161.7276
33.000000	90.182	161.2483
33.500000	90.135	160.7659
34.000000	90.091	160.2988
34.500000	90.046	159.8180
35.000000	90.000	159.3354
35.500000	89.955	158.8488
36.000000	89.912	158.3797
36.500000	89.870	157.9355
37.000000	89.827	157.5165
37.500000	89.782	157.1220
38.200001	89.719	156.5853
38.700001	89.677	156.2032
39.500000	89.607	155.5884
40.000000	89.558	155.2227
40.599998	89.498	154.8062
41.200001	89.441	154.4029
41.799999	89.387	153.9864
42.500000	89.318	153.4973
43.099998	89.255	153.1010
43.700001	89.196	152.7086
44.400002	89.135	152.2349
45.000000	89.082	151.8290
45.500000	89.034	151.5125
46.200001	88.960	151.1118
46.799999	88.894	150.7881
47.500000	88.819	150.4134
48.200001	88.747	150.0383
48.700001	88.701	149.7653
49.400002	88.641	149.3735
50.000000	88.588	149.0455
50.799999	88.510	148.6344
51.500000	88.438	148.2916
52.200001	88.370	147.9512
53.000000	88.291	147.5767
53.799999	88.208	147.2287
54.500000	88.139	146.9318
55.200001	88.069	146.6238
56.000000	87.989	146.2878
57.000000	87.887	145.9580
58.000000	87.776	145.6859
59.000000	87.705	145.5081
60.000000	87.664	145.3088
60.799999	87.582	144.9417
61.500000	87.491	144.5646
62.200001	87.412	144.2713
63.000000	87.334	144.0186
64.000000	87.237	143.6963
65.000000	87.149	143.3902
66.000000	87.056	143.0992
67.000000	86.960	142.8116
68.000000	86.862	142.5475
69.000000	86.765	142.2968
70.000000	86.673	142.0497
71.000000	86.581	141.8229
72.000000	86.490	141.6193
73.000000	86.399	141.4183
74.000000	86.304	141.2455
75.000000	86.212	141.0995
76.199997	86.103	140.8867
77.500000	85.979	140.6581
78.800003	85.862	140.4550
80.000000	85.757	140.3045
81.199997	85.653	140.1935
82.500000	85.539	140.0791
83.800003	85.425	139.9711
85.000000	85.321	139.8788
86.199997	85.218	139.7937
87.500000	85.108	139.7021
88.500000	85.025	139.6451
90.000000	84.901	139.5763
91.199997	84.805	139.5486
92.500000	84.703	139.5105
93.800003	84.610	139.4868
95.000000	84.533	139.4722
96.199997	84.439	139.5229
97.500000	84.312	139.5684
98.800003	84.201	139.5318
100.000000	84.110	139.5440
101.500000	83.996	139.5972
103.000000	83.882	139.6348
104.400002	83.779	139.6764
106.000000	83.659	139.7646
107.500000	83.547	139.8693
109.000000	83.437	139.9621
110.599998	83.326	140.0876
112.000000	83.231	140.2344
113.800003	83.108	140.4040
115.000000	83.026	140.5060
117.199997	82.876	140.7336
118.000000	82.824	140.8459
120.599998	82.655	141.2497
122.000000	82.565	141.4256
124.099998	82.431	141.7009
125.000000	82.375	141.8299
126.500000	82.285	142.0519
128.000000	82.197	142.2889
131.500000	81.996	142.8832
132.000000	81.968	142.9761
134.000000	81.852	143.3504
136.000000	81.739	143.7081
138.000000	81.636	144.1384
140.000000	81.540	144.6568
143.000000	81.383	145.1933
145.000000	81.290	145.5309
147.500000	81.188	146.0051
150.000000	81.080	146.6052
152.500000	80.962	147.2679
155.000000	80.867	147.6869
157.500000	80.780	148.2334
160.000000	80.691	148.8514
162.500000	80.606	149.4382
165.000000	80.527	150.0121
167.500000	80.451	150.5852
170.000000	80.375	151.1840
172.500000	80.300	151.8315
175.000000	80.229	152.4259
177.500000	80.161	153.0045
180.000000	80.098	153.6689
182.500000	80.053	154.2473
185.000000	80.016	154.7050
187.500000	79.969	155.2267
190.000000	79.914	155.8254
192.500000	79.867	156.4030
195.000000	79.832	156.9787
197.500000	79.798	157.5618
200.000000	79.762	158.1072
203.000000	79.713	158.7530
206.000000	79.664	159.3060
209.000000	79.647	159.9161
212.000000	79.635	160.4910
214.000000	79.619	160.8347
218.000000	79.582	161.5430
220.000000	79.567	161.8974
224.000000	79.539	162.6193
227.000000	79.525	163.1388
230.000000	79.504	163.6222
233.000000	79.484	164.1278
236.000000	79.481	164.6014
240.000000	79.471	165.1908
243.000000	79.460	165.6223
247.000000	79.448	166.1846
250.000000	79.437	166.6374
254.000000	79.421	167.2380
258.000000	79.414	167.7495
262.000000	79.406	168.2422
265.000000	79.402	168.6419
269.000000	79.404	169.1618
272.000000	79.405	169.5245
276.000000	79.405	169.9823
280.000000	79.406	170.4331
285.000000	79.408	170.9905
290.000000	79.407	171.5342
295.000000	79.408	172.0576
300.000000	79.413	172.5305
304.000000	79.420	172.8824
307.000000	79.425	173.1464
311.000000	79.430	173.5245
315.000000	79.435	173.8847
320.000000	79.441	174.2810
325.000000	79.446	174.6697
330.000000	79.450	175.0567
335.000000	79.453	175.4324
340.000000	79.458	175.7993
345.000000	79.463	176.1633
350.000000	79.467	176.5147
355.000000	79.471	176.8692
360.000000	79.475	177.2168
365.000000	79.481	177.5440
370.000000	79.487	177.8757
375.000000	79.492	178.1920
382.000000	79.498	178.6169
387.000000	79.502	178.9199
395.000000	79.510	179.3924
400.000000	79.513	179.6867
406.000000	79.517	-179.9607
412.000000	79.523	-179.6262
418.000000	79.529	-179.2891
425.000000	79.538	-178.8973
431.000000	79.546	-178.5726
437.000000	79.554	-178.2631
444.000000	79.561	-177.9149
450.000000	79.568	-177.6227
455.000000	79.574	-177.3883
462.000000	79.583	-177.0627
468.000000	79.590	-176.7767
475.000000	79.597	-176.4641
482.000000	79.604	-176.1697
487.000000	79.609	-175.9668
494.000000	79.615	-175.6863
500.000000	79.619	-175.4471
508.000000	79.623	-175.1316
515.000000	79.626	-174.8547
522.000000	79.627	-174.5833
530.000000	79.627	-174.2646
538.000000	79.626	-173.9409
545.000000	79.625	-173.6507
552.000000	79.624	-173.3581
560.000000	79.622	-173.0256
570.000000	79.621	-172.6121
580.000000	79.622	-172.2091
590.000000	79.620	-171.8011
600.000000	79.616	-171.3956
608.000000	79.612	-171.0766
615.000000	79.607	-170.7971
622.000000	79.600	-170.5071
630.000000	79.590	-170.1609
640.000000	79.575	-169.7123
650.000000	79.563	-169.2225
660.000000	79.555	-168.6934
670.000000	79.549	-168.1454
680.000000	79.548	-167.5786
690.000000	79.551	-167.0053
700.000000	79.558	-166.4291
710.000000	79.567	-165.8590
720.000000	79.579	-165.2950
730.000000	79.593	-164.7335
740.000000	79.609	-164.1696
750.000000	79.627	-163.6068
762.000000	79.650	-162.9421
775.000000	79.678	-162.2239
788.000000	79.709	-161.5064
800.000000	79.741	-160.8398
812.000000	79.776	-160.1735
825.000000	79.818	-159.4498
838.000000	79.864	-158.7278
850.000000	79.909	-158.0654
862.000000	79.958	-157.4065
875.000000	80.015	-156.7016
885.000000	80.061	-156.1684
900.000000	80.137	-155.3832
912.000000	80.201	-154.7639
925.000000	80.274	-154.1094
938.000000	80.351	-153.4804
950.000000	80.426	-152.9160
962.000000	80.505	-152.3753
975.000000	80.592	-151.8148
988.000000	80.682	-151.2783
1000.000000	80.768	-150.8096
1015.000000	80.876	-150.2630
1030.000000	80.987	-149.7571
1044.000000	81.092	-149.3272
1060.000000	81.212	-148.8785
1075.000000	81.326	-148.5021
1090.000000	81.440	-148.1657
1106.000000	81.560	-147.8494
1120.000000	81.663	-147.6048
1138.000000	81.792	-147.3333
1150.000000	81.874	-147.1753
1172.000000	82.021	-146.9276
1180.000000	82.073	-146.8501
1206.000000	82.236	-146.6343
1220.000000	82.320	-146.5305
1241.000000	82.440	-146.3904
1250.000000	82.489	-146.3341
1265.000000	82.569	-146.2422
1280.000000	82.647	-146.1459
1315.000000	82.821	-145.9117
1320.000000	82.844	-145.8740
1340.000000	82.938	-145.7107
1360.000000	83.030	-145.5308
1380.000000	83.124	-145.3359
1400.000000	83.217	-145.1225
1430.000000	83.364	-144.7793
1450.000000	83.468	-144.5477
1475.000000	83.605	-144.2727
1500.000000	83.751	-144.0286
1525.000000	83.904	-143.8329
1550.000000	84.061	-143.7062
1575.000000	84.218	-143.6638
1600.000000	84.375	-143.7000
1625.000000	84.527	-143.8107
1650.000000	84.674	-143.9851
1675.000000	84.813	-144.2187
1700.000000	84.941	-144.4977
1725.000000	85.059	-144.7928
1750.000000	85.168	-145.0856
1775.000000	85.271	-145.3745
1800.000000	85.367	-145.6510
1825.000000	85.457	-145.9097
1850.000000	85.543	-146.1499
1875.000000	85.627	-146.3694
1900.000000	85.709	-146.5669
1925.000000	85.789	-146.7460
1950.000000	85.869	-146.9088
1975.000000	85.949	-147.0595
2000.000000	86.031	-147.2013
2030.000000	86.129	-147.3640
2060.000000	86.229	-147.5269
2090.000000	86.331	-147.6912
2120.000000	86.434	-147.8631
2140.000000	86.503	-147.9852
2180.000000	86.644	-148.2453
2200.000000	86.716	-148.3846
2240.000000	86.860	-148.6929
2270.000000	86.969	-148.9469
2300.000000	87.079	-149.2225
2330.000000	87.187	-149.5205
2360.000000	87.295	-149.8434
2400.000000	87.437	-150.3109
2430.000000	87.542	-150.6880
2470.000000	87.680	-151.2234
2500.000000	87.781	-151.6509
2540.000000	87.913	-152.2552
2580.000000	88.041	-152.8992
2620.000000	88.165	-153.5801
2650.000000	88.254	-154.1143
2690.000000	88.369	-154.8598
2720.000000	88.451	-155.4420
2760.000000	88.555	-156.2454
2800.000000	88.652	-157.0763
2850.000000	88.763	-158.1465
2900.000000	88.864	-159.2518
2950.000000	88.955	-160.3859
3000.000000	89.035	-161.5450
3040.000000	89.089	-162.4898
3070.000000	89.124	-163.2000
3110.000000	89.163	-164.1401
3150.000000	89.194	-165.0786
3200.000000	89.222	-166.2416
3250.000000	89.238	-167.3846
3300.000000	89.242	-168.5005
3350.000000	89.237	-169.5837
3400.000000	89.223	-170.6327
3450.000000	89.201	-171.6426
3500.000000	89.172	-172.6142
3550.000000	89.136	-173.5449
3600.000000	89.095	-174.4333
3650.000000	89.050	-175.2804
3700.000000	89.000	-176.0840
3750.000000	88.947	-176.8486
3820.000000	88.866	-177.8535
3870.000000	88.805	-178.5281
3950.000000	88.703	-179.5305
4000.000000	88.636	179.8916
4060.000000	88.554	179.2470
4120.000000	88.471	178.6588
4180.000000	88.388	178.1278
4250.000000	88.294	177.5757
4310.000000	88.220	177.1491
4370.000000	88.151	176.7403
4440.000000	88.076	176.2576
4500.000000	88.013	175.8272
4550.000000	87.959	175.4582
4620.000000	87.881	174.9500
4680.000000	87.813	174.5263
4750.000000	87.730	174.0451
4820.000000	87.646	173.5805
4870.000000	87.585	173.2591
4940.000000	87.498	172.8252
5000.000000	87.422	172.4669
5080.000000	87.318	172.0077
5150.000000	87.226	171.6314
5220.000000	87.133	171.2801
5300.000000	87.024	170.8997
5380.000000	86.913	170.5519
5450.000000	86.814	170.2855
5520.000000	86.715	170.0535
5600.000000	86.600	169.8320
5700.000000	86.456	169.6223
5800.000000	86.312	169.5075
5900.000000	86.175	169.5201
6000.000000	86.052	169.5794
6080.000000	85.956	169.6692
6150.000000	85.877	169.8138
6220.000000	85.805	170.0091
6300.000000	85.734	170.2768
6400.000000	85.658	170.7076
6500.000000	85.614	171.2767
6600.000000	85.616	171.8370
6700.000000	85.646	172.2571
6800.000000	85.693	172.6444
6900.000000	85.775	173.0024
7000.000000	85.888	173.2362
7100.000000	86.035	173.3547
7200.000000	86.223	173.2947
7300.000000	86.453	172.9419
7400.000000	86.717	172.1832
7500.000000	87.001	170.9274
7620.000000	87.344	168.6499
7750.000000	87.672	165.1609
7880.000000	87.897	160.6555
8000.000000	87.964	155.7831
8120.000000	87.865	150.5240
8250.000000	87.554	144.7765
8380.000000	87.038	139.3838
8500.000000	86.403	135.0467
8620.000000	85.652	131.5418
8750.000000	84.755	128.7977
8850.000000	84.036	127.4244
9000.000000	82.951	126.4424
9120.000000	82.100	126.4673
9250.000000	81.211	127.1692
9380.000000	80.361	128.4455
9500.000000	79.611	130.0524
9620.000000	78.895	132.0217
9750.000000	78.154	134.5251
9880.000000	77.450	137.3983
10000.000000	76.836	140.3658
10150.000000	76.119	144.4763
10300.000000	75.464	148.9904
10440.000000	74.915	153.5106
10600.000000	74.367	158.9610
10750.000000	73.931	164.2671
10900.000000	73.568	169.6802
11060.000000	73.255	175.5055
11200.000000	73.040	-179.3698
11380.000000	72.844	-172.7825
11500.000000	72.760	-168.4090
11720.000000	72.704	-160.4443
11800.000000	72.714	-157.5742
12060.000000	72.863	-148.3739
12200.000000	73.015	-143.5182
12410.000000	73.340	-136.3847
12500.000000	73.517	-133.3791
12650.000000	73.865	-128.4427
12800.000000	74.285	-123.6111
13150.000000	75.580	-112.8575
13200.000000	75.807	-111.3910
13400.000000	76.834	-105.7237
13600.000000	78.098	-100.4763
13800.000000	79.669	-95.9347
14000.000000	81.653	-92.6514
14300.000000	85.652	-93.1027
14500.000000	88.812	-101.0577
14750.000000	91.963	-124.0468
15000.000000	92.429	-155.3795
15250.000000	90.277	-179.1740
15500.000000	87.437	170.5365
15750.000000	85.294	168.8076
16000.000000	84.030	170.1717
16250.000000	83.407	171.7841
16500.000000	83.204	172.1799
16750.000000	83.211	170.4084
17000.000000	83.178	166.0638
17250.000000	82.843	159.6981
17500.000000	82.043	152.8204
17750.000000	80.784	147.2200
18000.000000	79.228	144.1238
18250.000000	77.588	143.7674
18500.000000	76.031	145.7518
18750.000000	74.663	149.4466
19000.000000	73.546	154.1912
19250.000000	72.711	159.3951
19500.000000	72.177	164.4830
19750.000000	71.930	168.7951
20000.000000	71.873	171.3919
