* Measurement data measured by REW V5.31.3
* Source: Microphone (JadeAudio JA11), MICROPHONE (Master Volume), R, volume: 0.250
* Format: 256k Log Swept Sine, 1 sweep at -12.0 dBFS with no timing reference
* Dated: Mar 26, 2025 7:01:06 PM
* REW Settings:
*  C-weighting compensation: Off
*  Target level: 75.0 dB
* Note: 
* Measurement: R Zero Blue 2 (Foam tip)
* Smoothing: 1/24 octave
* Frequency Step: 1/48 octave
* Start Frequency: 20.000 Hz
*
* Freq(Hz)	SPL(dB)	Phase(degrees)
20.000000	88.956	173.6032
20.299999	88.951	173.1669
20.600000	88.943	172.7496
20.900000	88.934	172.3501
21.200001	88.923	171.9582
21.400000	88.914	171.7018
21.799999	88.894	171.2043
22.000000	88.883	170.9586
22.400000	88.855	170.4395
22.700001	88.833	170.0635
23.000000	88.808	169.6967
23.299999	88.783	169.2971
23.600000	88.757	168.9046
24.000000	88.721	168.3929
24.299999	88.694	167.9772
24.700001	88.657	167.4323
25.000000	88.630	167.0366
25.400000	88.595	166.4825
25.799999	88.561	165.9510
26.200001	88.531	165.4276
26.500000	88.509	165.0351
26.900000	88.482	164.5196
27.200001	88.462	164.1398
27.600000	88.435	163.6447
28.000000	88.407	163.1674
28.500000	88.372	162.6196
29.000000	88.337	162.1029
29.500000	88.302	161.6107
30.000000	88.265	161.1238
30.400000	88.232	160.7391
30.700001	88.205	160.4607
31.100000	88.168	160.1035
31.500000	88.130	159.7499
32.000000	88.084	159.3200
32.500000	88.037	158.8580
33.000000	87.989	158.3890
33.500000	87.937	157.9037
34.000000	87.884	157.4461
34.500000	87.833	156.9983
35.000000	87.786	156.5616
35.500000	87.741	156.1087
36.000000	87.694	155.6560
36.500000	87.644	155.2287
37.000000	87.595	154.8439
37.500000	87.551	154.4913
38.200001	87.496	153.9817
38.700001	87.454	153.5942
39.500000	87.374	153.0021
40.000000	87.323	152.6790
40.599998	87.266	152.2981
41.200001	87.210	151.8857
41.799999	87.148	151.4501
42.500000	87.069	150.9725
43.099998	87.003	150.5967
43.700001	86.939	150.2187
44.400002	86.862	149.7869
45.000000	86.796	149.4542
45.500000	86.746	149.1926
46.200001	86.682	148.7990
46.799999	86.625	148.4236
47.500000	86.550	147.9944
48.200001	86.472	147.6163
48.700001	86.420	147.3648
49.400002	86.349	147.0083
50.000000	86.290	146.6967
50.799999	86.211	146.2772
51.500000	86.140	145.9177
52.200001	86.066	145.5824
53.000000	85.982	145.2409
53.799999	85.896	144.9425
54.500000	85.822	144.7141
55.200001	85.751	144.4866
56.000000	85.667	144.2000
57.000000	85.555	143.8218
58.000000	85.432	143.3333
59.000000	85.267	142.9738
60.000000	85.139	143.0306
60.799999	85.098	142.9031
61.500000	85.057	142.5218
62.200001	84.992	142.1210
63.000000	84.911	141.7755
64.000000	84.817	141.4117
65.000000	84.722	141.1049
66.000000	84.627	140.8474
67.000000	84.529	140.6218
68.000000	84.429	140.4156
69.000000	84.326	140.2113
70.000000	84.222	140.0194
71.000000	84.117	139.8245
72.000000	84.012	139.6447
73.000000	83.909	139.4895
74.000000	83.807	139.3415
75.000000	83.704	139.2157
76.199997	83.584	139.0840
77.500000	83.453	138.9472
78.800003	83.325	138.8462
80.000000	83.212	138.7450
81.199997	83.099	138.6458
82.500000	82.975	138.5712
83.800003	82.852	138.5350
85.000000	82.737	138.5212
86.199997	82.623	138.5276
87.500000	82.501	138.5361
88.500000	82.409	138.5443
90.000000	82.275	138.5679
91.199997	82.172	138.6078
92.500000	82.065	138.6452
93.800003	81.957	138.6819
95.000000	81.854	138.7325
96.199997	81.750	138.8142
97.500000	81.641	138.9342
98.800003	81.535	139.0449
100.000000	81.438	139.1487
101.500000	81.319	139.2748
103.000000	81.196	139.3914
104.400002	81.079	139.5340
106.000000	80.947	139.7435
107.500000	80.830	139.9742
109.000000	80.719	140.1842
110.599998	80.595	140.4088
112.000000	80.488	140.6483
113.800003	80.354	140.9383
115.000000	80.266	141.1386
117.199997	80.114	141.5138
118.000000	80.059	141.6619
120.599998	79.890	142.2231
122.000000	79.802	142.5671
124.099998	79.674	143.0893
125.000000	79.619	143.3032
126.500000	79.523	143.6563
128.000000	79.429	144.0374
131.500000	79.234	144.9605
132.000000	79.209	145.0942
134.000000	79.107	145.5998
136.000000	78.990	146.0829
138.000000	78.874	146.7302
140.000000	78.792	147.3109
143.000000	78.669	148.0548
145.000000	78.585	148.6584
147.500000	78.480	149.4319
150.000000	78.375	150.2035
152.500000	78.286	150.9531
155.000000	78.209	151.7062
157.500000	78.138	152.4139
160.000000	78.066	153.1667
162.500000	78.001	153.9229
165.000000	77.937	154.6821
167.500000	77.878	155.4246
170.000000	77.825	156.1164
172.500000	77.781	156.8463
175.000000	77.749	157.5590
177.500000	77.721	158.2083
180.000000	77.688	158.8462
182.500000	77.648	159.5552
185.000000	77.608	160.2867
187.500000	77.577	160.9452
190.000000	77.557	161.5378
192.500000	77.540	162.1065
195.000000	77.518	162.6787
197.500000	77.500	163.2628
200.000000	77.493	163.8140
203.000000	77.485	164.4641
206.000000	77.468	165.0702
209.000000	77.459	165.6653
212.000000	77.471	166.3269
214.000000	77.480	166.7823
218.000000	77.482	167.6185
220.000000	77.479	167.9715
224.000000	77.479	168.5872
227.000000	77.474	169.0436
230.000000	77.477	169.6286
233.000000	77.493	170.1795
236.000000	77.502	170.6487
240.000000	77.512	171.2336
243.000000	77.523	171.6105
247.000000	77.540	172.1197
250.000000	77.556	172.5130
254.000000	77.571	173.0013
258.000000	77.588	173.4589
262.000000	77.608	173.9180
265.000000	77.620	174.2662
269.000000	77.631	174.7091
272.000000	77.639	175.0148
276.000000	77.649	175.4069
280.000000	77.663	175.7892
285.000000	77.686	176.2616
290.000000	77.709	176.7163
295.000000	77.724	177.1643
300.000000	77.744	177.6245
304.000000	77.762	177.9659
307.000000	77.775	178.2128
311.000000	77.790	178.5247
315.000000	77.805	178.8317
320.000000	77.828	179.2124
325.000000	77.854	179.5821
330.000000	77.884	179.9327
335.000000	77.908	-179.7561
340.000000	77.930	-179.5103
345.000000	77.956	-179.3341
350.000000	77.980	-179.1206
355.000000	78.002	-178.8978
360.000000	78.015	-178.7183
365.000000	78.025	-178.5152
370.000000	78.033	-178.3147
375.000000	78.043	-178.1246
382.000000	78.040	-177.8580
387.000000	78.040	-177.5729
395.000000	78.055	-177.0767
400.000000	78.068	-176.7972
406.000000	78.092	-176.4923
412.000000	78.115	-176.3110
418.000000	78.128	-176.1625
425.000000	78.132	-175.9799
431.000000	78.134	-175.8270
437.000000	78.131	-175.6174
444.000000	78.129	-175.3575
450.000000	78.129	-175.1396
455.000000	78.128	-174.9650
462.000000	78.126	-174.7110
468.000000	78.128	-174.4871
475.000000	78.128	-174.2330
482.000000	78.128	-173.9741
487.000000	78.129	-173.7780
494.000000	78.132	-173.4946
500.000000	78.133	-173.2639
508.000000	78.132	-172.9590
515.000000	78.131	-172.6950
522.000000	78.130	-172.4288
530.000000	78.128	-172.1077
538.000000	78.127	-171.7905
545.000000	78.127	-171.5058
552.000000	78.126	-171.2241
560.000000	78.124	-170.9139
570.000000	78.119	-170.5069
580.000000	78.115	-170.1040
590.000000	78.113	-169.6894
600.000000	78.111	-169.2668
608.000000	78.110	-168.9244
615.000000	78.110	-168.6198
622.000000	78.109	-168.3110
630.000000	78.109	-167.9488
640.000000	78.109	-167.4956
650.000000	78.108	-167.0415
660.000000	78.110	-166.5832
670.000000	78.113	-166.1169
680.000000	78.116	-165.6475
690.000000	78.120	-165.1696
700.000000	78.125	-164.6865
710.000000	78.131	-164.2012
720.000000	78.139	-163.7084
730.000000	78.149	-163.2064
740.000000	78.161	-162.6983
750.000000	78.174	-162.1792
762.000000	78.191	-161.5455
775.000000	78.213	-160.8623
788.000000	78.239	-160.1663
800.000000	78.266	-159.5268
812.000000	78.297	-158.8909
825.000000	78.334	-158.1899
838.000000	78.375	-157.4862
850.000000	78.416	-156.8452
862.000000	78.461	-156.2162
875.000000	78.514	-155.5444
885.000000	78.558	-155.0281
900.000000	78.629	-154.2544
912.000000	78.688	-153.6510
925.000000	78.755	-153.0188
938.000000	78.827	-152.4068
950.000000	78.898	-151.8595
962.000000	78.971	-151.3292
975.000000	79.052	-150.7800
988.000000	79.134	-150.2558
1000.000000	79.213	-149.7959
1015.000000	79.313	-149.2564
1030.000000	79.414	-148.7491
1044.000000	79.510	-148.3069
1060.000000	79.620	-147.8331
1075.000000	79.724	-147.4180
1090.000000	79.829	-147.0335
1106.000000	79.940	-146.6597
1120.000000	80.037	-146.3678
1138.000000	80.160	-146.0372
1150.000000	80.241	-145.8397
1172.000000	80.385	-145.5144
1180.000000	80.436	-145.4104
1206.000000	80.598	-145.1115
1220.000000	80.683	-144.9664
1241.000000	80.803	-144.7750
1250.000000	80.854	-144.6982
1265.000000	80.935	-144.5753
1280.000000	81.014	-144.4564
1315.000000	81.191	-144.1915
1320.000000	81.215	-144.1535
1340.000000	81.310	-143.9971
1360.000000	81.405	-143.8374
1380.000000	81.497	-143.6653
1400.000000	81.589	-143.4824
1430.000000	81.724	-143.1972
1450.000000	81.816	-143.0012
1475.000000	81.932	-142.7526
1500.000000	82.050	-142.4998
1525.000000	82.171	-142.2505
1550.000000	82.296	-142.0094
1575.000000	82.425	-141.7822
1600.000000	82.557	-141.5777
1625.000000	82.692	-141.4022
1650.000000	82.832	-141.2668
1675.000000	82.972	-141.1770
1700.000000	83.113	-141.1390
1725.000000	83.253	-141.1546
1750.000000	83.390	-141.2203
1775.000000	83.522	-141.3297
1800.000000	83.647	-141.4736
1825.000000	83.767	-141.6381
1850.000000	83.881	-141.8141
1875.000000	83.991	-141.9953
1900.000000	84.095	-142.1802
1925.000000	84.196	-142.3616
1950.000000	84.294	-142.5368
1975.000000	84.389	-142.7035
2000.000000	84.483	-142.8618
2030.000000	84.594	-143.0418
2060.000000	84.704	-143.2197
2090.000000	84.814	-143.3933
2120.000000	84.924	-143.5643
2140.000000	84.997	-143.6824
2180.000000	85.142	-143.9267
2200.000000	85.215	-144.0520
2240.000000	85.362	-144.3163
2270.000000	85.471	-144.5320
2300.000000	85.581	-144.7570
2330.000000	85.690	-144.9940
2360.000000	85.799	-145.2475
2400.000000	85.944	-145.6085
2430.000000	86.052	-145.8929
2470.000000	86.194	-146.2961
2500.000000	86.301	-146.6193
2540.000000	86.443	-147.0896
2580.000000	86.581	-147.5986
2620.000000	86.716	-148.1389
2650.000000	86.816	-148.5627
2690.000000	86.945	-149.1576
2720.000000	87.040	-149.6228
2760.000000	87.163	-150.2706
2800.000000	87.281	-150.9491
2850.000000	87.423	-151.8382
2900.000000	87.557	-152.7700
2950.000000	87.682	-153.7388
3000.000000	87.799	-154.7387
3040.000000	87.885	-155.5575
3070.000000	87.946	-156.1843
3110.000000	88.022	-157.0292
3150.000000	88.092	-157.8861
3200.000000	88.170	-158.9696
3250.000000	88.238	-160.0557
3300.000000	88.297	-161.1429
3350.000000	88.347	-162.2253
3400.000000	88.390	-163.3022
3450.000000	88.424	-164.3677
3500.000000	88.450	-165.4211
3550.000000	88.470	-166.4621
3600.000000	88.484	-167.4865
3650.000000	88.491	-168.4978
3700.000000	88.493	-169.4919
3750.000000	88.490	-170.4741
3820.000000	88.478	-171.8247
3870.000000	88.463	-172.7745
3950.000000	88.431	-174.2672
4000.000000	88.406	-175.1835
4060.000000	88.371	-176.2683
4120.000000	88.330	-177.3391
4180.000000	88.283	-178.4005
4250.000000	88.220	-179.6219
4310.000000	88.161	179.3467
4370.000000	88.095	178.3289
4440.000000	88.010	177.1566
4500.000000	87.930	176.1680
4550.000000	87.858	175.3567
4620.000000	87.750	174.2469
4680.000000	87.650	173.3194
4750.000000	87.526	172.2675
4820.000000	87.391	171.2588
4870.000000	87.290	170.5686
4940.000000	87.142	169.6462
5000.000000	87.008	168.9012
5080.000000	86.822	167.9815
5150.000000	86.653	167.2486
5220.000000	86.479	166.5862
5300.000000	86.275	165.9157
5380.000000	86.069	165.3463
5450.000000	85.886	164.9308
5520.000000	85.704	164.5968
5600.000000	85.496	164.3098
5700.000000	85.242	164.0929
5800.000000	84.996	164.0221
5900.000000	84.763	164.0908
6000.000000	84.545	164.2724
6080.000000	84.380	164.4973
6150.000000	84.246	164.7558
6220.000000	84.123	165.0554
6300.000000	83.996	165.4290
6400.000000	83.855	165.9243
6500.000000	83.735	166.4534
6600.000000	83.636	167.0090
6700.000000	83.561	167.5653
6800.000000	83.509	168.1020
6900.000000	83.482	168.5973
7000.000000	83.480	169.0286
7100.000000	83.500	169.3395
7200.000000	83.539	169.5219
7300.000000	83.596	169.5704
7400.000000	83.672	169.4401
7500.000000	83.763	169.0874
7620.000000	83.880	168.3186
7750.000000	84.006	167.0246
7880.000000	84.114	165.1552
8000.000000	84.168	162.8636
8120.000000	84.143	160.0862
8250.000000	83.994	156.6820
8380.000000	83.688	153.1581
8500.000000	83.259	150.1325
8620.000000	82.702	147.6289
8750.000000	81.992	145.7721
8850.000000	81.399	145.0502
9000.000000	80.497	145.1550
9120.000000	79.807	146.0846
9250.000000	79.108	147.7133
9380.000000	78.466	149.8613
9500.000000	77.925	152.1895
9620.000000	77.431	154.7796
9750.000000	76.948	157.8281
9880.000000	76.516	161.0855
10000.000000	76.164	164.2236
10150.000000	75.782	168.2600
10300.000000	75.458	172.4097
10440.000000	75.208	176.3657
10600.000000	74.983	-179.0535
10750.000000	74.830	-174.7164
10900.000000	74.739	-170.3708
11060.000000	74.708	-165.7911
11200.000000	74.736	-161.8344
11380.000000	74.853	-156.8582
11500.000000	74.984	-153.6534
11720.000000	75.340	-148.0933
11800.000000	75.509	-146.1970
12060.000000	76.205	-140.6589
12200.000000	76.677	-138.1805
12410.000000	77.518	-135.3770
12500.000000	77.926	-134.5984
12650.000000	78.663	-134.0143
12800.000000	79.452	-134.5123
13150.000000	81.239	-140.9467
13200.000000	81.450	-142.4978
13400.000000	82.070	-149.9525
13600.000000	82.235	-158.4256
13800.000000	81.938	-166.3565
14000.000000	81.299	-172.5091
14300.000000	80.085	-177.4736
14500.000000	79.310	-178.2530
14750.000000	78.514	-177.2087
15000.000000	77.957	-174.7034
15250.000000	77.656	-171.3748
15500.000000	77.617	-167.7455
15750.000000	77.842	-164.3205
16000.000000	78.336	-161.7027
16250.000000	79.085	-160.6967
16500.000000	80.018	-162.3642
16750.000000	80.947	-167.7654
17000.000000	81.540	-177.1611
17250.000000	81.456	170.8461
17500.000000	80.573	159.0010
17750.000000	79.070	149.6961
18000.000000	77.273	143.7234
18250.000000	75.453	140.5071
18500.000000	73.747	139.0433
18750.000000	72.190	138.4803
19000.000000	70.768	138.2482
19250.000000	69.447	138.0577
19500.000000	68.195	137.8465
19750.000000	67.062	137.7643
20000.000000	66.359	137.8815
