* Measurement data measured by REW V5.31.3
* Source: Microphone (JadeAudio JA11), MICROPHONE (Master Volume), R, volume: 0.250
* Format: 256k Log Swept Sine, 1 sweep at -8.9 dBFS with no timing reference
* Dated: Mar 27, 2025 11:14:58 PM
* REW Settings:
*  C-weighting compensation: Off
*  Target level: 75.0 dB
* Note: 
* Measurement: R Zero Blue 2 (5?, Final E)
* Smoothing: 1/24 octave
* Frequency Step: 1/48 octave
* Start Frequency: 20.000 Hz
*
* Freq(Hz)	SPL(dB)	Phase(degrees)
20.000000	93.376	167.8843
20.299999	93.366	167.4112
20.600000	93.353	166.9561
20.900000	93.339	166.5177
21.200001	93.322	166.0873
21.400000	93.309	165.8068
21.799999	93.282	165.2665
22.000000	93.267	165.0019
22.400000	93.234	164.4461
22.700001	93.207	164.0401
23.000000	93.180	163.6392
23.299999	93.151	163.2021
23.600000	93.120	162.7716
24.000000	93.078	162.2139
24.299999	93.046	161.7693
24.700001	93.004	161.1921
25.000000	92.974	160.7725
25.400000	92.935	160.1806
25.799999	92.898	159.6013
26.200001	92.863	159.0236
26.500000	92.837	158.5912
26.900000	92.803	158.0295
27.200001	92.778	157.6213
27.600000	92.745	157.0922
28.000000	92.713	156.5768
28.500000	92.673	155.9653
29.000000	92.632	155.3713
29.500000	92.588	154.8078
30.000000	92.542	154.2684
30.400000	92.503	153.8495
30.700001	92.474	153.5421
31.100000	92.435	153.1347
31.500000	92.394	152.7180
32.000000	92.340	152.2075
32.500000	92.284	151.6857
33.000000	92.228	151.1815
33.500000	92.172	150.6634
34.000000	92.117	150.1514
34.500000	92.062	149.6296
35.000000	92.006	149.1236
35.500000	91.952	148.6230
36.000000	91.899	148.1331
36.500000	91.845	147.6527
37.000000	91.792	147.1902
37.500000	91.740	146.7530
38.200001	91.670	146.1533
38.700001	91.620	145.7179
39.500000	91.534	145.0229
40.000000	91.477	144.6122
40.599998	91.407	144.1368
41.200001	91.338	143.6796
41.799999	91.268	143.2435
42.500000	91.194	142.7441
43.099998	91.135	142.2764
43.700001	91.071	141.7579
44.400002	90.983	141.1736
45.000000	90.906	140.7425
45.500000	90.845	140.4130
46.200001	90.766	139.9485
46.799999	90.696	139.5458
47.500000	90.615	139.0948
48.200001	90.535	138.6562
48.700001	90.477	138.3412
49.400002	90.395	137.9069
50.000000	90.323	137.5547
50.799999	90.231	137.0940
51.500000	90.151	136.6764
52.200001	90.067	136.2563
53.000000	89.969	135.8142
53.799999	89.874	135.4037
54.500000	89.795	135.0317
55.200001	89.714	134.6550
56.000000	89.622	134.2534
57.000000	89.513	133.7632
58.000000	89.404	133.3060
59.000000	89.310	132.8536
60.000000	89.207	132.2654
60.799999	89.101	131.8519
61.500000	89.007	131.6132
62.200001	88.925	131.4023
63.000000	88.834	131.1239
64.000000	88.716	130.7561
65.000000	88.599	130.3805
66.000000	88.480	130.0027
67.000000	88.363	129.6329
68.000000	88.248	129.2720
69.000000	88.135	128.9299
70.000000	88.022	128.6044
71.000000	87.908	128.3061
72.000000	87.795	128.0229
73.000000	87.680	127.7543
74.000000	87.565	127.5060
75.000000	87.451	127.2698
76.199997	87.315	126.9915
77.500000	87.171	126.7024
78.800003	87.027	126.4237
80.000000	86.894	126.1822
81.199997	86.761	125.9632
82.500000	86.617	125.7452
83.800003	86.475	125.5429
85.000000	86.346	125.3617
86.199997	86.216	125.2017
87.500000	86.075	125.0678
88.500000	85.968	124.9939
90.000000	85.812	124.8799
91.199997	85.685	124.7737
92.500000	85.544	124.6600
93.800003	85.404	124.5747
95.000000	85.277	124.5164
96.199997	85.155	124.4811
97.500000	85.026	124.4650
98.800003	84.900	124.4578
100.000000	84.782	124.4644
101.500000	84.634	124.4996
103.000000	84.488	124.5447
104.400002	84.354	124.5919
106.000000	84.201	124.6553
107.500000	84.059	124.7544
109.000000	83.923	124.8864
110.599998	83.780	125.0183
112.000000	83.652	125.1387
113.800003	83.488	125.3158
115.000000	83.381	125.4543
117.199997	83.194	125.7111
118.000000	83.127	125.8021
120.599998	82.909	126.1187
122.000000	82.790	126.3363
124.099998	82.618	126.7148
125.000000	82.547	126.8774
126.500000	82.429	127.1347
128.000000	82.313	127.4054
131.500000	82.055	128.1343
132.000000	82.019	128.2493
134.000000	81.877	128.7250
136.000000	81.739	129.2315
138.000000	81.609	129.6559
140.000000	81.473	130.0205
143.000000	81.272	130.7904
145.000000	81.148	131.3578
147.500000	80.999	131.9716
150.000000	80.857	132.6379
152.500000	80.746	133.4136
155.000000	80.641	134.1759
157.500000	80.519	134.9205
160.000000	80.404	135.6913
162.500000	80.311	136.4537
165.000000	80.230	137.1666
167.500000	80.154	137.8183
170.000000	80.087	138.4686
172.500000	80.021	139.1407
175.000000	79.943	139.8148
177.500000	79.853	140.4544
180.000000	79.778	141.0590
182.500000	79.715	141.5507
185.000000	79.647	142.0561
187.500000	79.588	142.6665
190.000000	79.540	143.2568
192.500000	79.492	143.8355
195.000000	79.446	144.3952
197.500000	79.402	144.9173
200.000000	79.362	145.4337
203.000000	79.317	146.0856
206.000000	79.278	146.7612
209.000000	79.245	147.3352
212.000000	79.209	147.8173
214.000000	79.187	148.1676
218.000000	79.146	148.9213
220.000000	79.121	149.2969
224.000000	79.071	149.9990
227.000000	79.039	150.4738
230.000000	79.009	150.9573
233.000000	78.983	151.4695
236.000000	78.966	151.9464
240.000000	78.946	152.5270
243.000000	78.931	152.9507
247.000000	78.913	153.4876
250.000000	78.902	153.8649
254.000000	78.885	154.3390
258.000000	78.866	154.7889
262.000000	78.845	155.2220
265.000000	78.832	155.5523
269.000000	78.817	155.9778
272.000000	78.803	156.2451
276.000000	78.785	156.5837
280.000000	78.770	156.9578
285.000000	78.747	157.3977
290.000000	78.729	157.7887
295.000000	78.708	158.1833
300.000000	78.686	158.5534
304.000000	78.665	158.8904
307.000000	78.648	159.1346
311.000000	78.626	159.4211
315.000000	78.606	159.7029
320.000000	78.585	160.0518
325.000000	78.566	160.4080
330.000000	78.542	160.7322
335.000000	78.516	161.0294
340.000000	78.491	161.3506
345.000000	78.467	161.6999
350.000000	78.444	162.0137
355.000000	78.418	162.2945
360.000000	78.397	162.5973
365.000000	78.379	162.9041
370.000000	78.358	163.2302
375.000000	78.337	163.5552
382.000000	78.307	163.9847
387.000000	78.290	164.2855
395.000000	78.269	164.7346
400.000000	78.259	165.0016
406.000000	78.249	165.2981
412.000000	78.239	165.5341
418.000000	78.226	165.7439
425.000000	78.207	165.9145
431.000000	78.180	166.0183
437.000000	78.142	166.1279
444.000000	78.090	166.2961
450.000000	78.041	166.4805
455.000000	77.998	166.6794
462.000000	77.937	167.0370
468.000000	77.890	167.3901
475.000000	77.841	167.8159
482.000000	77.800	168.2592
487.000000	77.773	168.5656
494.000000	77.739	168.9732
500.000000	77.711	169.3203
508.000000	77.676	169.7903
515.000000	77.647	170.1712
522.000000	77.619	170.5585
530.000000	77.585	171.0158
538.000000	77.551	171.4451
545.000000	77.523	171.8319
552.000000	77.495	172.2241
560.000000	77.462	172.6592
570.000000	77.422	173.1927
580.000000	77.386	173.7305
590.000000	77.350	174.2801
600.000000	77.314	174.8344
608.000000	77.287	175.2889
615.000000	77.265	175.6818
622.000000	77.242	176.0696
630.000000	77.218	176.5199
640.000000	77.188	177.0850
650.000000	77.157	177.6454
660.000000	77.124	178.2152
670.000000	77.092	178.8141
680.000000	77.063	179.4513
690.000000	77.039	-179.8939
700.000000	77.020	-179.2322
710.000000	77.003	-178.5825
720.000000	76.988	-177.9437
730.000000	76.976	-177.3037
740.000000	76.966	-176.6530
750.000000	76.958	-175.9992
762.000000	76.953	-175.2136
775.000000	76.950	-174.3586
788.000000	76.951	-173.5066
800.000000	76.955	-172.7156
812.000000	76.963	-171.9185
825.000000	76.978	-171.0577
838.000000	76.999	-170.2039
850.000000	77.022	-169.4216
862.000000	77.049	-168.6483
875.000000	77.082	-167.8176
885.000000	77.111	-167.1819
900.000000	77.160	-166.2421
912.000000	77.205	-165.5003
925.000000	77.257	-164.7273
938.000000	77.315	-163.9788
950.000000	77.372	-163.2952
962.000000	77.433	-162.6358
975.000000	77.502	-161.9592
988.000000	77.574	-161.3049
1000.000000	77.642	-160.7250
1015.000000	77.731	-160.0425
1030.000000	77.823	-159.4039
1044.000000	77.911	-158.8489
1060.000000	78.012	-158.2587
1075.000000	78.106	-157.7472
1090.000000	78.201	-157.2846
1106.000000	78.302	-156.8302
1120.000000	78.390	-156.4684
1138.000000	78.500	-156.0394
1150.000000	78.570	-155.7740
1172.000000	78.695	-155.3449
1180.000000	78.738	-155.2007
1206.000000	78.875	-154.7648
1220.000000	78.946	-154.5501
1241.000000	79.047	-154.2485
1250.000000	79.088	-154.1207
1265.000000	79.154	-153.9020
1280.000000	79.218	-153.6778
1315.000000	79.368	-153.1465
1320.000000	79.389	-153.0722
1340.000000	79.474	-152.7850
1360.000000	79.557	-152.5175
1380.000000	79.637	-152.2591
1400.000000	79.714	-151.9975
1430.000000	79.826	-151.5782
1450.000000	79.900	-151.2830
1475.000000	79.995	-150.8915
1500.000000	80.095	-150.4872
1525.000000	80.200	-150.0812
1550.000000	80.310	-149.6928
1575.000000	80.425	-149.3201
1600.000000	80.546	-148.9744
1625.000000	80.670	-148.6720
1650.000000	80.799	-148.4204
1675.000000	80.929	-148.2259
1700.000000	81.059	-148.0850
1725.000000	81.187	-148.0077
1750.000000	81.312	-147.9848
1775.000000	81.431	-148.0020
1800.000000	81.543	-148.0517
1825.000000	81.650	-148.1284
1850.000000	81.750	-148.2197
1875.000000	81.844	-148.3147
1900.000000	81.933	-148.4079
1925.000000	82.017	-148.4942
1950.000000	82.098	-148.5801
1975.000000	82.175	-148.6590
2000.000000	82.251	-148.7238
2030.000000	82.338	-148.7892
2060.000000	82.425	-148.8447
2090.000000	82.509	-148.8903
2120.000000	82.593	-148.9322
2140.000000	82.647	-148.9599
2180.000000	82.754	-148.9989
2200.000000	82.807	-149.0117
2240.000000	82.910	-149.0334
2270.000000	82.987	-149.0344
2300.000000	83.063	-149.0079
2330.000000	83.140	-148.9534
2360.000000	83.220	-148.8721
2400.000000	83.338	-148.7448
2430.000000	83.433	-148.6574
2470.000000	83.568	-148.5931
2500.000000	83.671	-148.5945
2540.000000	83.806	-148.6465
2580.000000	83.935	-148.7222
2620.000000	84.057	-148.7841
2650.000000	84.148	-148.7894
2690.000000	84.276	-148.7266
2720.000000	84.383	-148.6388
2760.000000	84.546	-148.5257
2800.000000	84.733	-148.4868
2850.000000	84.996	-148.6489
2900.000000	85.274	-149.1459
2950.000000	85.543	-150.0021
3000.000000	85.781	-151.1373
3040.000000	85.944	-152.1612
3070.000000	86.051	-152.9589
3110.000000	86.176	-154.0331
3150.000000	86.284	-155.1088
3200.000000	86.401	-156.4358
3250.000000	86.498	-157.7274
3300.000000	86.582	-158.9775
3350.000000	86.658	-160.1878
3400.000000	86.730	-161.3768
3450.000000	86.797	-162.5675
3500.000000	86.860	-163.7874
3550.000000	86.918	-165.0549
3600.000000	86.966	-166.3692
3650.000000	87.002	-167.7349
3700.000000	87.022	-169.1449
3750.000000	87.022	-170.5759
3820.000000	86.984	-172.5433
3870.000000	86.933	-173.8627
3950.000000	86.826	-175.7344
4000.000000	86.756	-176.7431
4060.000000	86.682	-177.8678
4120.000000	86.618	-178.9855
4180.000000	86.554	179.8463
4250.000000	86.470	178.4216
4310.000000	86.383	177.1812
4370.000000	86.281	175.9550
4440.000000	86.145	174.5775
4500.000000	86.018	173.4554
4550.000000	85.906	172.5588
4620.000000	85.741	171.3448
4680.000000	85.590	170.3373
4750.000000	85.402	169.2081
4820.000000	85.198	168.1423
4870.000000	85.044	167.4355
4940.000000	84.814	166.5383
5000.000000	84.607	165.8659
5080.000000	84.319	165.1375
5150.000000	84.062	164.6708
5220.000000	83.804	164.3622
5300.000000	83.513	164.1823
5380.000000	83.227	164.1727
5450.000000	82.984	164.3001
5520.000000	82.748	164.5517
5600.000000	82.490	164.9759
5700.000000	82.189	165.6986
5800.000000	81.912	166.6131
5900.000000	81.665	167.6967
6000.000000	81.448	168.9241
6080.000000	81.298	170.0036
6150.000000	81.187	171.0176
6220.000000	81.095	172.0801
6300.000000	81.015	173.3389
6400.000000	80.952	174.9487
6500.000000	80.931	176.5806
6600.000000	80.956	178.2104
6700.000000	81.029	179.7971
6800.000000	81.154	-178.6983
6900.000000	81.331	-177.3308
7000.000000	81.560	-176.1499
7100.000000	81.843	-175.2267
7200.000000	82.180	-174.6534
7300.000000	82.564	-174.5249
7400.000000	82.988	-174.9399
7500.000000	83.442	-176.0146
7620.000000	83.998	-178.3561
7750.000000	84.552	177.6115
7880.000000	84.965	171.9901
8000.000000	85.128	165.6033
8120.000000	85.005	158.6066
8250.000000	84.523	151.2001
8380.000000	83.720	144.8257
8500.000000	82.771	140.3667
8620.000000	81.705	137.4749
8750.000000	80.505	136.0665
8850.000000	79.594	136.0745
9000.000000	78.298	137.6113
9120.000000	77.355	139.8978
9250.000000	76.443	143.1303
9380.000000	75.647	146.8998
9500.000000	75.008	150.6880
9620.000000	74.451	154.6745
9750.000000	73.932	159.1449
9880.000000	73.495	163.6837
10000.000000	73.155	167.8965
10150.000000	72.806	173.1774
10300.000000	72.538	178.4626
10440.000000	72.359	-176.6166
10600.000000	72.239	-171.0448
10750.000000	72.212	-165.8986
10900.000000	72.270	-160.8954
11060.000000	72.426	-155.7499
11200.000000	72.646	-151.4435
11380.000000	73.054	-146.2688
11500.000000	73.409	-143.1185
11720.000000	74.248	-138.2123
11800.000000	74.616	-136.7874
12060.000000	76.043	-134.0781
12200.000000	76.935	-134.2851
12410.000000	78.319	-137.6127
12500.000000	78.869	-140.3044
12650.000000	79.618	-146.4213
12800.000000	80.043	-154.0506
13150.000000	79.500	-171.8046
13200.000000	79.278	-173.7554
13400.000000	78.218	-179.3369
13600.000000	77.102	178.5010
13800.000000	76.123	178.9962
14000.000000	75.355	-178.7207
14300.000000	74.620	-173.2308
14500.000000	74.415	-168.6952
14750.000000	74.506	-162.5773
15000.000000	75.027	-156.5393
15250.000000	76.085	-151.4743
15500.000000	77.837	-149.3627
15750.000000	80.202	-154.3232
16000.000000	82.253	-170.6171
16250.000000	82.475	164.4258
16500.000000	80.332	141.9805
16750.000000	76.856	129.9015
17000.000000	73.334	127.1135
17250.000000	70.373	129.2638
17500.000000	67.992	133.2054
17750.000000	66.052	137.4516
18000.000000	64.450	141.3224
18250.000000	63.125	144.4772
18500.000000	62.039	146.7704
18750.000000	61.168	148.2297
19000.000000	60.499	149.0584
19250.000000	59.989	149.5898
19500.000000	59.580	150.2513
19750.000000	59.256	151.3290
20000.000000	59.073	152.4478
