* Measurement data measured by REW V5.31.3
* Source: Microphone (JadeAudio JA11), MICROPHONE (Master Volume), R, volume: 0.250
* Format: 256k Log Swept Sine, 1 sweep at 0.0 dBFS with no timing reference
* Dated: Mar 21, 2025 2:40:28 PM
* REW Settings:
*  C-weighting compensation: Off
*  Target level: 75.0 dB
* Note: 
* Measurement: R Zero Blue 2 (25?)
* Smoothing: 1/24 octave
* Frequency Step: 1/48 octave
* Start Frequency: 20.000 Hz
*
* Freq(Hz)	SPL(dB)	Phase(degrees)
20.000000	98.018	164.3829
20.299999	98.017	163.8373
20.600000	98.014	163.3062
20.900000	98.010	162.7893
21.200001	98.004	162.2784
21.400000	97.999	161.9429
21.799999	97.988	161.2896
22.000000	97.982	160.9670
22.400000	97.967	160.2941
22.700001	97.955	159.8012
23.000000	97.943	159.3157
23.299999	97.930	158.7967
23.600000	97.916	158.2864
24.000000	97.898	157.6237
24.299999	97.884	157.1005
24.700001	97.867	156.4191
25.000000	97.855	155.9233
25.400000	97.842	155.2348
25.799999	97.831	154.5649
26.200001	97.822	153.9001
26.500000	97.816	153.4023
26.900000	97.809	152.7503
27.200001	97.804	152.2721
27.600000	97.798	151.6478
28.000000	97.792	151.0381
28.500000	97.785	150.3123
29.000000	97.777	149.6061
29.500000	97.768	148.9258
30.000000	97.758	148.2600
30.400000	97.749	147.7334
30.700001	97.742	147.3436
31.100000	97.731	146.8270
31.500000	97.719	146.3044
32.000000	97.702	145.6671
32.500000	97.683	145.0221
33.000000	97.665	144.3948
33.500000	97.649	143.7519
34.000000	97.632	143.1144
34.500000	97.614	142.4702
35.000000	97.596	141.8494
35.500000	97.580	141.2415
36.000000	97.568	140.6422
36.500000	97.556	140.0357
37.000000	97.543	139.4251
37.500000	97.527	138.8333
38.200001	97.503	138.0514
38.700001	97.487	137.5161
39.500000	97.464	136.6506
40.000000	97.447	136.1077
40.599998	97.422	135.4707
41.200001	97.396	134.8627
41.799999	97.373	134.2634
42.500000	97.345	133.5559
43.099998	97.319	132.9544
43.700001	97.292	132.3660
44.400002	97.262	131.6930
45.000000	97.238	131.1107
45.500000	97.216	130.6198
46.200001	97.182	129.9425
46.799999	97.152	129.3809
47.500000	97.116	128.7375
48.200001	97.080	128.0969
48.700001	97.053	127.6424
49.400002	97.013	127.0134
50.000000	96.976	126.4834
50.799999	96.925	125.7846
51.500000	96.876	125.1863
52.200001	96.824	124.6046
53.000000	96.762	123.9532
53.799999	96.694	123.3076
54.500000	96.629	122.7610
55.200001	96.562	122.2366
56.000000	96.482	121.6448
57.000000	96.373	120.9386
58.000000	96.264	120.2719
59.000000	96.145	119.5834
60.000000	96.010	119.0440
60.799999	95.917	118.7139
61.500000	95.845	118.3776
62.200001	95.770	117.9840
63.000000	95.676	117.5248
64.000000	95.552	116.9652
65.000000	95.422	116.4135
66.000000	95.290	115.8713
67.000000	95.157	115.3225
68.000000	95.022	114.7675
69.000000	94.887	114.2190
70.000000	94.752	113.6884
71.000000	94.620	113.1751
72.000000	94.490	112.6756
73.000000	94.360	112.1876
74.000000	94.230	111.7121
75.000000	94.097	111.2557
76.199997	93.937	110.7394
77.500000	93.765	110.2006
78.800003	93.592	109.6776
80.000000	93.433	109.2190
81.199997	93.276	108.7774
82.500000	93.106	108.3210
83.800003	92.936	107.8979
85.000000	92.780	107.5309
86.199997	92.623	107.1770
87.500000	92.454	106.8067
88.500000	92.323	106.5370
90.000000	92.130	106.1546
91.199997	91.979	105.8594
92.500000	91.816	105.5522
93.800003	91.654	105.2640
95.000000	91.504	105.0147
96.199997	91.355	104.7867
97.500000	91.195	104.5547
98.800003	91.036	104.3289
100.000000	90.888	104.1297
101.500000	90.703	103.8987
103.000000	90.518	103.6960
104.400002	90.348	103.5325
106.000000	90.155	103.3557
107.500000	89.975	103.2077
109.000000	89.795	103.0874
110.599998	89.604	102.9899
112.000000	89.440	102.9246
113.800003	89.230	102.8600
115.000000	89.091	102.8234
117.199997	88.835	102.7953
118.000000	88.744	102.8025
120.599998	88.452	102.8719
122.000000	88.299	102.9203
124.099998	88.069	103.0034
125.000000	87.971	103.0503
126.500000	87.808	103.1536
128.000000	87.650	103.2776
131.500000	87.285	103.6069
132.000000	87.233	103.6652
134.000000	87.027	103.9183
136.000000	86.827	104.1792
138.000000	86.633	104.4201
140.000000	86.439	104.6790
143.000000	86.158	105.2076
145.000000	85.978	105.5852
147.500000	85.754	106.0746
150.000000	85.530	106.5898
152.500000	85.308	107.1360
155.000000	85.091	107.7259
157.500000	84.883	108.3977
160.000000	84.688	109.1603
162.500000	84.500	109.9724
165.000000	84.318	110.8320
167.500000	84.156	111.6870
170.000000	84.033	112.4871
172.500000	83.941	113.1784
175.000000	83.843	113.7620
177.500000	83.698	114.1941
180.000000	83.524	114.7139
182.500000	83.385	115.3051
185.000000	83.278	115.8804
187.500000	83.167	116.5178
190.000000	83.045	117.1937
192.500000	82.923	117.8585
195.000000	82.810	118.5185
197.500000	82.701	119.1911
200.000000	82.598	119.8700
203.000000	82.488	120.6133
206.000000	82.378	121.4155
209.000000	82.277	122.2203
212.000000	82.187	122.9187
214.000000	82.137	123.3683
218.000000	82.031	124.3615
220.000000	81.966	124.8930
224.000000	81.832	125.9040
227.000000	81.748	126.6089
230.000000	81.684	127.3360
233.000000	81.627	127.9647
236.000000	81.568	128.5607
240.000000	81.490	129.3660
243.000000	81.434	129.9464
247.000000	81.360	130.6885
250.000000	81.307	131.2233
254.000000	81.240	131.9083
258.000000	81.175	132.5740
262.000000	81.114	133.2211
265.000000	81.070	133.7202
269.000000	81.013	134.3849
272.000000	80.969	134.8345
276.000000	80.912	135.3844
280.000000	80.862	135.9303
285.000000	80.800	136.6512
290.000000	80.740	137.3966
295.000000	80.681	138.0609
300.000000	80.620	138.6484
304.000000	80.573	139.1498
307.000000	80.540	139.5266
311.000000	80.496	140.0133
315.000000	80.455	140.4850
320.000000	80.408	141.0556
325.000000	80.362	141.5945
330.000000	80.314	142.1118
335.000000	80.265	142.6071
340.000000	80.220	143.0769
345.000000	80.177	143.5474
350.000000	80.129	144.0143
355.000000	80.079	144.4632
360.000000	80.028	144.9142
365.000000	79.981	145.3705
370.000000	79.940	145.8177
375.000000	79.900	146.2424
382.000000	79.841	146.8356
387.000000	79.797	147.2633
395.000000	79.728	147.9394
400.000000	79.687	148.3362
406.000000	79.635	148.8159
412.000000	79.588	149.3144
418.000000	79.545	149.8072
425.000000	79.494	150.3275
431.000000	79.454	150.7780
437.000000	79.412	151.2344
444.000000	79.364	151.7446
450.000000	79.326	152.1631
455.000000	79.296	152.5036
462.000000	79.251	152.9883
468.000000	79.208	153.3956
475.000000	79.158	153.8484
482.000000	79.109	154.3085
487.000000	79.075	154.6500
494.000000	79.027	155.1139
500.000000	78.987	155.4959
508.000000	78.933	156.0375
515.000000	78.885	156.5036
522.000000	78.837	156.9608
530.000000	78.786	157.4985
538.000000	78.734	158.0452
545.000000	78.690	158.5160
552.000000	78.648	158.9973
560.000000	78.602	159.5430
570.000000	78.544	160.2316
580.000000	78.487	160.9087
590.000000	78.433	161.5890
600.000000	78.379	162.2744
608.000000	78.338	162.8200
615.000000	78.304	163.3021
622.000000	78.272	163.7937
630.000000	78.236	164.3675
640.000000	78.191	165.0715
650.000000	78.149	165.7692
660.000000	78.108	166.4705
670.000000	78.069	167.1725
680.000000	78.034	167.8802
690.000000	78.001	168.5970
700.000000	77.971	169.3292
710.000000	77.941	170.0533
720.000000	77.914	170.7715
730.000000	77.890	171.4951
740.000000	77.869	172.2236
750.000000	77.851	172.9566
762.000000	77.832	173.8273
775.000000	77.814	174.7752
788.000000	77.803	175.7382
800.000000	77.795	176.6087
812.000000	77.791	177.4704
825.000000	77.792	178.4288
838.000000	77.799	179.3783
850.000000	77.810	-179.7627
862.000000	77.826	-178.9075
875.000000	77.848	-177.9917
885.000000	77.867	-177.2914
900.000000	77.900	-176.2494
912.000000	77.932	-175.4276
925.000000	77.972	-174.5540
938.000000	78.018	-173.7012
950.000000	78.065	-172.9301
962.000000	78.117	-172.1788
975.000000	78.178	-171.3929
988.000000	78.243	-170.6422
1000.000000	78.306	-169.9878
1015.000000	78.390	-169.2139
1030.000000	78.475	-168.4884
1044.000000	78.557	-167.8561
1060.000000	78.652	-167.1804
1075.000000	78.742	-166.5970
1090.000000	78.832	-166.0642
1106.000000	78.926	-165.5450
1120.000000	79.008	-165.1242
1138.000000	79.111	-164.6378
1150.000000	79.178	-164.3414
1172.000000	79.297	-163.8431
1180.000000	79.338	-163.6765
1206.000000	79.466	-163.1673
1220.000000	79.532	-162.9153
1241.000000	79.624	-162.5705
1250.000000	79.663	-162.4264
1265.000000	79.724	-162.1908
1280.000000	79.782	-161.9582
1315.000000	79.908	-161.4255
1320.000000	79.925	-161.3487
1340.000000	79.992	-161.0303
1360.000000	80.058	-160.7023
1380.000000	80.121	-160.3736
1400.000000	80.184	-160.0316
1430.000000	80.276	-159.4841
1450.000000	80.339	-159.1021
1475.000000	80.422	-158.6170
1500.000000	80.509	-158.1200
1525.000000	80.601	-157.6124
1550.000000	80.700	-157.1181
1575.000000	80.805	-156.6464
1600.000000	80.916	-156.2049
1625.000000	81.032	-155.8014
1650.000000	81.153	-155.4517
1675.000000	81.276	-155.1667
1700.000000	81.399	-154.9453
1725.000000	81.521	-154.7856
1750.000000	81.640	-154.6756
1775.000000	81.753	-154.6123
1800.000000	81.859	-154.5926
1825.000000	81.959	-154.5990
1850.000000	82.053	-154.6111
1875.000000	82.142	-154.6292
1900.000000	82.225	-154.6493
1925.000000	82.304	-154.6602
1950.000000	82.379	-154.6567
1975.000000	82.452	-154.6387
2000.000000	82.524	-154.6049
2030.000000	82.610	-154.5463
2060.000000	82.697	-154.4727
2090.000000	82.786	-154.3900
2120.000000	82.876	-154.3048
2140.000000	82.938	-154.2502
2180.000000	83.063	-154.1505
2200.000000	83.127	-154.1059
2240.000000	83.256	-154.0374
2270.000000	83.355	-154.0110
2300.000000	83.454	-153.9989
2330.000000	83.553	-154.0041
2360.000000	83.654	-154.0262
2400.000000	83.789	-154.0854
2430.000000	83.890	-154.1511
2470.000000	84.026	-154.2707
2500.000000	84.128	-154.3873
2540.000000	84.263	-154.5823
2580.000000	84.398	-154.8199
2620.000000	84.531	-155.0984
2650.000000	84.629	-155.3353
2690.000000	84.758	-155.6930
2720.000000	84.852	-155.9860
2760.000000	84.974	-156.4083
2800.000000	85.092	-156.8676
2850.000000	85.233	-157.4941
2900.000000	85.366	-158.1676
2950.000000	85.492	-158.8783
3000.000000	85.611	-159.6306
3040.000000	85.701	-160.2652
3070.000000	85.765	-160.7637
3110.000000	85.845	-161.4538
3150.000000	85.917	-162.1719
3200.000000	85.997	-163.0986
3250.000000	86.064	-164.0486
3300.000000	86.120	-165.0089
3350.000000	86.163	-165.9662
3400.000000	86.194	-166.9162
3450.000000	86.214	-167.8494
3500.000000	86.225	-168.7632
3550.000000	86.225	-169.6479
3600.000000	86.217	-170.4955
3650.000000	86.201	-171.3007
3700.000000	86.180	-172.0517
3750.000000	86.157	-172.7518
3820.000000	86.125	-173.6732
3870.000000	86.104	-174.3214
3950.000000	86.067	-175.3499
4000.000000	86.042	-176.0030
4060.000000	86.006	-176.7956
4120.000000	85.962	-177.5796
4180.000000	85.910	-178.3437
4250.000000	85.843	-179.2033
4310.000000	85.779	-179.9079
4370.000000	85.712	179.4177
4440.000000	85.630	178.6645
4500.000000	85.556	178.0439
4550.000000	85.493	177.5377
4620.000000	85.400	176.8502
4680.000000	85.317	176.2825
4750.000000	85.216	175.6476
4820.000000	85.109	175.0502
4870.000000	85.029	174.6503
4940.000000	84.913	174.1337
5000.000000	84.812	173.7332
5080.000000	84.674	173.2682
5150.000000	84.554	172.9242
5220.000000	84.435	172.6317
5300.000000	84.303	172.3506
5380.000000	84.174	172.1165
5450.000000	84.064	171.9536
5520.000000	83.956	171.8291
5600.000000	83.836	171.7181
5700.000000	83.689	171.6407
5800.000000	83.546	171.6509
5900.000000	83.409	171.7751
6000.000000	83.285	172.0239
6080.000000	83.201	172.3003
6150.000000	83.138	172.5894
6220.000000	83.089	172.9140
6300.000000	83.050	173.3069
6400.000000	83.026	173.7979
6500.000000	83.029	174.2550
6600.000000	83.053	174.6666
6700.000000	83.099	175.0325
6800.000000	83.166	175.3608
6900.000000	83.259	175.6556
7000.000000	83.384	175.8965
7100.000000	83.550	176.0266
7200.000000	83.758	175.9189
7300.000000	83.998	175.4580
7400.000000	84.254	174.6158
7500.000000	84.518	173.3614
7620.000000	84.831	171.2598
7750.000000	85.134	168.1538
7880.000000	85.360	164.2004
8000.000000	85.461	159.8824
8120.000000	85.426	155.0937
8250.000000	85.212	149.6392
8380.000000	84.801	144.1771
8500.000000	84.239	139.4205
8620.000000	83.507	135.2635
8750.000000	82.549	131.7987
8850.000000	81.732	130.0450
9000.000000	80.443	128.9791
9120.000000	79.408	129.4215
9250.000000	78.330	131.0645
9380.000000	77.331	133.6595
9500.000000	76.488	136.6972
9620.000000	75.727	140.2160
9750.000000	74.996	144.3671
9880.000000	74.349	148.6989
10000.000000	73.811	152.8275
10150.000000	73.210	158.1349
10300.000000	72.686	163.5746
10440.000000	72.258	168.7361
10600.000000	71.840	174.6965
10750.000000	71.517	-179.7030
10900.000000	71.251	-174.1456
11060.000000	71.027	-168.2422
11200.000000	70.883	-163.0945
11380.000000	70.769	-156.5283
11500.000000	70.738	-152.2062
11720.000000	70.781	-144.4115
11800.000000	70.830	-141.6214
12060.000000	71.123	-132.7565
12200.000000	71.369	-128.1270
12410.000000	71.868	-121.4143
12500.000000	72.133	-118.6205
12650.000000	72.650	-114.0915
12800.000000	73.270	-109.7422
13150.000000	75.224	-100.4900
13200.000000	75.574	-99.3100
13400.000000	77.200	-95.1511
13600.000000	79.283	-92.4435
13800.000000	81.936	-92.6898
14000.000000	85.044	-98.7356
14300.000000	88.967	-124.4225
14500.000000	89.601	-149.3463
14750.000000	87.832	-175.1809
15000.000000	84.975	172.8790
15250.000000	82.638	171.1855
15500.000000	81.168	173.9746
15750.000000	80.371	178.1855
16000.000000	80.071	-177.5648
16250.000000	80.167	-174.2114
16500.000000	80.571	-172.7385
16750.000000	81.140	-174.2218
17000.000000	81.621	-179.4326
17250.000000	81.680	172.0035
17500.000000	81.066	162.0227
17750.000000	79.785	153.1586
18000.000000	78.081	147.0333
18250.000000	76.263	143.7717
18500.000000	74.574	142.5253
18750.000000	73.145	142.1529
19000.000000	72.029	141.6496
19250.000000	71.221	140.2477
19500.000000	70.663	137.5063
19750.000000	70.275	133.5951
20000.000000	70.062	130.2369
