20	8.649859126207405
20.290906698750476	8.60477768968995
20.586044732869844	8.559690142007055
20.885475648548283	8.514586406058793
21.189261887185914	8.469451992807416
21.49746679841394	8.424268423575864
21.810154653305165	8.3790136501977
22.12739065777668	8.333662475261956
22.449240966187475	8.288186956037766
22.77577269513385	8.242556800766696
23.107053937445478	8.1967397588158
23.44315377638505	8.150702013688049
23.784142300054445	8.104408565905768
24.130090616010463	8.05782360061282
24.481070866093134	8.010910834513538
24.837156241469714	7.963633839228681
25.1984209978975	7.91595633549483
25.56494047120865	7.867842455594889
25.936791093020236	7.819256977300274
26.3140504066728	7.770165543468128
26.69679708340074	7.720534870521931
27.08511093873791	7.670332937925181
27.47907294916184	7.619529164486327
27.878765268980047	7.568094574872148
28.284271247461966	7.516001955570054
28.695675446220072	7.463225994244588
29.11306365684382	7.409743407193602
29.536522918790062	7.355533053307212
29.966141537533712	7.3005760329176965
30.402009102982383	7.2448557735049945
30.844216508158908	7.188358097512257
31.29285596815558	7.131071279663594
31.74802103936409	7.072986088358441
32.20980663898519	7.014095816431627
32.67830906482211	6.954396288397049
33.153626015361866	6.893885848930275
33.63585661014871	6.832565335817726
34.125101410453844	6.770438040576543
34.62146244024586	6.707509662028059
35.12504320746613	6.643788243006291
35.635948725613716	6.579284095704779
36.15428553564419	6.514009717892797
36.68016172818701	6.447979701000797
37.21368696608603	6.381210635660132
37.754972507267915	6.313721020634915
38.30413122794313	6.245531172284267
38.86127764614443	6.176663129359824
39.4265279456077	6.107140543797573
40.000000000000206	6.036988561132372
40.58181339750116	5.966233699052612
41.1720894657399	5.894903725443065
41.77095129709678	5.823027520107701
42.37852377437204	5.750634927494161
42.9949335968281	5.677756607469227
43.62030930661056	5.604423892438017
44.25478131555359	5.530668636179808
44.89848193237519	5.456523064969094
45.55154539026795	5.382019617815324
46.21410787489121	5.307190771541229
46.88630755277036	5.232068872041097
47.56828460010916	5.156685972543151
48.260181232021196	5.081073661948656
48.962141732186545	5.005262898323469
49.674312482939705	4.929283841405459
50.39684199579528	4.853165666700241
51.129880942417586	4.7769363886710074
51.873582186040764	4.7006227007067185
52.628100813345895	4.624249825134276
53.393594166801776	4.5478413719172055
54.17022187747612	4.4714192080117865
54.95814589832399	4.395003340697866
55.75753053796041	4.318611821573835
56.56854249492426	4.24226067171038
57.39135089244048	4.165963821808088
58.226127313687975	4.089733071838282
59.073045837580466	4.013578077126956
59.932283075067765	3.9375063555250005
60.804018205965114	3.8615233037632493
61.68843301631817	3.7856322275664813
62.58571193631152	3.7098343862968965
63.49604207872855	3.6341290559175037
64.41961327797075	3.558513595503014
65.35661812964459	3.4829835206910533
66.3072520307241	3.4075325878485185
67.27171322029778	3.3321528793865185
68.25020282090806	3.256834894934903
69.2429248804921	3.181567654080263
70.25008641493265	3.106338808523743
71.27189745122783	3.0311347464437572
72.30857107128878	2.9559406947804856
73.36032345637442	2.8807408225023283
74.42737393217246	2.8055183493226563
75.50994501453623	2.7302556588355484
76.60826245588666	2.6549344070938483
77.72255529228926	2.5795356310829156
78.85305589121582	2.5040398538585382
80.00000000000082	2.4284271969757807
81.16362679500274	2.3526775008936607
82.34417893148023	2.2767704402528084
83.541902594194	2.200685652761682
84.75704754874454	2.1244028776638553
85.98986719365665	2.04790209645473
87.24061861322157	1.9711636808440858
88.50956263110764	1.8941685498825862
89.79696386475084	1.816898346381267
91.10309078053635	1.7393356108659823
92.42821574978288	1.6614639671227742
93.77261510554118	1.583268316868974
95.13656920021877	1.504735041961247
96.52036246404286	1.4258521947077902
97.92428346437356	1.3466096803311594
99.34862496587989	1.2669994317584
100.79368399159105	1.1870155650492595
102.25976188483567	1.1066545284350315
103.74716437208203	1.0259152345758658
105.25620162669229	0.9447991731633447
106.78718833360406	0.8633105035091209
108.34044375495276	0.7814561119515648
109.9162917966485	0.6992456355840027
111.51506107592134	0.6166914593831407
113.13708498984903	0.5338086760724288
114.78270178488147	0.45061500810789035
116.45225462737648	0.3671307100569088
118.14609167516147	0.28337843618000136
119.86456615013608	0.19938306033116504
121.60803641193078	0.1151714820360743
123.3768660326369	0.030772422006436706
125.17142387262359	-0.05378379273291767
126.99208415745765	-0.13846546524421832
128.83922655594208	-0.22323978452535975
130.71323625928977	-0.3080730903081994
132.61450406144883	-0.3929311355549444
134.5434264405962	-0.4777793429523102
136.50040564181674	-0.5625830551505966
138.48584976098482	-0.6473077973619632
140.50017282986593	-0.731919549507229
142.5437949024563	-0.816384993071511
144.61714214257822	-0.9006717214878339
146.7206469127495	-0.9847484230975327
148.8547478643456	-1.068585056988642
151.01989002907314	-1.1521529863349027
153.216524911774	-1.235425089180179
155.4451105845792	-1.3183758435106734
157.70611178243232	-1.400981375747655
160.00000000000236	-1.4832194732972912
162.3272535900062	-1.5650695523814786
164.6883578629612	-1.6465125957518048
167.08380518838874	-1.727531063508783
169.51409509748981	-1.808108772697235
171.97973438731407	-1.888230727112445
174.4812372264439	-1.9678829113214178
177.01912526221608	-2.047052062817359
179.5939277295025	-2.1257254421872442
182.20618156107355	-2.2038905889698786
184.85643149956664	-2.2815350592783936
187.54523021108326	-2.3586461647260393
190.27313840043846	-2.4352107043814595
193.04072492808663	-2.5112147119602515
195.84856692874806	-2.586643230654735
198.69724993176072	-2.661480121863992
201.58736798318304	-2.735707925186258
204.5195237696723	-2.809307782234294
207.49432874416505	-2.8822594026701704
210.5124032533856	-2.9545410856948084
213.57437666720915	-3.0261298049449916
216.68088750990657	-3.097001351047835
219.83258359329807	-3.167130550975246
223.03012215184378	-3.236491543124556
226.2741699796992	-3.305058088930311
229.5654035697641	-3.372803942410828
232.90450925475412	-3.439703255397431
236.2921833503241	-3.50573101300197
239.72913230027333	-3.570863470376917
243.21607282386276	-3.6350785697936274
246.75373206527502	-3.6983563406828583
250.34284774524843	-3.7606792850878783
253.9841683149166	-3.822032751157421
257.67845311188546	-3.8824052485235754
261.42647251858085	-3.9417886994123403
265.22900812289896	-4.000178646980464
269.08685288119375	-4.057574392864005
273.0008112836349	-4.113979056339078
276.97169952197106	-4.169399565989847
281.00034565973334	-4.223846607376819
285.0875898049141	-4.27733448880106
289.23428428515797	-4.32988095299762
293.44129382550057	-4.381506951851193
297.7094957286928	-4.432236340223028
302.0397800581479	-4.482095535603902
306.4330498235497	-4.5311131397967355
310.89022116916016	-4.579319530158479
315.41222356486645	-4.626746409712409
320.00000000000654	-4.673426368848547
324.6545071800142	-4.719392434861167
329.3767157259242	-4.7646775786329965
334.16761037677935	-4.80931423251457
339.02819019498156	-4.853333800833336
343.95946877463007	-4.896766183477995
348.9624744528898	-4.939639282503211
354.03825052443415	-4.98197848304887
359.187855459007	-5.023806138736285
364.4123631221491	-5.065141046122238
369.71286299913527	-5.105997922717321
375.0904604221685	-5.146386881684303
380.54627680087896	-5.1863129801908645
386.08144985617537	-5.225775810239784
391.6971338574982	-5.264769071148301
397.3944998635236	-5.303280196402246
403.1747359663683	-5.3412900486928105
409.0390475393468	-5.378772665899286
414.9886574883323	-5.415695125181986
421.0248065067734	-5.452017550592163
427.1487533344206	-5.48769326486392
433.3617750198154	-5.522669071265634
439.6651671865984	-5.556885669885699
446.06024430368984	-5.590278266400773
452.54833995940066	-5.622777403072815
459.13080713953053	-5.65430995249509
465.8090185095106	-5.6848002054382825
472.58436670065066	-5.714171063885246
479.45826460054917	-5.742345312736102
486.432145647728	-5.76924695380994
493.50746413055253	-5.7948025441972835
500.6856954904994	-5.818942457941722
507.9683366298358	-5.84160207896417
515.3569062237735	-5.862722824748124
522.8529450371643	-5.88225299998747
530.4580162458005	-5.900148490619415
538.1737057623901	-5.916373209165819
546.0016225672724	-5.930899365543199
553.9433990439449	-5.943707510913294
562.0006913194694	-5.954786264430776
570.1751796098309	-5.964131904714666
578.4685685703187	-5.971747786413427
586.8825876510039	-5.977643496893473
595.4189914573883	-5.981833810011816
604.0795601162986	-5.9843375127190335
612.8660996471021	-5.985176087828142
621.780442338323	-5.984372301039633
630.8244471297356	-5.98194872671572
640.0000000000159	-5.977926118944696
649.3090143600314	-5.972321754323929
658.7534314518515	-5.965147703554537
668.3352207535618	-5.956409233806278
678.0563803899662	-5.946103276821345
687.9189375492632	-5.934216813315681
697.9249489057827	-5.920725303452722
708.0765010488715	-5.9055911933255185
718.3757109180171	-5.888762547877578
728.8247262443015	-5.87017172874069
739.425725998274	-5.849734278348157
750.1809208443404	-5.827348123247619
761.0925536017613	-5.802893071110455
772.1628997123541	-5.776230720252045
783.3942677149998	-5.7472048200642725
794.7889997270506	-5.7156422347972615
806.34947193274	-5.6813545335948845
818.0780950786972	-5.644140240964321
829.9773149766683	-5.603787849810601
842.0496130135506	-5.560079642033511
854.2975066688449	-5.5127962568158075
866.7235500396347	-5.461721979779025
879.3303343732008	-5.406650717071937
892.1204886073838	-5.347392501294763
905.0966799188055	-5.283780418400941
918.2616142790653	-5.215677680766213
931.6180370190256	-5.14298472774972
945.1687334013056	-5.065645921921007
958.9165292011028	-4.983655547586263
972.8642912954606	-4.897062839817595
987.0149282611097	-4.805975807462854
1001.3713909810035	-4.710563594053552
1015.9366732596762	-4.6110570193596025
1030.7138124475518	-4.507747043018668
1045.7058900743334	-4.400981355808881
1060.916032491606	-4.291158958940315
1076.3474115247852	-4.178722679619279
1092.0032451345498	-4.064149986991956
1107.8867980878947	-3.947942485502546
1124.0013826389438	-3.830614418061736
1140.350359219667	-3.7126804941106224
1156.9371371406426	-3.594643476022389
1173.765175302013	-3.4769820112524696
1190.837982914782	-3.3601394406681693
1208.1591202326028	-3.2445137149878183
1225.73219929421	-3.1304491894680435
1243.5608846766518	-3.018230033599682
1261.648894259477	-2.908076405595666
1280.0000000000375	-2.800143396738399
1298.6180287200684	-2.69452249296954
1317.5068629037087	-2.5912455456499464
1336.6704415071292	-2.490290985302286
1356.112760779938	-2.391591595673244
1375.8378750985323	-2.2950435895202412
1395.8498978115715	-2.200515984593186
1416.153002097749	-2.1078594498224317
1436.7514218360407	-2.0169138513845932
1457.6494524886093	-1.9275138431077505
1478.8514519965543	-1.8394926948324413
1500.3618416886875	-1.7526833061483198
1522.1851072035295	-1.6669165924919884
1544.3257994247153	-1.5820172093670588
1566.788535430007	-1.4977971341189047
1589.5779994541087	-1.4140480444056056
1612.6989438654878	-1.3305334150073667
1636.156190157402	-1.2469813961099954
1659.9546299533442	-1.1630791006119146
1684.099226027109	-1.0784692119392376
1708.5950133376978	-0.9927499900890566
1733.4471000792773	-0.9054791528786539
1758.6606687464096	-0.8161818606155959
1784.2409772147755	-0.7243627662441892
1810.193359837619	-0.6295212651403026
1836.5232285581387	-0.5311689783006193
1863.2360740380593	-0.4288486850905686
1890.3374668026197	-0.3221536515066621
1917.833058402214	-0.21074662855088455
1945.7285825909298	-0.09437732821317191
1974.0298565222283	0.02710240436860456
2002.7427819620161	0.15372615783208943
2031.8733465193618	0.28540313271021933
2061.4276248951132	0.42191173881727106
2091.411780148677	0.5628961334906082
2121.832064983222	0.7078652944988377
2152.694823049581	0.8561945158667368
2184.0064902691106	1.0071294415905285
2215.7735961758003	1.1597929301512073
2248.002765277899	1.313193772569478
2280.7007184393456	1.4662380130551567
2313.874274281297	1.6177432656321447
2347.530350604038	1.7664558910895232
2381.6759658295764	1.9110703550644086
2416.318240465218	2.050250614530982
2451.4643985884327	2.1826532564229826
2487.1217693533167	2.3069528206497
2523.2977885189675	2.4218677117485097
2560.0000000000887	2.5261871435030043
2597.236057440151	2.6187972193727003
2635.0137258074315	2.6987067386176573
2673.340883014273	2.765072189877559
2712.225521559891	2.817221700220678
2751.6757501970797	2.854676770947197
2791.699795623158	2.877173211829991
2832.3060041955137	2.8846772157077414
2873.502843672097	2.8773965080683332
2915.2989049772345	2.8557834599624474
2957.7029039931244	2.8205311032891967
3000.723683377391	2.772560601366421
3044.370214407075	2.7129993998356827
3088.6515988494466	2.6431492802524055
3133.57707086003	2.564440091305987
3179.1559989082334	2.4783737755334294
3225.3978877309914	2.386467591033897
3272.3123803148205	2.2901990396765832
3319.9092599067053	2.190957260041017
3368.198452054235	2.0900029614173032
3417.190026675413	1.9884390430512227
3466.8942001585724	1.8871926585400445
3517.3213374928373	1.787007766293331
3568.4819544295697	1.6884467539910726
3620.386719675257	1.591899825612962
3673.0464571162966	1.4976006423340644
3726.472148076138	1.405645972090436
3780.6749336052594	1.31601863601705
3835.6661168044484	1.2286115816353085
3891.45716518188	1.1432502753871012
3948.059713044477	1.0597112158332291
4005.4855639240527	0.977739772339396
4063.746693038744	0.8970635914250786
4122.855249790247	0.8174041817242776
4182.823560297375	0.7384865677152705
4243.664129966465	0.6600448789115312
4305.389646099183	0.5818243083541024
4368.012980538242	0.5035800991376529
4431.5471923516225	0.4250747280132912
4496.00553055582	0.3460739131092544
4561.401436878714	0.2663415802676024
4627.748548562617	0.1856337715051369
4695.060701208099	0.1036951914612726
4763.351931659176	0.020258019089994028
4832.63648093046	-0.06495476046086363
4902.928797176889	-0.15222205558227148
4974.243538706657	-0.241816641141806
5046.595577037959	-0.33399330754973133
5120.000000000202	-0.4289717227397627
5194.472114880326	-0.5269154938606234
5270.027451614888	-0.6279077916118294
5346.6817660285715	-0.7319234070437272
5424.451043119808	-0.8388006016639342
5503.351500394186	-0.9482117524898273
5583.399591246343	-1.0596342397398053
5664.612008391055	-1.1723313380543374
5747.005687344222	-1.2853463109852978
5830.597809954497	-1.3975114620636107
5915.405807986278	-1.50747390407677
6001.447366754812	-1.6137423093647927
6088.740428814181	-1.7147576390701273
6177.303197698925	-1.8089830817851849
6267.154141720092	-1.8950024274501216
6358.3119978165005	-1.9716267437896158
6450.795775462017	-2.0379994791134064
6544.624760629676	-2.093690971397737
6639.818519813445	-2.1387804565232154
6736.396904108505	-2.173916026390831
6834.380053350861	-2.200348199937344
6933.788400317181	-2.219935061402337
7034.642674985712	-2.23511812781476
7136.963908859177	-2.2488706440720283
7240.773439350552	-2.2646149749469706
7346.092914232631	-2.286112523301375
7452.944296152315	-2.3173355989791076
7561.349867210557	-2.3623227327350715
7671.332233608935	-2.425018826401111
7782.914330363799	-2.509102198736711
7896.119426088994	-2.6177954862523753
8010.971127848146	-2.753663779253031
8127.49338607753	-2.918408855208865
8245.710499580537	-3.1126802738168124
8365.647120594791	-3.3359229606536847
8487.328259932974	-3.586287455610818
8610.77929219841	-3.860630269306559
8736.025961076528	-4.154607684592135
8863.094384703289	-4.462885804889775
8992.011061111683	-4.7794878440847866
9122.802873757471	-5.098250800060266
9255.497097125279	-5.413352874974491
9390.121402416245	-5.719863691454704
9526.7038633184	-6.014240339381902
9665.272961860968	-6.294682268205565
9805.857594353829	-6.561286378679188
9948.487077413367	-6.81597775766667
10093.19115407597	-7.062220861409003
10240.000000000457	-7.304535083464631
10388.944229760706	-7.547882648788609
10540.05490322983	-7.797025873835321
10693.363532057198	-8.055940474418493
10848.902086239672	-8.327357680694254
11006.703000788428	-8.6124481599232
11166.799182492743	-8.910688026777345
11329.224016782166	-9.21989068359808
11494.0113746885	-9.536366276095247
11661.195619909053	-9.85519167841012
11830.811615972614	-10.170499547247356
12002.894733509682	-10.475797300085851
12177.48085762842	-10.764281323004077
12354.606395397908	-11.029183196332655
12534.308283440243	-11.26417099845587
12716.62399563306	-11.463735612752743
12901.591550924093	-11.623654955381348
13089.249521259411	-11.74126038858974
13279.637039626952	-11.815370122318026
13472.793808217073	-11.846552883155539
13668.760106701786	-11.837354690345329
13867.576800634426	-11.792127505022448
14069.285349971487	-11.716552857935032
14273.927817718419	-11.617004506580827
14481.54687870117	-11.499909532310902
14692.18582846533	-11.371359988920943
14905.888592304698	-11.236919563212416
15122.699734421185	-11.101547373398821
15342.664467217943	-10.96968100517277
15565.828660727671	-10.84537411769406
15792.238852178061	-10.732373402274415
16021.942255696367	-10.634073439371072
16254.986772155136	-10.55334213251468
16491.42099916115	-10.49226577412218
16731.294241189662	-10.451890384066065
16974.65651986603	-10.43208374803847
17221.558584396902	-10.431504771310964
17472.051922153143	-10.44773540343734
17726.188769406665	-10.477570796889166
17984.022122223458	-10.517504964528952
18245.605747515034	-10.564295983827385
18510.99419425065	-10.615455107442472
18780.242804832582	-10.669411363944171
19053.40772663689	-10.725320249853397
19330.545923722028	-10.782740535245452
19611.71518870775	-10.841294448369899
19896.974154826825	-10.9004824420757
20186.382308152035	-10.959831712056165