20	-1.8397848970966864
20.290906698750476	-1.8389722478744541
20.586044732869844	-1.8382467676369876
20.885475648548283	-1.8376139324878626
21.189261887185914	-1.8370798125363845
21.49746679841394	-1.8366507601556852
21.810154653305165	-1.8363331313918536
22.12739065777668	-1.8361330399228404
22.449240966187475	-1.836056142541818
22.77577269513385	-1.836107454812284
23.107053937445478	-1.836291195312309
23.44315377638505	-1.8366106567355
23.784142300054445	-1.8370681020429014
24.130090616010463	-1.8376646838544741
24.481070866093134	-1.838400385342968
24.837156241469714	-1.8392739810415586
25.1984209978975	-1.8402830161626658
25.56494047120865	-1.841423803194131
25.936791093020236	-1.842691434650964
26.3140504066728	-1.8440798108975103
26.69679708340074	-1.8455816819341428
27.08511093873791	-1.8471887019985642
27.47907294916184	-1.8488914957764553
27.878765268980047	-1.8506797349519968
28.284271247461966	-1.8525422237600346
28.695675446220072	-1.8544669921400267
29.11306365684382	-1.8564413950301495
29.536522918790062	-1.8584522162805088
29.966141537533712	-1.8604857756369055
30.402009102982383	-1.8625280372776445
30.844216508158908	-1.8645647184784628
31.29285596815558	-1.866581397116925
31.74802103936409	-1.8685636168897921
32.20980663898519	-1.8704969892775614
32.67830906482211	-1.8723672914427159
33.153626015361866	-1.874160559394388
33.63585661014871	-1.8758631758996378
34.125101410453844	-1.8774619527897665
34.62146244024586	-1.8789442074857878
35.12504320746613	-1.8802978337537801
35.635948725613716	-1.881511366857639
36.15428553564419	-1.88257404339201
36.68016172818701	-1.8834758561437126
37.21368696608603	-1.8842076043646312
37.754972507267915	-1.8847609398498022
38.30413122794313	-1.88512840920813
38.86127764614443	-1.88530349267567
39.4265279456077	-1.8852806397438462
40.000000000000206	-1.885055301764662
40.58181339750116	-1.8846239615464762
41.1720894657399	-1.8839841597830718
41.77095129709678	-1.8831345179644257
42.37852377437204	-1.8820747572364283
42.9949335968281	-1.8808057125299755
43.62030930661056	-1.8793293411784262
44.25478131555359	-1.8776487251883647
44.89848193237519	-1.8757680663300536
45.55154539026795	-1.87369267327525
46.21410787489121	-1.8714289401368769
46.88630755277036	-1.8689843159559232
47.56828460010916	-1.8663672649227192
48.260181232021196	-1.8635872173988797
48.962141732186545	-1.8606545120995952
49.674312482939705	-1.8575803300955738
50.39684199579528	-1.8543766215375361
51.129880942417586	-1.8510560261928255
51.873582186040764	-1.8476317889966147
52.628100813345895	-1.8441176718909629
53.393594166801776	-1.8405278632848099
54.17022187747612	-1.8368768865478327
54.95814589832399	-1.8331795090610923
55.75753053796041	-1.8294506534877453
56.56854249492426	-1.8257053130864658
57.39135089244048	-1.8219584730763099
58.226127313687975	-1.818225040271753
59.073045837580466	-1.8145197833937359
59.932283075067765	-1.8108572864938353
60.804018205965114	-1.8072519177138182
61.68843301631817	-1.8037178151080515
62.58571193631152	-1.8002688905138609
63.49604207872855	-1.7969188515755128
64.41961327797075	-1.7936812410819867
65.35661812964459	-1.7905694917878325
66.3072520307241	-1.7875969938880623
67.27171322029778	-1.7847771714538927
68.25020282090806	-1.7821235635119343
69.2429248804921	-1.7796499051150882
70.25008641493265	-1.7773702037138608
71.27189745122783	-1.7752988062882582
72.30857107128878	-1.7734504529637176
73.36032345637442	-1.7718403131839118
74.42737393217246	-1.7704840009313283
75.50994501453623	-1.7693975659538976
76.60826245588666	-1.7685974584581658
77.72255529228926	-1.7681004652531391
78.85305589121582	-1.767923615873212
80.00000000000082	-1.768084057795665
81.16362679500274	-1.7685989004988945
82.34417893148023	-1.769485028751604
83.541902594194	-1.7707588861650283
84.75704754874454	-1.7724362306626722
85.98986719365665	-1.7745318641131553
87.24061861322157	-1.7770593389089353
88.50956263110764	-1.7800306447519412
89.79696386475084	-1.7834558793375126
91.10309078053635	-1.7873429070284987
92.42821574978288	-1.7916970099954292
93.77261510554118	-1.7965205366643022
95.13656920021877	-1.8018125526654698
96.52036246404286	-1.8075684998400363
97.92428346437356	-1.813779869239979
99.34862496587989	-1.8204338944337803
100.79368399159105	-1.8275132717663267
102.25976188483567	-1.834995914475071
103.74716437208203	-1.8428547477078774
105.25620162669229	-1.8510575515030783
106.78718833360406	-1.8595668586629943
108.34044375495276	-1.8683399141694692
109.9162917966485	-1.8773287023366312
111.51506107592134	-1.8864800472803736
113.13708498984903	-1.895735791538327
114.78270178488147	-1.9050330568250176
116.45225462737648	-1.9143045899552256
118.14609167516147	-1.9234791959028545
119.86456615013608	-1.9324822587308674
121.60803641193078	-1.9412363497078553
123.3768660326369	-1.9496619203259047
125.17142387262359	-1.957678076166578
126.99208415745765	-1.9652034256430941
128.83922655594208	-1.9721569955994906
130.71323625928977	-1.9784592035999007
132.61450406144883	-1.984032874497069
134.5434264405962	-1.9888042865140145
136.50040564181674	-1.9927042296440818
138.48584976098482	-1.9956690567429687
140.50017282986593	-1.9976417053335642
142.5437949024563	-1.9985726659924863
144.61714214257822	-1.99842087139423
146.7206469127495	-1.997154478877802
148.8547478643456	-1.99475151897846
151.01989002907314	-1.991200382948541
153.216524911774	-1.9865001242704918
155.4451105845792	-1.9806605530672106
157.70611178243232	-1.9737021082058717
160.00000000000236	-1.965655499079452
162.3272535900062	-1.9565611174143598
164.6883578629612	-1.9464682292975621
167.08380518838874	-1.9354339685779003
169.51409509748981	-1.9235221630319916
171.97973438731407	-1.910802032764355
174.4812372264439	-1.897346805827096
177.01912526221608	-1.8832322992849946
179.5939277295025	-1.8685355147988298
182.20618156107355	-1.8533332950867591
184.85643149956664	-1.8377010815181423
187.54523021108326	-1.8217118056217667
190.27313840043846	-1.8054349393394267
193.04072492808663	-1.788935720222328
195.84856692874806	-1.7722745585528445
198.69724993176072	-1.7555066246092133
201.58736798318304	-1.7386816072906264
204.5195237696723	-1.7218436307613885
207.49432874416505	-1.7050313133413633
210.5124032533856	-1.6882779516013686
213.57437666720915	-1.6716118125958865
216.68088750990657	-1.6550565184145092
219.83258359329807	-1.6386315092867245
223.03012215184378	-1.6223525735152498
226.2741699796992	-1.6062324340051979
229.5654035697641	-1.5902813815807741
232.90450925475412	-1.5745079445941164
236.2921833503241	-1.5589195834983804
239.72913230027333	-1.5435233982960723
243.21607282386276	-1.528326835672332
246.75373206527502	-1.5133383811114935
250.34284774524843	-1.4985682200725017
253.9841683149166	-1.4840288515732114
257.67845311188546	-1.4697356371545602
261.42647251858085	-1.4557072681765435
265.22900812289896	-1.4419661350181179
269.08685288119375	-1.428538583171949
273.0008112836349	-1.4154550435276814
276.97169952197106	-1.4027500272938282
281.00034565973334	-1.3904619797823161
285.0875898049141	-1.3786329915501672
289.23428428515797	-1.3673083700848274
293.44129382550057	-1.3565360801467543
297.7094957286928	-1.3463660658045917
302.0397800581479	-1.3368494719716142
306.4330498235497	-1.3280377876738774
310.89022116916016	-1.3199819370571224
315.41222356486645	-1.3127313469428998
320.00000000000654	-1.3063330215150057
324.6545071800142	-1.300830655533478
329.3767157259242	-1.2962638174952739
334.16761037677935	-1.2926672335189515
339.02819019498156	-1.2900702016848993
343.95946877463007	-1.2884961653642184
348.9624744528898	-1.287962473035337
354.03825052443415	-1.2884803514756313
359.187855459007	-1.2900551189307365
364.4123631221491	-1.2926866643000312
369.71286299913527	-1.2963702162266666
375.0904604221685	-1.3010974203294499
380.54627680087896	-1.306857732025807
386.08144985617537	-1.3136401152886352
391.6971338574982	-1.3214350132048183
397.3944998635236	-1.3302365234605458
403.1747359663683	-1.3400446729499018
409.0390475393468	-1.3508676461322793
414.9886574883323	-1.3627237870104176
421.0248065067734	-1.3756431672110432
427.1487533344206	-1.3896684997686959
433.3617750198154	-1.4048551912853118
439.6651671865984	-1.4212703713375894
446.06024430368984	-1.438990814537869
452.54833995940066	-1.4580997755804952
459.13080713953053	-1.4786828867961885
465.8090185095106	-1.5008234077659912
472.58436670065066	-1.5245972427942784
479.45826460054917	-1.5500682231455059
486.432145647728	-1.5772841572759126
493.50746413055253	-1.6062740696603925
500.6856954904994	-1.6370468874244062
507.9683366298358	-1.6695916232417305
515.3569062237735	-1.7038788862355507
522.8529450371643	-1.739863377214371
530.4580162458005	-1.7774869224738747
538.1737057623901	-1.8166815754160979
546.0016225672724	-1.857372351158625
553.9433990439449	-1.8994792341280016
562.0006913194694	-1.9429181934790294
570.1751796098309	-1.9876010409772897
578.4685685703187	-2.0334340613632302
586.8825876510039	-2.080315432713719
595.4189914573883	-2.128131534737987
604.0795601162986	-2.17675232007877
612.8660996471021	-2.2260260020786937
621.780442338323	-2.2757733952168566
630.8244471297356	-2.3257823315221833
640.0000000000159	-2.375802664271296
649.3090143600314	-2.4255424508479573
658.7534314518515	-2.4746659674542304
668.3352207535618	-2.522794231805675
678.0563803899662	-2.569508673103642
687.9189375492632	-2.614358464635515
697.9249489057827	-2.6568717976995435
708.0765010488715	-2.696571012250087
718.3757109180171	-2.732991020047543
728.8247262443015	-2.765699904466256
739.425725998274	-2.7943200427404755
750.1809208443404	-2.8185476896953383
761.0925536017613	-2.838168807110143
772.1628997123541	-2.8530690919224817
783.3942677149998	-2.86323663523625
794.7889997270506	-2.8687563359131767
806.34947193274	-2.8697959733730016
818.0780950786972	-2.8665846313826515
829.9773149766683	-2.8593849465922654
842.0496130135506	-2.848461456764953
854.2975066688449	-2.834048127752886
866.7235500396347	-2.8163188182935452
879.3303343732008	-2.7953647541641513
892.1204886073838	-2.7711827455282747
905.0966799188055	-2.7436766996075868
918.2616142790653	-2.712672961144036
931.6180370190256	-2.677947432330314
945.1687334013056	-2.639259854398045
958.9165292011028	-2.5963888735771357
972.8642912954606	-2.549161330290854
987.0149282611097	-2.4974709012878495
1001.3713909810035	-2.441284293526266
1015.9366732596762	-2.3806364884957887
1030.7138124475518	-2.315618895414916
1045.7058900743334	-2.2463651181036886
1060.916032491606	-2.173038530851658
1076.3474115247852	-2.095824555414434
1092.0032451345498	-2.014928991933608
1107.8867980878947	-1.9305823237254165
1124.0013826389438	-1.8430487110053309
1140.350359219667	-1.7526373958637071
1156.9371371406426	-1.659713406606095
1173.765175302013	-1.56470376352812
1190.837982914782	-1.4680949511683772
1208.1591202326028	-1.3704175087407042
1225.73219929421	-1.2722146814508328
1243.5608846766518	-1.1739947635854584
1261.648894259477	-1.0761713737214436
1280.0000000000375	-0.979001716761689
1298.6180287200684	-0.8825374396073273
1317.5068629037087	-0.7866024242475549
1336.6704415071292	-0.6908050032807919
1356.112760779938	-0.5945813556967688
1375.8378750985323	-0.4972580594797516
1395.8498978115715	-0.3981189808968228
1416.153002097749	-0.2964644558972088
1436.7514218360407	-0.19165597417035732
1457.6494524886093	-0.08314450759565728
1478.8514519965543	0.029516032154412786
1500.3618416886875	0.14666702943083043
1522.1851072035295	0.26855144820337423
1544.3257994247153	0.3953247999382714
1566.788535430007	0.5270680867877837
1589.5779994541087	0.6638007786581128
1612.6989438654878	0.8054926200222792
1636.156190157402	0.9520736995764376
1659.9546299533442	1.103442716368694
1684.099226027109	1.2594737191732097
1708.5950133376978	1.4200217789160936
1733.4471000792773	1.5849280859431731
1758.6606687464096	1.7540248605445672
1784.2409772147755	1.9271402463194316
1810.193359837619	2.1041030550213558
1836.5232285581387	2.2847468951027343
1863.2360740380593	2.468912906921536
1890.3374668026197	2.656450172842154
1917.833058402214	2.847213084867902
1945.7285825909298	3.0410558412095905
1974.0298565222283	3.237826193853457
2002.7427819620161	3.4373639490905887
2031.8733465193618	3.639514569913776
2061.4276248951132	3.844173630240794
2091.411780148677	4.051380818158127
2121.832064983222	4.2614758687544
2152.694823049581	4.475301780539832
2184.0064902691106	4.694382231443901
2215.7735961758003	4.920921139380633
2248.002765277899	5.157438763691404
2280.7007184393456	5.405985971481609
2313.874274281297	5.667198029324767
2347.530350604038	5.939725331772506
2381.6759658295764	6.22044328153372
2416.318240465218	6.505315598260129
2451.4643985884327	6.7903775948782
2487.1217693533167	7.072374394927456
2523.2977885189675	7.3489331443349135
2560.0000000000887	7.618403596792639
2597.236057440151	7.879554284610882
2635.0137258074315	8.131253591264924
2673.340883014273	8.372198307857976
2712.225521559891	8.600715546779282
2751.6757501970797	8.81465434906144
2791.699795623158	9.011386063566924
2832.3060041955137	9.187932995434625
2873.502843672097	9.341231374713113
2915.2989049772345	9.468501187509993
2957.7029039931244	9.567647328800657
3000.723683377391	9.63757775872616
3044.370214407075	9.678329654347253
3088.6515988494466	9.690958536700192
3133.57707086003	9.677236805520312
3179.1559989082334	9.639271332198083
3225.3978877309914	9.579154786581121
3272.3123803148205	9.498725990012407
3319.9092599067053	9.39946316087375
3368.198452054235	9.282493822429212
3417.190026675413	9.148683865055858
3466.8942001585724	8.998763264597086
3517.3213374928373	8.833451601340554
3568.4819544295697	8.653557407639525
3620.386719675257	8.460037717757812
3673.0464571162966	8.254015731615008
3726.472148076138	8.03676354765569
3780.6749336052594	7.809662176314777
3835.6661168044484	7.574152379545507
3891.45716518188	7.331688419056544
3948.059713044477	7.083703728370505
4005.4855639240527	6.831593501213258
4063.746693038744	6.576714663944276
4122.855249790247	6.320399469222359
4182.823560297375	6.063975876160139
4243.664129966465	5.8087866265030925
4305.389646099183	5.5561995768236905
4368.012980538242	5.30760420333897
4431.5471923516225	5.064393158359375
4496.00553055582	4.827932524198564
4561.401436878714	4.599527845352915
4627.748548562617	4.38039368127575
4695.060701208099	4.171632871388745
4763.351931659176	3.974228695023758
4832.63648093046	3.7890483168102387
4902.928797176889	3.6168504179567416
4974.243538706657	3.458286629093423
5046.595577037959	3.313886371858241
5120.000000000202	3.1840165178986757
5194.472114880326	3.0688096571565344
5270.027451614888	2.9680572936293226
5346.6817660285715	2.8810688506596263
5424.451043119808	2.806510468951452
5503.351500394186	2.742263478818778
5583.399591246343	2.685368669399212
5664.612008391055	2.6321321752015097
5747.005687344222	2.5784559460910645
5830.597809954497	2.5204030593585127
5915.405807986278	2.454892086177048
6001.447366754812	2.3802924168879507
6088.740428814181	2.2966829559912076
6177.303197698925	2.2057073063071155
6267.154141720092	2.1102010083912166
6358.3119978165005	2.01387127969362
6450.795775462017	1.9212067995534006
6544.624760629676	1.8375675516590575
6639.818519813445	1.7691749105700276
6736.396904108505	1.7226307527210907
6834.380053350861	1.7037546033652615
6933.788400317181	1.7159268219084138
7034.642674985712	1.7585440722872683
7136.963908859177	1.8262854740520158
7240.773439350552	1.909495299836546
7346.092914232631	1.9954137258625213
7452.944296152315	2.069721579326078
7561.349867210557	2.1179935763661195
7671.332233608935	2.126889969698451
7782.914330363799	2.085079165892715
7896.119426088994	1.9839673665361903
8010.971127848146	1.8182531308413146
8127.49338607753	1.5862451872969556
8245.710499580537	1.289894465046073
8365.647120594791	0.9345501292811234
8487.328259932974	0.5285380327043332
8610.77929219841	0.08270724796781881
8736.025961076528	-0.38995170162431103
8863.094384703289	-0.8746269897156291
8992.011061111683	-1.3551166395660932
9122.802873757471	-1.814694924212158
9255.497097125279	-2.2377514234357982
9390.121402416245	-2.6123629259092036
9526.7038633184	-2.933500175414962
9665.272961860968	-3.2059403355382585
9805.857594353829	-3.4454560785169424
9948.487077413367	-3.6769591253857064
10093.19115407597	-3.9292672907059196
10240.000000000457	-4.227612254559537
10388.944229760706	-4.5859321984265105
10540.05490322983	-5.001176965506291
10693.363532057198	-5.451607101744649
10848.902086239672	-5.900185779804252
11006.703000788428	-6.302356251656302
11166.799182492743	-6.615466351444842
11329.224016782166	-6.806205895480885
11494.0113746885	-6.853498739279886
11661.195619909053	-6.746936001379164
11830.811615972614	-6.483247794395945
12002.894733509682	-6.063798892424162
12177.48085762842	-5.495148328000357
12354.606395397908	-4.792843287591925
12534.308283440243	-3.986116782381124
12716.62399563306	-3.119355868902262
12901.591550924093	-2.248383385319116
13089.249521259411	-1.4325786361161856
13279.637039626952	-0.7258485154645842
13472.793808217073	-0.17021700048173005
13668.760106701786	0.20625342910023503
13867.576800634426	0.39329671159061164
14069.285349971487	0.41022099896301256
14273.927817718419	0.3052078655902976
14481.54687870117	0.1332242378311242
14692.18582846533	-0.057674111266313846
14905.888592304698	-0.22687741491429578
15122.699734421185	-0.342654163290806
15342.664467217943	-0.38728487775839804
15565.828660727671	-0.3633271558271897
15792.238852178061	-0.2977455731601696
16021.942255696367	-0.23965993036175182
16254.986772155136	-0.24972971422637313
16491.42099916115	-0.38429129150204067
16731.294241189662	-0.6805095663677028
16974.65651986603	-1.1482006979437165
17221.558584396902	-1.7691736537429492
17472.051922153143	-2.501631991591913
17726.188769406665	-3.288813839087883
17984.022122223458	-4.071556938488739
18245.605747515034	-4.80249835615398
18510.99419425065	-5.455891140985185
18780.242804832582	-6.02595862862428
19053.40772663689	-6.514449823775035
19330.545923722028	-6.925105171014805
19611.71518870775	-7.277862687806394
19896.974154826825	-7.620091651342166
20186.382308152035	-8.009089883726558