20,66.0134500337592
20.2909066987505,66.0026808448353
20.5860447328698,66.0125045144972
20.8854756485483,66.0226645362839
21.1892618871859,66.0331854062223
21.4974667984139,66.0440977320574
21.8101546533052,66.0554355169674
22.1273906577767,66.0672372614957
22.4492409661875,66.0730441617253
22.7757726951339,66.0791662666227
23.1070539374455,66.0857829371373
23.4431537763851,66.0929369159832
23.7841423000544,66.1006728986028
24.1300906160105,66.1090326806107
24.4810708660931,66.118056988761
24.8371562414697,66.1246026340598
25.1984209978975,66.1250442885578
25.5649404712087,66.126118157781
25.9367910930202,66.1278545600171
26.3140504066728,66.1302788463264
26.6967970834007,66.1334170817918
27.0851109387379,66.1372890514834
27.4790729491618,66.1419121237304
27.87876526898,66.1495432622384
28.284271247462,66.1580270274011
28.6956754462201,66.167328710126
29.1130636568438,66.1774503546905
29.5365229187901,66.1883960554992
29.9661415375337,66.16957395502
30.4020091029824,66.1265074926024
30.8442165081589,66.1414587426835
31.2928559681556,66.1596535799193
31.7480210393641,66.1786998372524
32.2098066389852,66.191651707193
32.6783090648221,66.1589409858995
33.1536260153619,66.1377282739502
33.6358566101487,66.1585572866885
34.1251014104538,66.1801491945239
34.6214624402459,66.2024876529426
35.1250432074661,66.2135793036555
35.6359487256137,66.2060808668558
36.1542855356442,66.198827305482
36.680161728187,66.1917990918863
37.213686966086,66.1849743526505
37.7549725072679,66.1799480039356
38.3041312279431,66.1792747965018
38.8612776461444,66.1788325467579
39.4265279456077,66.1786060237783
40.0000000000002,66.178579116485
40.5818133975012,66.1787397613249
41.1720894657399,66.1790749664339
41.7709512970968,66.1795717382316
42.378523774372,66.1788030357005
42.9949335968281,66.1748716662211
43.6203093066106,66.1710031960829
44.2547813155536,66.167187900351
44.8984819323752,66.1634175454496
45.551545390268,66.1553142817378
46.2141078748912,66.1430496316277
46.8863075527704,66.130679175448
47.5682846001092,66.1203455593939
48.2601812320212,66.1111153517945
48.9621417321865,66.1017969863984
49.6743124829397,66.0904184838852
50.3968419957953,66.0765156573386
51.1298809424176,66.0624287384748
51.8735821860408,66.0490285308898
52.6281008133459,66.0355303323806
53.3935941668018,66.0190918013912
54.1702218774761,65.9972161312562
54.958145898324,65.979234854078
55.7575305379604,65.9665620228395
56.5685424949243,65.9536430741275
57.3913508924405,65.9179041682874
58.226127313688,65.8790307466575
59.0730458375805,65.8438241159906
59.9322830750678,65.8161800334918
60.8040182059651,65.7880060993569
61.6884330163182,65.7556566202566
62.5857119363115,65.7026636445749
63.4960420787286,65.6641680210404
64.4196132779708,65.5966544422455
65.3566181296446,65.575970375847
66.3072520307241,65.5427870738521
67.2717132202978,65.4867045475771
68.2502028209081,65.4305896314322
69.2429248804921,65.3575597413739
70.2500864149327,65.3253780620833
71.2718974512278,65.3041794479138
72.3085710712888,65.2179484462964
73.3603234563744,65.1490290205666
74.4273739321725,65.0703600505551
75.5099450145362,65.0241887694389
76.6082624558867,64.9769882106108
77.7225552922893,64.8590042343049
78.8530558912158,64.774313263142
80.0000000000008,64.7074925887955
81.1636267950027,64.6002845715504
82.3441789314802,64.5705684887977
83.541902594194,64.4615629871628
84.7570475487445,64.3677668790425
85.9898671936567,64.27371560143
87.2406186132216,64.1837194963588
88.5095626311076,64.1103135463296
89.7969638647508,63.9896261229755
91.1030907805364,63.8604560016942
92.4282157497829,63.7590525894638
93.7726151055412,63.661061272156
95.1365692002188,63.5995747166844
96.5203624640429,63.4414210790011
97.9242834643736,63.3441413253757
99.3486249658799,63.2465425346259
100.793683991591,63.1214540525585
102.259761884836,63.044241978582
103.747164372082,62.9176491935688
105.256201626692,62.8061048607323
106.787188333604,62.6854180883518
108.340443754953,62.5970938083817
109.916291796649,62.5180751597089
111.515061075921,62.3519339925821
113.137084989849,62.2503016928631
114.782701784881,62.1115570244407
116.452254627376,62.0093359616058
118.146091675161,61.9437484391758
119.864566150136,61.8156139428942
121.608036411931,61.7151300165009
123.376866032637,61.614714636669
125.171423872624,61.4944343803683
126.992084157458,61.4146296681371
128.839226555942,61.2812798683131
130.71323625929,61.1821178157925
132.614504061449,61.090782165143
134.543426440596,61.0383045387481
136.500405641817,60.9855045158607
138.485849760985,60.8578409378018
140.500172829866,60.76143763176
142.543794902456,60.6681369206187
144.617142142578,60.6188642167387
146.72064691275,60.5693968186805
148.854747864346,60.4676017552495
151.019890029073,60.4097429677215
153.216524911774,60.3524867560593
155.445110584579,60.3024744578088
157.706111782432,60.2563275793858
160.000000000002,60.1922223512161
162.327253590006,60.1281955998297
164.688357862961,60.0728609699552
167.083805188389,60.0034206984872
169.51409509749,59.9886354590291
171.979734387314,59.9732275312237
174.481237226444,59.9188061890913
177.019125262216,59.8802809995825
179.593927729503,59.8280173001411
182.206181561074,59.8050383888914
184.856431499567,59.7906807458978
187.545230211083,59.7715469394059
190.273138400438,59.7392572242215
193.040724928087,59.7214519811366
195.848566928748,59.7115097420758
198.697249931761,59.6999289834108
201.587367983183,59.6866375664447
204.519523769672,59.6776089228645
207.494328744165,59.6683429660461
210.512403253386,59.6573317773137
213.574376667209,59.6445540861775
216.680887509907,59.6299975479295
219.832583593298,59.6136609059213
223.030122151844,59.6096820043717
226.274169979699,59.6091617104946
229.565403569764,59.6071887552556
232.904509254754,59.6037935362971
236.292183350324,59.5990128787828
239.729132300273,59.5928868220753
243.216072823863,59.5854574170664
246.753732065275,59.5767655914557
250.342847745248,59.567778084888
253.984168314917,59.5642225172796
257.678453111885,59.5596395642387
261.426472518581,59.5540653295188
265.229008122899,59.5475368849737
269.086852881194,59.5404609958857
273.000811283635,59.5325061214294
276.971699521971,59.5236905858283
281.000345659733,59.5164630490195
285.087589804914,59.5228151501554
289.234284285158,59.5246814271804
293.441293825501,59.5127584036896
297.709495728693,59.5000828996052
302.039780058148,59.4866784380788
306.43304982355,59.4885957702166
310.89022116916,59.4947074624298
315.412223564866,59.488965410616
320.000000000007,59.4827923415155
324.654507180014,59.4693490596918
329.376715725924,59.4546615304835
334.167610376779,59.4399916178968
339.028190194982,59.4427363915781
343.95946877463,59.4354040515742
348.96247445289,59.4141712759621
354.038250524434,59.392989010101
359.187855459007,59.3719967473361
364.412363122149,59.3716711275844
369.712862999135,59.3664111141319
375.090460422169,59.3454125951572
380.546276800879,59.3251686419473
386.081449856175,59.3058145299199
391.697133857498,59.3054356304622
397.394499863524,59.3045704406494
403.174735966368,59.2819319149388
409.039047539347,59.2604743521648
414.988657488332,59.2402400781933
421.024806506773,59.2212421019371
427.148753334421,59.2003810199888
433.361775019815,59.1764512063528
439.665167186598,59.1535414744451
446.06024430369,59.1315711035513
452.548339959401,59.1104471481981
459.130807139531,59.0900687575922
465.809018509511,59.0703361161058
472.584366700651,59.0511555266427
479.458264600549,59.0324500543586
486.432145647728,59.0011382080974
493.507464130553,58.9669121823904
500.685695490499,58.9328163996923
507.968336629836,58.8988662623857
515.356906223774,58.8650992662474
522.852945037164,58.8315808057114
530.458016245801,58.7983940450567
538.17370576239,58.7656423124754
546.001622567272,58.731327368296
553.943399043945,58.6956268618512
562.000691319469,58.6606711696688
570.175179609831,58.6265937173257
578.468568570319,58.5935328102235
586.882587651004,58.5566379487553
595.418991457388,58.5136015178253
604.079560116299,58.471805774489
612.866099647102,58.4367569639196
621.780442338323,58.4042144897858
630.824447129736,58.3733759866403
640.000000000016,58.3309291599124
649.309014360031,58.2846043376811
658.753431451852,58.2586526341961
668.335220753562,58.2347976742134
678.056380389966,58.2075868715791
687.918937549263,58.1594043253114
697.924948905783,58.1237363046041
708.076501048872,58.0952496020536
718.375710918017,58.0777597511609
728.824726244302,58.058924424381
739.425725998274,58.0083392152044
750.18092084434,57.9754400259865
761.092553601761,57.929645391459
772.162899712354,57.9196899309373
783.394267715,57.9153192046828
794.788999727051,57.863607073695
806.34947193274,57.8394356620881
818.078095078697,57.816079827379
829.977314976668,57.8039028284585
842.049613013551,57.8038687281897
854.297506668845,57.7853487828435
866.723550039635,57.7512298553044
879.330334373201,57.7441658354488
892.120488607384,57.7504870618277
905.096679918806,57.7618602459749
918.261614279065,57.7709681963085
931.618037019026,57.7774407997913
945.168733401306,57.7808950452734
958.916529201103,57.8187976473605
972.864291295461,57.8577425556602
987.01492826111,57.8930859406683
1001.371390981,57.924467625569
1015.93667325968,57.9600962934345
1030.71381244755,58.0423632489369
1045.70589007433,58.1194025195894
1060.91603249161,58.1770942909212
1076.34741152479,58.2264985217359
1092.00324513455,58.3048716872378
1107.88679808789,58.3804649818062
1124.00138263894,58.4859349091362
1140.35035921967,58.5538897964588
1156.93713714064,58.6202275081368
1173.76517530201,58.7173641731322
1190.83798291478,58.7788265855428
1208.1591202326,58.8724668171271
1225.73219929421,58.9098399994244
1243.56088467665,58.9961735131408
1261.64889425948,59.0796290032401
1280.00000000004,59.1704787749088
1298.61802872007,59.2280929537406
1317.50686290371,59.2679949343039
1336.67044150713,59.3441650940891
1356.11276077994,59.445619718032
1375.83787509853,59.5132740703506
1395.84989781157,59.5823126852512
1416.15300209775,59.6241500372722
1436.75142183604,59.6786202622855
1457.64945248861,59.7675093306703
1478.85145199655,59.8303349641837
1500.36184168869,59.9608754395438
1522.18510720353,59.9976992168868
1544.32579942472,60.0498723502047
1566.78853543001,60.189878136581
1589.57799945411,60.3070372761493
1612.69894386549,60.4176648833185
1636.1561901574,60.493707809485
1659.95462995334,60.5719526393405
1684.09922602711,60.7617766826064
1708.5950133377,60.8858817533184
1733.44710007928,61.0096249820263
1758.66066874641,61.116039982707
1784.24097721478,61.2401495395701
1810.19335983762,61.4434386918337
1836.52322855814,61.6248276695639
1863.23607403806,61.7812174220432
1890.33746680262,61.8988560188805
1917.83305840221,62.0895386712135
1945.72858259093,62.3092707219567
1974.02985652223,62.5279183923
2002.74278196202,62.7149844577131
2031.87334651936,62.8978797242444
2061.42762489511,63.1729267054139
2091.41178014868,63.3987415349834
2121.83206498322,63.6320594008975
2152.69482304958,63.8506064571789
2184.00649026911,64.1444945467174
2215.7735961758,64.3907571998552
2248.0027652779,64.5559669629871
2280.70071843935,64.8371662235563
2313.8742742813,65.0565591388737
2347.53035060404,65.3072249706615
2381.67596582958,65.4317022373811
2416.31824046522,65.6562466037019
2451.46439858843,65.8839422710607
2487.12176935332,66.0982670902283
2523.29778851897,66.2499960931067
2560.00000000009,66.428836182893
2597.23605744015,66.6051907786471
2635.01372580743,66.754192540973
2673.34088301427,66.8942447546825
2712.22552155989,67.01911526851
2751.67575019708,67.1390327918888
2791.69979562316,67.2443097292418
2832.30600419551,67.3234743993495
2873.5028436721,67.398920859012
2915.29890497723,67.4664964524973
2957.70290399312,67.4821131015355
3000.72368337739,67.4875763760859
3044.37021440708,67.475434032327
3088.65159884945,67.4080676642334
3133.57707086003,67.3258511459731
3179.15599890823,67.2535460815069
3225.39788773099,67.1214765097674
3272.31238031482,66.9423495268337
3319.90925990671,66.7869243344381
3368.19845205424,66.6537654249962
3417.19002667541,66.4919693387605
3466.89420015857,66.2797341266121
3517.32133749284,66.0694578033624
3568.48195442957,65.8832197343136
3620.38671967526,65.6543172380594
3673.0464571163,65.3815328439412
3726.47214807614,65.1100361859594
3780.67493360526,64.9638084088202
3835.66611680445,64.7050949169912
3891.45716518188,64.435899593974
3948.05971304448,64.1726864554783
4005.48556392405,64.0290629068169
4063.74669303874,63.7612153624973
4122.85524979025,63.4883500455305
4182.82356029738,63.3294128591985
4243.66412996647,63.1647292986612
4305.38964609918,62.9205808876245
4368.01298053824,62.728924568565
4431.54719235162,62.5696247512772
4496.00553055582,62.4248136452347
4561.40143687871,62.2153078692196
4627.74854856262,62.0474131840789
4695.0607012081,61.8789942758963
4763.35193165918,61.7284357317264
4832.63648093046,61.617580914516
4902.92879717689,61.425916614054
4974.24353870666,61.2854008071076
5046.59557703796,61.1251471988816
5120.0000000002,61.067962900774
5194.47211488033,60.9684518147771
5270.02745161489,60.8866344758113
5346.68176602857,60.7792785850568
5424.45104311981,60.7356693938042
5503.35150039419,60.7375766232066
5583.39959124634,60.6786427346836
5664.61200839106,60.6526783797983
5747.00568734422,60.6179154518604
5830.5978099545,60.6176127383075
5915.40580798628,60.5710884867838
6001.44736675481,60.4776564317158
6088.74042881418,60.4162971201569
6177.30319769893,60.306392545281
6267.15414172009,60.2485821294844
6358.3119978165,60.1732862767253
6450.79577546202,60.0874386283717
6544.62476062968,60.005441732851
6639.81851981345,59.9576878709355
6736.39690410851,59.9260169245323
6834.38005335086,59.9189064919826
6933.78840031718,59.9435499559392
7034.64267498571,60.0258236067354
7136.96390885918,60.1327343948727
7240.77343935055,60.2570734850763
7346.09291423263,60.4008728656048
7452.94429615232,60.5054445416302
7561.34986721056,60.60773926966
7671.33223360894,60.6829825472458
7782.9143303638,60.7100057940843
7896.11942608899,60.6690260324144
8010.97112784815,60.6719493848374
8127.49338607753,60.5195523914944
8245.71049958054,60.3733870295765
8365.64712059479,60.2368273043714
8487.32825993297,60.0447155935019
8610.77929219841,59.855142647109
8736.02596107653,59.6081645085149
8863.09438470329,59.3678404069693
8992.01106111168,59.1291656408841
9122.80287375747,58.8859062218315
9255.49709712528,58.6306760393749
9390.12140241625,58.354785376492
9526.7038633184,57.9804032279855
9665.27296186097,57.643937053912
9805.85759435383,57.2247256185657
9948.48707741337,56.7868329033609
10093.191154076,56.2686500114733
10240.0000000005,55.6458032529577
10388.9442297607,54.9643054262197
10540.0549032298,54.1834965014352
10693.3635320572,53.3963062605055
10848.9020862397,52.5770173995762
11006.7030007884,51.8433491625486
11166.7991824927,51.2623969094961
11329.2240167822,50.8073096399854
11494.0113746885,50.5362165187741
11661.1956199091,50.4864501018447
11830.8116159726,50.5624439449695
12002.8947335097,50.8363004993769
12177.4808576284,51.2736387930944
12354.6063953979,51.9629979976066
12534.3082834402,52.7083582084668
12716.6239956331,53.5084821243791
12901.5915509241,54.3251666750541
13089.2495212594,55.1142507898893
13279.637039627,55.7586585376651
13472.7938082171,56.2403551151155
13668.7601067018,56.6165302267935
13867.5768006344,56.8685490603807
14069.2853499715,56.9172229943339
14273.9278177184,56.9144050473712
14481.5468787012,56.8759416357067
14692.1858284653,56.8300215305789
14905.8885923047,56.7802934740891
15122.6997344212,56.730451272567
15342.6644672179,56.7093388103977
15565.8286607277,56.7141928119951
15792.2388521781,56.7192345722994
16021.9422556964,56.6711568036729
16254.9867721551,56.5726176354392
16491.4209991612,56.3838437777823
16731.2942411897,56.0441912500797
16974.656519866,55.4596176566468
17221.5585843969,54.7302341159898
17472.0519221531,53.906797759481
17726.1887694067,53.0147542840199
17984.0221222235,52.0042915762314
18245.605747515,51.1474941302467
18510.9941942507,50.4803342800547
18780.2428048326,49.8038759827118
19053.4077266369,49.1709086154361
19330.545923722,48.8955255001235
19611.7151887078,48.6424911021782
19896.9741548268,48.2521638830662
20186.382308152,47.8044244125515
