20	-2.380999673343872
20.290906698750476	-2.380395151168199
20.586044732869844	-2.3797882695774915
20.885475648548283	-2.3791751699762167
21.189261887185914	-2.37855035937724
21.49746679841394	-2.377906911379375
21.810154653305165	-2.377236660433886
22.12739065777668	-2.376530388540824
22.449240966187475	-2.375778003509778
22.77577269513385	-2.374968707966725
23.107053937445478	-2.374091158377341
23.44315377638505	-2.3731336134766114
23.784142300054445	-2.372084071635326
24.130090616010463	-2.3709303968474362
24.481070866093134	-2.3696604331809086
24.837156241469714	-2.3682621076922716
25.1984209978975	-2.366723521956092
25.56494047120865	-2.3650330325009015
25.936791093020236	-2.363179320569205
26.3140504066728	-2.36115145172876
26.69679708340074	-2.358938925953773
27.08511093873791	-2.356531718867332
27.47907294916184	-2.3539203148902477
27.878765268980047	-2.3510957330769884
28.284271247461966	-2.3480495464377835
28.695675446220072	-2.344773895548424
29.11306365684382	-2.341261497237727
29.536522918790062	-2.3375056491186745
29.966141537533712	-2.333500230694943
30.402009102982383	-2.3292397017317423
30.844216508158908	-2.324719098530428
31.29285596815558	-2.3199340286918013
31.74802103936409	-2.314880664894996
32.20980663898519	-2.309555738158511
32.67830906482211	-2.3039565309885246
33.153626015361866	-2.298080870758
33.63585661014871	-2.291927123598989
34.125101410453844	-2.2854941890306844
34.62146244024586	-2.2787814954875523
35.12504320746613	-2.2717889968556504
35.635948725613716	-2.264517170071378
36.15428553564419	-2.2569670137856006
36.68016172818701	-2.249140048047637
37.21368696608603	-2.241038314918256
37.754972507267915	-2.2326643798790293
38.30413122794313	-2.2240213338674355
38.86127764614443	-2.215112795733588
39.4265279456077	-2.2059429148858394
40.000000000000206	-2.19651637386947
40.58181339750116	-2.186838390605855
41.1720894657399	-2.1769147200095866
41.77095129709678	-2.1667516546986545
42.37852377437204	-2.1563560245186153
42.9949335968281	-2.145735194616071
43.62030930661056	-2.1348970618200456
44.25478131555359	-2.1238500491219536
44.89848193237519	-2.112603098085604
45.55154539026795	-2.101165659067315
46.21410787489121	-2.0895476791819574
46.88630755277036	-2.0777595880121638
47.56828460010916	-2.0658122811235105
48.260181232021196	-2.0537171015162796
48.962141732186545	-2.041485819212317
49.674312482939705	-2.0291306092412444
50.39684199579528	-2.016664028351506
51.129880942417586	-2.0040989908260323
51.873582186040764	-1.9914487438274715
52.628100813345895	-1.9787268427316906
53.393594166801776	-1.9659471269286382
54.17022187747612	-1.9531236965748224
54.95814589832399	-1.94027089076991
55.75753053796041	-1.9274032675999775
56.56854249492426	-1.9145355864405476
57.39135089244048	-1.9016827928431184
58.226127313687975	-1.888860006239091
59.073045837580466	-1.8760825105852896
59.932283075067765	-1.8633657479466306
60.804018205965114	-1.8507253148660092
61.68843301631817	-1.838176961211969
62.58571193631152	-1.8257365910252366
63.49604207872855	-1.8134202647105022
64.41961327797075	-1.8012442017456045
65.35661812964459	-1.7892247829126324
66.3072520307241	-1.77737855090085
67.27171322029778	-1.7657222079961739
68.25020282090806	-1.754272609462225
69.2429248804921	-1.7430467511392216
70.25008641493265	-1.7320617497436692
71.27189745122783	-1.72133481434755
72.30857107128878	-1.7108832075529983
73.36032345637442	-1.700724194958644
74.42737393217246	-1.690874981637394
75.50994501453623	-1.681352634511745
76.60826245588666	-1.6721739897202919
77.72255529228926	-1.6633555443155366
78.85305589121582	-1.6549133319153064
80.00000000000082	-1.6468627822441162
81.16362679500274	-1.6392185648422244
82.34417893148023	-1.6319944175837566
83.541902594194	-1.625202961025589
84.75704754874454	-1.6188554999996094
85.98986719365665	-1.6129618142562656
87.24061861322157	-1.6075299403602745
88.50956263110764	-1.6025659474233291
89.79696386475084	-1.5980737096266422
91.10309078053635	-1.594054678831202
92.42821574978288	-1.5905076608885547
93.77261510554118	-1.5874285995427209
95.13656920021877	-1.5848103720471096
96.52036246404286	-1.582642600802021
97.92428346437356	-1.5809114854412216
99.34862496587989	-1.5795996598532471
100.79368399159105	-1.578686078607836
102.25976188483567	-1.5781459371639488
103.74716437208203	-1.5779506300576052
105.25620162669229	-1.578067751000746
106.78718833360406	-1.5784611384626586
108.34044375495276	-1.5790909698512858
109.9162917966485	-1.5799139068619832
111.51506107592134	-1.580883293917345
113.13708498984903	-1.5819494108863912
114.78270178488147	-1.583059780449975
116.45225462737648	-1.584159529579048
118.14609167516147	-1.5851918036232489
119.86456615013608	-1.5860982304815696
121.60803641193078	-1.5868194312596962
123.3768660326369	-1.5872955727279747
125.17142387262359	-1.5874669558005796
126.99208415745765	-1.5872746331838896
128.83922655594208	-1.5866610483164396
130.71323625928977	-1.5855706867725805
132.61450406144883	-1.5839507304574802
134.5434264405962	-1.5817517042140252
136.50040564181674	-1.578928103924911
138.48584976098482	-1.575438994857643
140.50017282986593	-1.571248568896925
142.5437949024563	-1.5663266494654602
144.61714214257822	-1.5606491333738022
146.7206469127495	-1.5541983595791566
148.8547478643456	-1.5469633958806337
151.01989002907314	-1.538940235932725
153.216524911774	-1.530131900606164
155.4451105845792	-1.5205484396389133
157.70611178243232	-1.5102068316584991
160.00000000000236	-1.4991307829647884
162.3272535900062	-1.4873504278711287
164.6883578629612	-1.4749019358320035
167.08380518838874	-1.4618270329499494
169.51409509748981	-1.4481724476628413
171.97973438731407	-1.4339892923764583
174.4812372264439	-1.4193323944461036
177.01912526221608	-1.4042595911573572
179.5939277295025	-1.3888310041596328
182.20618156107355	-1.3731083091367253
184.85643149956664	-1.3571540163480709
187.54523021108326	-1.3410307770567147
190.27313840043846	-1.324800729808891
193.04072492808663	-1.3085248990960723
195.84856692874806	-1.2922626571768423
198.69724993176072	-1.276071257835021
201.58736798318304	-1.2600054486777823
204.5195237696723	-1.244117166307364
207.49432874416505	-1.2284553164012053
210.5124032533856	-1.2130656384687972
213.57437666720915	-1.1979906528706097
216.68088750990657	-1.1832696856272236
219.83258359329807	-1.1689389646480475
223.03012215184378	-1.1550317792946032
226.2741699796992	-1.1415786936840315
229.5654035697641	-1.128607802852549
232.90450925475412	-1.1161450198542404
236.2921833503241	-1.1042143810867509
239.72913230027333	-1.0928383566326512
243.21607282386276	-1.0820381522051628
246.75373206527502	-1.0718339894119455
250.34284774524843	-1.0622453515231616
253.9841683149166	-1.053291182770261
257.67845311188546	-1.0449900304262874
261.42647251858085	-1.0373601205368872
265.22900812289896	-1.0304193601851197
269.08685288119375	-1.0241852615724223
273.0008112836349	-1.0186747859588778
276.97169952197106	-1.0139041085877767
281.00034565973334	-1.0098883090641508
285.0875898049141	-1.0066409951864772
289.23428428515797	-1.0041738718475761
293.44129382550057	-1.0024962702073235
297.7094957286928	-1.0016146557602874
302.0397800581479	-1.001532137023685
306.4330498235497	-1.0022479991901845
310.89022116916016	-1.0037572890536843
315.41222356486645	-1.0060504786502444
320.00000000000654	-1.0091132351937406
324.6545071800142	-1.0129263238749222
329.3767157259242	-1.0174656678078964
334.16761037677935	-1.0227025857611884
339.02819019498156	-1.0286042232618429
343.95946877463007	-1.0351341862314338
348.9624744528898	-1.0422533785944916
354.03825052443415	-1.0499210364652165
359.187855459007	-1.0580959418265943
364.4123631221491	-1.0667377884153673
369.71286299913527	-1.0758086622522782
375.0904604221685	-1.0852745894244507
380.54627680087896	-1.0951070949152684
386.08144985617537	-1.1052847091083537
391.6971338574982	-1.1157943536989288
397.3944998635236	-1.1266325367330903
403.1747359663683	-1.1378062878951531
409.0390475393468	-1.1493337703813593
414.9886574883323	-1.161244514960049
421.0248065067734	-1.173579235114487
427.1487533344206	-1.186389199204946
433.3617750198154	-1.199735155763184
439.6651671865984	-1.2136858303967286
446.06024430368984	-1.2283160360511003
452.54833995940066	-1.2437044609879395
459.13080713953053	-1.2599312190235126
465.8090185095106	-1.2770752625145505
472.58436670065066	-1.295211768584975
479.45826460054917	-1.314409611818728
486.432145647728	-1.3347290313452063
493.50746413055253	-1.3562195869295417
500.6856954904994	-1.3789184782227903
507.9683366298358	-1.4028492754068247
515.3569062237735	-1.4280210803780093
522.8529450371643	-1.4544281079533397
530.4580162458005	-1.4820496489094361
538.1737057623901	-1.5108503531732085
546.0016225672724	-1.5407807537868907
553.9433990439449	-1.571777941306019
562.0006913194694	-1.6037662943299202
570.1751796098309	-1.6366581746099578
578.4685685703187	-1.6703545038924625
586.8825876510039	-1.7047451532997109
595.4189914573883	-1.7397090934478583
604.0795601162986	-1.7751142734165433
612.8660996471021	-1.8108172179341409
621.780442338323	-1.8466623536380473
630.8244471297356	-1.882481096063945
640.0000000000159	-1.9180907483345377
649.3090143600314	-1.953293279775028
658.7534314518515	-1.9878740675173805
668.3352207535618	-2.021600696446926
678.0563803899662	-2.0542219227284506
687.9189375492632	-2.085466914019756
697.9249489057827	-2.115044885972964
708.0765010488715	-2.142645260549279
718.3757109180171	-2.167938477897911
728.8247262443015	-2.190577600791104
739.425725998274	-2.210200859133925
750.1809208443404	-2.226435291301497
761.0925536017613	-2.238901647076305
772.1628997123541	-2.247220719945792
783.3942677149998	-2.2510212682305877
794.7889997270506	-2.249949655905712
806.34947193274	-2.243681283200747
818.0780950786972	-2.2319337700511865
829.9773149766683	-2.214481687441725
842.0496130135506	-2.191172389917721
854.2975066688449	-2.1619421808028623
866.7235500396347	-2.1268316465204773
879.3303343732008	-2.0859985555906864
892.1204886073838	-2.0397262900027506
905.0966799188055	-1.9884254605777092
918.2616142790653	-1.9326262969222514
931.6180370190256	-1.8729597750245381
945.1687334013056	-1.8101264291646784
958.9165292011028	-1.7448534912333051
972.8642912954606	-1.6778433204066043
987.0149282611097	-1.6097186317960812
1001.3713909810035	-1.540972070772657
1015.9366732596762	-1.4719283193759771
1030.7138124475518	-1.4027255257874294
1045.7058900743334	-1.3333194890498334
1060.916032491606	-1.2635096307747389
1076.3474115247852	-1.192981733087115
1092.0032451345498	-1.1213598856811544
1107.8867980878947	-1.0482595059709827
1124.0013826389438	-0.9733343699416168
1140.350359219667	-0.896312616590665
1156.9371371406426	-0.8170189669257105
1173.765175302013	-0.7353824586470669
1190.837982914782	-0.651430630409835
1208.1591202326028	-0.5652722710741919
1225.73219929421	-0.47707164225354975
1243.5608846766518	-0.3870175584093554
1261.648894259477	-0.2952909057094367
1280.0000000000375	-0.2020340943683723
1298.6180287200684	-0.10732554241155454
1317.5068629037087	-0.01116157258472289
1336.6704415071292	0.08655288157767124
1356.112760779938	0.1860044930878518
1375.8378750985323	0.2874635063825669
1395.8498978115715	0.391269150691808
1416.153002097749	0.49781074471110925
1436.7514218360407	0.6075069064902905
1457.6494524886093	0.7207851236523222
1478.8514519965543	0.8380635395525386
1500.3618416886875	0.9597362766520576
1522.1851072035295	1.086163047382262
1544.3257994247153	1.2176632714404299
1566.788535430007	1.354514475958748
1589.5779994541087	1.4969544242780561
1612.6989438654878	1.6451862013753549
1636.156190157402	1.79938536500298
1659.9546299533442	1.9597082278190696
1684.099226027109	2.1263003406276275
1708.5950133376978	2.2993042757761115
1733.4471000792773	2.4788658444144565
1758.6606687464096	2.665137912370297
1784.2409772147755	2.858281008134561
1810.193359837619	3.05845995506654
1836.5232285581387	3.265835830318588
1863.2360740380593	3.480552684014148
1890.3374668026197	3.7027186751852623
1917.833058402214	3.9323816230940225
1945.7285825909298	4.16949944862174
1974.0298565222283	4.413906583584701
2002.7427819620161	4.665278119418278
2031.8733465193618	4.923094179604798
2061.4276248951132	5.186607629783811
2091.411780148677	5.454818663612201
2121.832064983222	5.726459901675717
2152.694823049581	5.999995326327219
2184.0064902691106	6.273635616331593
2215.7735961758003	6.545371285530682
2248.002765277899	6.8130235866910365
2280.7007184393456	7.074311584269229
2313.874274281297	7.326932312720837
2347.530350604038	7.568649680949409
2381.6759658295764	7.797386863311332
2416.318240465218	8.011316366050004
2451.4643985884327	8.208941739606951
2487.1217693533167	8.389164940598857
2523.2977885189675	8.551333544950209
2560.0000000000887	8.695262338194325
2597.236057440151	8.821224338077771
2635.0137258074315	8.929907286340837
2673.340883014273	9.022333508044788
2712.225521559891	9.099744294052007
2751.6757501970797	9.1634549748546
2791.699795623158	9.214693420228222
2832.3060041955137	9.254441621649889
2873.502843672097	9.283304952936255
2915.2989049772345	9.301433727982685
2957.7029039931244	9.30851467002596
3000.723683377391	9.303836296936337
3044.370214407075	9.286415722183824
3088.6515988494466	9.255160701600829
3133.57707086003	9.209034813586552
3179.1559989082334	9.147196977992683
3225.3978877309914	9.069096826093148
3272.3123803148205	8.97452029447502
3319.9092599067053	8.863590934179541
3368.198452054235	8.736739227455452
3417.190026675413	8.59465419413948
3466.8942001585724	8.43822979252639
3517.3213374928373	8.268514792222536
3568.4819544295697	8.086670566348465
3620.386719675257	7.893937771407448
3673.0464571162966	7.691610696374199
3726.472148076138	7.481017184546289
3780.6749336052594	7.263502144846655
3835.6661168044484	7.040413328303293
3891.45716518188	6.813088835262021
3948.059713044477	6.582846439838035
4005.4855639240527	6.350975115295282
4063.746693038744	6.118729104259499
4122.855249790247	5.887324600888232
4182.823560297375	5.657938757746492
4243.664129966465	5.4317104511280725
4305.389646099183	5.20974212566005
4368.012980538242	4.993102093066655
4431.5471923516225	4.782826792596136
4496.00553055582	4.579922578656459
4561.401436878714	4.38536642289847
4627.748548562617	4.200104414539924
4695.060701208099	4.025046155796842
4763.351931659176	3.861052252930264
4832.63648093046	3.708911381477292
4902.928797176889	3.5693032215471208
4974.243538706657	3.4427442823230185
5046.595577037959	3.3295155110974703
5120.000000000202	3.2295736799495383
5194.472114880326	3.1424528018115914
5270.027451614888	3.067167109871913
5346.6817660285715	3.002133120043691
5424.451043119808	2.9451340916983293
5503.351500394186	2.893353790850625
5583.399591246343	2.843504616451658
5664.612008391055	2.792064500662378
5747.005687344222	2.735616069817771
5830.597809954497	2.671253134821234
5915.405807986278	2.596992487461764
6001.447366754812	2.5121168379331587
6088.740428814181	2.4173886056590015
6177.303197698925	2.315111963086768
6267.154141720092	2.2090622683921226
6358.3119978165005	2.104320855212195
6450.795775462017	2.007034745074065
6544.624760629676	1.9240766350202816
6639.818519813445	1.8625441727952914
6736.396904108505	1.8290467322435973
6834.380053350861	1.8287993656483352
6933.788400317181	1.8646547374758364
7034.642674985712	1.9362962927096132
7136.963908859177	2.0398277886058382
7240.773439350552	2.167905043583723
7346.092914232631	2.3104069558408753
7452.944296152315	2.4555100938737793
7561.349867210557	2.590969333754965
7671.332233608935	2.705420632499523
7782.914330363799	2.7895778310159405
7896.119426088994	2.8372505711265994
8010.971127848146	2.8461333832071354
8127.49338607753	2.818294965068814
8245.710499580537	2.7602329755291946
8365.647120594791	2.682262552775515
8487.328259932974	2.59690888921246
8610.77929219841	2.515965460628964
8736.025961076528	2.4461392223598053
8863.094384703289	2.3839692312746985
8992.011061111683	2.3120562426278624
9122.802873757471	2.1999830720682185
9255.497097125279	2.0127840277124633
9390.121402416245	1.7251941366162615
9526.7038633184	1.3329489507605141
9665.272961860968	0.8518195280772656
9805.857594353829	0.3053095598089788
9948.487077413367	-0.28853489139499505
10093.19115407597	-0.9225703980619663
10240.000000000457	-1.5973806190319766
10388.944229760706	-2.3136167388841975
10540.05490322983	-3.0645430506541245
10693.363532057198	-3.8317726369080556
10848.902086239672	-4.585134773791609
11006.703000788428	-5.2860151197640395
11166.799182492743	-5.892568809585263
11329.224016782166	-6.36500633594688
11494.0113746885	-6.669664010302458
11661.195619909053	-6.781540674965055
11830.811615972614	-6.68592677627218
12002.894733509682	-6.380157737290206
12177.48085762842	-5.876108529715811
12354.606395397908	-5.202903765323614
12534.308283440243	-4.408030414776636
12716.62399563306	-3.554610859852645
12901.591550924093	-2.7137992750311892
13089.249521259411	-1.9536908161539257
13279.637039626952	-1.3282204100511583
13472.793808217073	-0.8697010596801598
13668.760106701786	-0.5867990784104846
13867.576800634426	-0.46738519331934747
14069.285349971487	-0.4843059845057746
14273.927817718419	-0.6018936601777108
14481.54687870117	-0.7815767598573184
14692.18582846533	-0.9860691696585652
14905.888592304698	-1.1827773781206987
15122.699734421185	-1.347323974300423
15342.664467217943	-1.4673568526945275
15565.828660727671	-1.545982900418201
15792.238852178061	-1.6036120432122238
16021.942255696367	-1.6767367036716554
16254.986772155136	-1.8125195937126475
16491.42099916115	-2.0592852087872977
16731.294241189662	-2.4548497718558053
16974.65651986603	-3.0161480967354386
17221.558584396902	-3.733660131160528
17472.051922153143	-4.572667870919549
17726.188769406665	-5.481263583490483
17984.022122223458	-6.4027265313790505
18245.605747515034	-7.28775932318316
18510.99419425065	-8.101348922797625
18780.242804832582	-8.821747305423495
19053.40772663689	-9.435442620911486
19330.545923722028	-9.936525667973342
19611.71518870775	-10.333407936577377
19896.974154826825	-10.65394725380896
20186.382308152035	-10.937834553185562