20	3.1866960967315854
20.290906698750476	3.1839046845643786
20.586044732869844	3.18106844474987
20.885475648548283	3.178183502585184
21.189261887185914	3.175245224506485
21.49746679841394	3.1722485165668752
21.810154653305165	3.1691880896851057
22.12739065777668	3.166058692297522
22.449240966187475	3.162855311470305
22.77577269513385	3.159573343853645
23.107053937445478	3.1562087380900676
23.44315377638505	3.1527581104345175
23.784142300054445	3.1492188354174147
24.130090616010463	3.1455891133828935
24.481070866093134	3.1418680166592194
24.837156241469714	3.138055515964668
25.1984209978975	3.134152488464855
25.56494047120865	3.1301607087226424
25.936791093020236	3.1260828236685247
26.3140504066728	3.12192231267609
26.69679708340074	3.117683433845277
27.08511093873791	3.1133711576361645
27.47907294916184	3.108991089045402
27.878765268980047	3.1045493795792742
28.284271247461966	3.100052630341021
28.695675446220072	3.0955077876076853
29.11306365684382	3.0909220323306172
29.536522918790062	3.0863026650480974
29.966141537533712	3.081656987725501
30.402009102982383	3.0769921840017775
30.844216508158908	3.07231519922925
31.29285596815558	3.0676326215537224
31.74802103936409	3.062950565119655
32.20980663898519	3.0582745563253964
32.67830906482211	3.05360942389946
33.153626015361866	3.0489591934272244
33.63585661014871	3.0443269868093
34.125101410453844	3.039714926971855
34.62146244024586	3.0351240479742576
35.12504320746613	3.0305542104822982
35.635948725613716	3.0260040224237894
36.15428553564419	3.0214707645371615
36.68016172818701	3.016950320467999
37.21368696608603	3.012437111046734
37.754972507267915	3.0079240323810623
38.30413122794313	3.0034023974199044
38.86127764614443	2.9988618806993124
39.4265279456077	2.994290466075693
40.000000000000206	2.9896743973856443
40.58181339750116	2.9849981321383146
41.1720894657399	2.980244298546227
41.77095129709678	2.9753936564175723
42.37852377437204	2.9704250626455404
42.9949335968281	2.9653154422058945
43.62030930661056	2.960039765709765
44.25478131555359	2.954571034646707
44.89848193237519	2.9488802754880736
45.55154539026795	2.9429365437986945
46.21410787489121	2.9367069394172582
46.88630755277036	2.9301566336163916
47.56828460010916	2.923248908952762
48.260181232021196	2.915945212283665
48.962141732186545	2.908205221170232
49.674312482939705	2.899986923635791
50.39684199579528	2.8912467110381055
51.129880942417586	2.8819394836699614
51.873582186040764	2.8720187686204603
52.628100813345895	2.86143684938927
53.393594166801776	2.8501449067095184
54.17022187747612	2.8380931699703646
54.95814589832399	2.8252310785268455
55.75753053796041	2.811507452040549
56.56854249492426	2.7968706688173093
57.39135089244048	2.7812688508898153
58.226127313687975	2.7646500543351777
59.073045837580466	2.7469624630618825
59.932283075067765	2.7281545841803716
60.804018205965114	2.7081754431765237
61.68843301631817	2.6869747774649655
62.58571193631152	2.664503227481303
63.49604207872855	2.6407125251633277
64.41961327797075	2.6155556804018802
65.35661812964459	2.588987166790834
66.3072520307241	2.5609631087359404
67.27171322029778	2.531441472553887
68.25020282090806	2.500382264502795
69.2429248804921	2.467747738687842
70.25008641493265	2.433502617480244
71.27189745122783	2.397614326583316
72.30857107128878	2.3600532462636443
73.36032345637442	2.320792979571787
74.42737393217246	2.279810637630553
75.50994501453623	2.237087141301118
76.60826245588666	2.1926075377715564
77.72255529228926	2.146361329873032
78.85305589121582	2.098342815227955
80.00000000000082	2.048551431659513
81.16362679500274	1.9969921046521342
82.34417893148023	1.9436755920845545
83.541902594194	1.8886188209874073
84.75704754874454	1.8318452107203282
85.98986719365665	1.7733849767420664
87.24061861322157	1.7132754090741082
88.50956263110764	1.6515611196423046
89.79696386475084	1.5882942528994803
91.10309078053635	1.523534654458484
92.42821574978288	1.4573499928754121
93.77261510554118	1.3898158301981023
95.13656920021877	1.3210156374193642
96.52036246404286	1.2510407514969755
97.92428346437356	1.1799902711015877
99.34862496587989	1.1079708887249993
100.79368399159105	1.0350966572394753
102.25976188483567	0.9614886894684471
103.74716437208203	0.8872747898147026
105.25620162669229	0.8125890174987846
106.78718833360406	0.7375711814860066
108.34044375495276	0.6623662677263362
109.9162917966485	0.5871237999047001
111.51506107592134	0.5119971354907542
113.13708498984903	0.4371426994527299
114.78270178488147	0.3627191585401668
116.45225462737648	0.28888653955043675
118.14609167516147	0.2158052955005756
119.86456615013608	0.14363532419297842
121.60803641193078	0.07253494433400309
123.3768660326369	0.0026598351494955264
125.17142387262359	-0.06583805365186346
126.99208415745765	-0.13281161368218486
128.83922655594208	-0.19811970239801324
130.71323625928977	-0.2616282700167907
132.61450406144883	-0.32321147708329656
134.5434264405962	-0.38275278936221846
136.50040564181674	-0.4401460350067816
138.48584976098482	-0.49529640714364187
140.50017282986593	-0.5481213931931352
142.5437949024563	-0.5985516105231163
144.61714214257822	-0.6465315265796767
146.7206469127495	-0.6920200406595518
148.8547478643456	-0.7349909042064444
151.01989002907314	-0.7754329571432255
153.216524911774	-0.8133501596925832
155.4451105845792	-0.8487614029292567
157.70611178243232	-0.881700087020407
160.00000000000236	-0.9122134630624106
162.3272535900062	-0.9403617425103727
164.6883578629612	-0.9662169877258842
167.08380518838874	-0.989861807794242
169.51409509748981	-1.011387893643715
171.97973438731407	-1.0308944342211137
174.4812372264439	-1.0484864606362607
177.01912526221608	-1.0642731680775035
179.5939277295025	-1.0783662658120918
182.20618156107355	-1.090878402551437
184.85643149956664	-1.101921708056811
187.54523021108326	-1.1116064841100188
190.27313840043846	-1.12004006976883
193.04072492808663	-1.1273258969603153
195.84856692874806	-1.1335627430405733
198.69724993176072	-1.1388441779957956
201.58736798318304	-1.1432581967875826
204.5195237696723	-1.146887022634149
207.49432874416505	-1.1498070644450413
210.5124032533856	-1.1520890102299854
213.57437666720915	-1.1537980381519382
216.68088750990657	-1.1549941280252545
219.83258359329807	-1.155732457996208
223.03012215184378	-1.1560638730616366
226.2741699796992	-1.1560354134520097
229.5654035697641	-1.1556908911955097
232.90450925475412	-1.1550715023550862
236.2921833503241	-1.154216461448239
239.72913230027333	-1.1531636436431294
243.21607282386276	-1.1519502190618027
246.75373206527502	-1.1506132618494649
250.34284774524843	-1.1491903152950478
253.9841683149166	-1.1477198934310429
257.67845311188546	-1.1462418990704455
261.42647251858085	-1.144797938189725
265.22900812289896	-1.1434315112481381
269.08685288119375	-1.1421880636470463
273.0008112836349	-1.1411148802076214
276.97169952197106	-1.1402608123085418
281.00034565973334	-1.1396758310090702
285.0875898049141	-1.1394104050338247
289.23428428515797	-1.1395147089187243
293.44129382550057	-1.1400376737894438
297.7094957286928	-1.1410259009892416
302.0397800581479	-1.142522466966198
306.4330498235497	-1.1445656562534787
310.89022116916016	-1.1471876676408526
315.41222356486645	-1.150413346226054
320.00000000000654	-1.1542590005787077
324.6545071800142	-1.158731369375411
329.3767157259242	-1.1638268051295309
334.16761037677935	-1.1695307434391733
339.02819019498156	-1.1758175239491853
343.95946877463007	-1.1826506233989211
348.9624744528898	-1.189983351324109
354.03825052443415	-1.1977600450685666
359.187855459007	-1.2059177827199041
364.4123631221491	-1.214388610544775
369.71286299913527	-1.2231022556480693
375.0904604221685	-1.2319892652362086
380.54627680087896	-1.2409844822121903
386.08144985617537	-1.2500307347519797
391.6971338574982	-1.259082586777868
397.3944998635236	-1.268109967995503
403.1747359663683	-1.2771014792236954
409.0390475393468	-1.2860671558074779
414.9886574883323	-1.2950404719396034
421.0248065067734	-1.3040793804562993
427.1487533344206	-1.3132662087258309
433.3617750198154	-1.3227062785540329
439.6651671865984	-1.3325251900461152
446.06024430368984	-1.3428648009450987
452.54833995940066	-1.3538780414620737
459.13080713953053	-1.365722826773366
465.8090185095106	-1.3785554538839495
472.58436670065066	-1.3925239746988756
479.45826460054917	-1.4077620946006024
486.432145647728	-1.4243841287515961
493.50746413055253	-1.442481444727116
500.6856954904994	-1.4621206415551695
507.9683366298358	-1.483343491880313
515.3569062237735	-1.506168449188415
522.8529450371643	-1.530593342698273
530.4580162458005	-1.5565987799134198
538.1737057623901	-1.5841517539132335
546.0016225672724	-1.613208992196076
553.9433990439449	-1.6437196635131601
562.0006913194694	-1.6756271591447345
570.1751796098309	-1.708869769888428
578.4685685703187	-1.7433801798850512
586.8825876510039	-1.7790837895110858
595.4189914573883	-1.8158959624289701
604.0795601162986	-1.8537183699937991
612.8660996471021	-1.8924346837449602
621.780442338323	-1.931905946309126
630.8244471297356	-1.9719660321213373
640.0000000000159	-2.012417687755864
649.3090143600314	-2.0530297081929234
658.7534314518515	-2.0935358468587166
668.3352207535618	-2.133636055495037
678.0563803899662	-2.17300058179296
687.9189375492632	-2.211277292408504
697.9249489057827	-2.2481023137144405
708.0765010488715	-2.2831136842958575
718.3757109180171	-2.3159672119286414
728.8247262443015	-2.3463531825064625
739.425725998274	-2.374012083483294
750.1809208443404	-2.398747219363642
761.0925536017613	-2.420432149054852
772.1628997123541	-2.4390113401875793
783.3942677149998	-2.4544932766648886
794.7889997270506	-2.4669363153513175
806.34947193274	-2.4764286409504837
818.0780950786972	-2.4830645067518735
829.9773149766683	-2.4869194511513415
842.0496130135506	-2.488027329893768
854.2975066688449	-2.48636186420466
866.7235500396347	-2.4818250552167243
879.3303343732008	-2.4742442953406103
892.1204886073838	-2.4633792922138418
905.0966799188055	-2.4489389400958723
918.2616142790653	-2.430606967335698
931.6180370190256	-2.4080736083805645
945.1687334013056	-2.3810689793034383
958.9165292011028	-2.349392835970067
972.8642912954606	-2.3129356084644757
987.0149282611097	-2.2716873399475865
1001.3713909810035	-2.2257340108643464
1015.9366732596762	-2.17524367876464
1030.7138124475518	-2.1204468506103815
1045.7058900743334	-2.0616160289569994
1060.916032491606	-1.9990486272276042
1076.3474115247852	-1.9330559979200015
1092.0032451345498	-1.8639597043643081
1107.8867980878947	-1.7920947135161511
1124.0013826389438	-1.7178179955805224
1140.350359219667	-1.6415200540640071
1156.9371371406426	-1.5636361123340925
1173.765175302013	-1.484653032647462
1190.837982914782	-1.405107638166894
1208.1591202326028	-1.3255722210072198
1225.73219929421	-1.2466241304471657
1243.5608846766518	-1.1687990385722133
1261.648894259477	-1.0925321007718822
1280.0000000000375	-1.0180970502505589
1298.6180287200684	-0.9455578226937631
1317.5068629037087	-0.8747470472771831
1336.6704415071292	-0.8052788832240256
1356.112760779938	-0.7365929548279064
1375.8378750985323	-0.6680173568567802
1395.8498978115715	-0.5988359053742248
1416.153002097749	-0.528347584041061
1436.7514218360407	-0.45591139023795507
1457.6494524886093	-0.3809747153859921
1478.8514519965543	-0.3030867353869191
1500.3618416886875	-0.22189997789879579
1522.1851072035295	-0.13716369905206494
1544.3257994247153	-0.04871241720053543
1566.788535430007	0.04354770670935515
1589.5779994541087	0.13965272430156128
1612.6989438654878	0.2395938148709118
1636.156190157402	0.34332872776765666
1659.9546299533442	0.45079172625293995
1684.099226027109	0.5619023566425798
1708.5950133376978	0.6765735553023537
1733.4471000792773	0.7947196410662285
1758.6606687464096	0.9162646339486136
1784.2409772147755	1.0411511057582272
1810.193359837619	1.169349425542375
1836.5232285581387	1.3008668377907937
1863.2360740380593	1.4357553294100702
1890.3374668026197	1.5741167673188352
1917.833058402214	1.716103435168852
1945.7285825909298	1.8619120158137807
1974.0298565222283	2.0117694334910876
2002.7427819620161	2.165909937096994
2031.8733465193618	2.3245443820753535
2061.4276248951132	2.487824630886819
2091.411780148677	2.6558078882532383
2121.832064983222	2.828427015352368
2152.694823049581	3.0054728316610753
2184.0064902691106	3.1865927778538614
2215.7735961758003	3.3713073408339147
2248.002765277899	3.5590421401931236
2280.7007184393456	3.749170503385132
2313.874274281297	3.941059428597762
2347.530350604038	4.134111342267715
2381.6759658295764	4.327794787973216
2416.318240465218	4.521658547897716
2451.4643985884327	4.715325186989122
2487.1217693533167	4.9084614717103285
2523.2977885189675	5.100724635336608
2560.0000000000887	5.291685204497116
2597.236057440151	5.480729648981967
2635.0137258074315	5.666950105430452
2673.340883014273	5.8490341293320665
2712.225521559891	6.02517466161394
2751.6757501970797	6.193028192858286
2791.699795623158	6.349754607808318
2832.3060041955137	6.4921698421360805
2873.502843672097	6.617025208158092
2915.2989049772345	6.721390441938212
2957.7029039931244	6.803066975873445
3000.723683377391	6.860917401414248
3044.370214407075	6.895001156585868
3088.6515988494466	6.906469633879951
3133.57707086003	6.897264929747225
3179.1559989082334	6.869729711525393
3225.3978877309914	6.826241294711224
3272.3123803148205	6.768944838625327
3319.9092599067053	6.699610872200708
3368.198452054235	6.619604258211247
3417.190026675413	6.529932215226804
3466.8942001585724	6.431335038148278
3517.3213374928373	6.324388552667539
3568.4819544295697	6.209596544449775
3620.386719675257	6.0874609253621035
3673.0464571162966	5.95852565914935
3726.472148076138	5.8233966444691365
3780.6749336052594	5.682743268948878
3835.6661168044484	5.5372884008163545
3891.45716518188	5.387793195538423
3948.059713044477	5.235042045295618
4005.4855639240527	5.079831429888793
4063.746693038744	4.9229643479397
4122.855249790247	4.765249886985904
4182.823560297375	4.607505941343354
4243.664129966465	4.45056252002484
4305.389646099183	4.295263357380279
4368.012980538242	4.142464328841857
4431.5471923516225	3.9930285573688904
4496.00553055582	3.8478198452977326
4561.401436878714	3.7076969192241105
4627.748548562617	3.573510336510788
4695.060701208099	3.446102749472911
4763.351931659176	3.32631208239765
4832.63648093046	3.2149749676744905
4902.928797176889	3.11292469499226
4974.243538706657	3.0209762031137677
5046.595577037959	2.939891149575245
5120.000000000202	2.8703175446397777
5194.472114880326	2.8126999781748077
5270.027451614888	2.767158033629666
5346.6817660285715	2.7333342189168763
5424.451043119808	2.710225262099716
5503.351500394186	2.6960361865385036
5583.399591246343	2.688122690699406
5664.612008391055	2.6830970584649836
5747.005687344222	2.6771600480166264
5830.597809954497	2.6666686059340075
5915.405807986278	2.6488333150246497
6001.447366754812	2.622317272586073
6088.740428814181	2.5874986805090967
6177.303197698925	2.546330197031787
6267.154141720092	2.5019705895659476
6358.3119978165005	2.458469134853596
6450.795775462017	2.4206803300107294
6544.624760629676	2.394358947372511
6639.818519813445	2.386155632383698
6736.396904108505	2.4031418141525966
6834.380053350861	2.4516528863711886
6933.788400317181	2.5356375371326214
7034.642674985712	2.6551192411440723
7136.963908859177	2.8054679110723493
7240.773439350552	2.9777869273075135
7346.092914232631	3.1601460417354774
7452.944296152315	3.3391245576339093
7561.349867210557	3.5012569758896164
7671.332233608935	3.634207647884124
7782.914330363799	3.72766213219451
7896.119426088994	3.7740044626206926
8010.971127848146	3.768788853790264
8127.49338607753	3.710931846554896
8245.710499580537	3.6025606234265872
8365.647120594791	3.448510364917979
8487.328259932974	3.255554267554006
8610.77929219841	3.0315077368775394
8736.025961076528	2.784332871360014
8863.094384703289	2.5213075614740093
8992.011061111683	2.2482433517221554
9122.802873757471	1.9686838842005105
9255.497097125279	1.6830634284912724
9390.121402416245	1.387897333815668
9526.7038633184	1.0751987340304567
9665.272961860968	0.7324085947503414
9805.857594353829	0.3432141271656096
9948.487077413367	-0.11032389180252716
10093.19115407597	-0.6441262770868978
10240.000000000457	-1.2672971075031947
10388.944229760706	-1.9771234094913135
10540.05490322983	-2.7553131920103384
10693.363532057198	-3.56722834522722
10848.902086239672	-4.365409031716686
11006.703000788428	-5.097038620767993
11166.799182492743	-5.712938713335733
11329.224016782166	-6.1746826091199045
11494.0113746885	-6.4573728691987995
11661.195619909053	-6.5481642928795205
11830.811615972614	-6.442936326086255
12002.894733509682	-6.14395831289593
12177.48085762842	-5.660456160196025
12354.606395397908	-5.012189322688119
12534.308283440243	-4.233742329685631
12716.62399563306	-3.3754994872136774
12901.591550924093	-2.499429353424907
13089.249521259411	-1.670621453901565
13279.637039626952	-0.9470952937695261
13472.793808217073	-0.370669365802955
13668.760106701786	0.038902841942336897
13867.576800634426	0.2849979823122766
14069.285349971487	0.3900474017838915
14273.927817718419	0.38803711873425223
14481.54687870117	0.31737838389813144
14692.18582846533	0.2165581508514163
14905.888592304698	0.120444869168735
15122.699734421185	0.054662890607824345
15342.664467217943	0.029407431440440848
15565.828660727671	0.03468008729744535
15792.238852178061	0.03892336133855561
16021.942255696367	-0.006410450574855842
16254.986772155136	-0.1559911049030958
16491.42099916115	-0.4568199763958998
16731.294241189662	-0.9364130679237874
16974.65651986603	-1.5969205168846656
17221.558584396902	-2.415291621741707
17472.051922153143	-3.347292160040208
17726.188769406665	-4.3351473524499164
17984.022122223458	-5.318920455156894
18245.605747515034	-6.249488770310527
18510.99419425065	-7.09710005270884
18780.242804832582	-7.848456581477901
19053.40772663689	-8.493239425407332
19330.545923722028	-9.018440750304471
19611.71518870775	-9.424393934289085
19896.974154826825	-9.740644838272658
20186.382308152035	-10.015200098772457