20,0.417692419018027
20.2909066987505,0.402666547063248
20.5860447328698,0.387649160598416
20.8854756485483,0.372653183481583
21.1892618871859,0.357695890446943
21.4974667984139,0.342798952837837
21.8101546533052,0.32798882187033
22.1273906577767,0.313296798080371
22.4492409661875,0.298758749708163
22.7757726951339,0.284414297682815
23.1070539374455,0.270304935013136
23.4431537763851,0.256471317209618
23.7841423000544,0.242952254124048
24.1300906160105,0.22978520189069
24.4810708660931,0.217006890988952
24.8371562414697,0.204653626951461
25.1984209978975,0.192761140491118
25.5649404712087,0.181363621597483
25.9367910930202,0.170491524991339
26.3140504066728,0.160169997552175
26.6967970834007,0.150419176821561
27.0851109387379,0.141255361084501
27.4790729491618,0.132692060680396
27.87876526898,0.124740817458394
28.284271247462,0.117411459892247
28.6956754462201,0.110711230819636
29.1130636568438,0.104642951647359
29.5365229187901,0.0992042744305111
29.9661415375337,0.0943886936702811
30.4020091029824,0.0901869749234239
30.8442165081589,0.0865883044993194
31.2928559681556,0.0835811794961687
31.7480210393641,0.0811534107670928
32.2098066389852,0.0792909395491668
32.6783090648221,0.0779766871397394
33.1536260153619,0.0771907867027162
33.6358566101487,0.0769119267939264
34.1251014104538,0.0771188029035441
34.6214624402459,0.0777910680230791
35.1250432074661,0.0789096041618613
35.6359487256137,0.0804561589002275
36.1542855356442,0.0824126942601633
36.680161728187,0.0847607938045973
37.213686966086,0.0874820705698443
37.7549725072679,0.0905593393519002
38.3041312279431,0.093977437631835
38.8612776461444,0.0977229265182245
39.4265279456077,0.101782932145486
40.0000000000002,0.106144075813595
40.5818133975012,0.110792610017598
41.1720894657399,0.115715651339248
41.7709512970968,0.120902405536784
42.378523774372,0.126344722338773
42.9949335968281,0.132036293027159
43.6203093066106,0.13797037374746
44.2547813155536,0.144138615196712
44.8984819323752,0.150531730885333
45.551545390268,0.15714087378345
46.2141078748912,0.163958755467306
46.8863075527704,0.170980174490002
47.5682846001092,0.178200959217616
48.2601812320212,0.185615576176254
48.9621417321865,0.193216549364931
49.6743124829397,0.200995612052915
50.3968419957953,0.208945019839352
51.1298809424176,0.217057857615719
51.8735821860408,0.225326906362051
52.6281008133459,0.233743131018047
53.3935941668018,0.242295534813402
54.1702218774761,0.250972332087643
54.958145898324,0.25976216429511
55.7575305379604,0.268654488817475
56.5685424949243,0.277638509577197
57.3913508924405,0.286701809176218
58.226127313688,0.295830397641964
59.0730458375805,0.305009901756582
59.9322830750678,0.314226870885054
60.8040182059651,0.32346877651414
61.6884330163182,0.332721763867
62.5857119363115,0.341969093638952
63.4960420787286,0.351192673351377
64.4196132779708,0.360374551121414
65.3566181296446,0.369496781817567
66.3072520307241,0.37854036613907
67.2717132202978,0.38748469454314
68.2502028209081,0.396308313304498
69.2429248804921,0.404990063391076
70.2500864149327,0.4135090819512
71.2718974512278,0.421843513233831
72.3085710712888,0.429969771037529
73.3603234563744,0.437863553243517
74.4273739321725,0.445501072400783
75.5099450145362,0.452858435662159
76.6082624558867,0.459909686333203
77.7225552922893,0.46662671678882
78.8530558912158,0.472980418442879
80.0000000000008,0.478940880211202
81.1636267950027,0.484476903850541
82.3441789314802,0.489556662047738
83.541902594194,0.494149045457296
84.7570475487445,0.49822333119769
85.9898671936567,0.50174871017929
87.2406186132216,0.504695272400518
88.5095626311076,0.507034766809678
89.7969638647508,0.508739259756776
91.1030907805364,0.509780557384451
92.4282157497829,0.51013150211616
93.7726151055412,0.509766760167857
95.1365692002188,0.508663800523079
96.5203624640429,0.506803969993254
97.9242834643736,0.504172341860637
99.3486249658799,0.500758473092047
100.793683991591,0.496557165509198
102.259761884836,0.491568676053258
103.747164372082,0.485799512617083
105.256201626692,0.47926288816735
106.787188333604,0.47197901482379
108.340443754953,0.463975139203372
109.916291796649,0.455284978576251
111.515061075921,0.445948664995042
113.137084989849,0.436013304249387
114.782701784881,0.425533383784285
116.452254627376,0.414570756416449
118.146091675161,0.403194233289795
119.864566150136,0.391478763060146
121.608036411931,0.379504616427031
123.376866032637,0.367356591823824
125.171423872624,0.355122950822561
126.992084157458,0.342894469362236
128.839226555942,0.330763770269309
130.71323625929,0.318824016978748
132.614504061449,0.307166687940443
134.543426440596,0.295878919282596
136.500405641817,0.285041495286815
138.485849760985,0.274727565750625
140.500172829866,0.265001422527163
142.543794902456,0.25591714065846
144.617142142578,0.247516849117243
146.72064691275,0.239828521567987
148.854747864346,0.232864312715487
151.019890029073,0.226619730911433
153.216524911774,0.221073247551785
155.445110584579,0.216186430665295
157.706111782432,0.211904351853337
160.000000000002,0.20815583150947
162.327253590006,0.204854148336842
164.688357862961,0.201898315702956
167.083805188389,0.199174623788744
169.51409509749,0.196559072980768
171.979734387314,0.193921503698413
174.481237226444,0.191128406821755
177.019125262216,0.188043320405421
179.593927729503,0.184527719393604
182.206181561074,0.180443452326416
184.856431499567,0.175655844498524
187.545230211083,0.170036590851216
190.273138400438,0.163466021699928
193.040724928087,0.155834427618377
195.848566928748,0.147043164936209
198.697249931761,0.137005283870067
201.587367983183,0.125645743095112
204.519523769672,0.112902015975925
207.494328744165,0.0987249405667934
210.512403253386,0.0830779490721383
213.574376667209,0.065935324377653
216.680887509907,0.0472814553337226
219.832583593298,0.0271106587424144
223.030122151844,0.00542569981439067
226.274169979699,-0.0177633217226887
229.565403569764,-0.0424392630333295
232.904509254754,-0.0685792957040896
236.292183350324,-0.09615680333278
239.729132300273,-0.125141714261314
243.216072823863,-0.155500029106482
246.753732065275,-0.187194434668779
250.342847745248,-0.220185786325467
253.984168314917,-0.254435450670347
257.678453111885,-0.289906874108981
261.426472518581,-0.326566091549738
265.229008122899,-0.364381633511418
269.086852881194,-0.40332472037056
273.000811283635,-0.443369176252079
276.971699521971,-0.484491678267352
281.000345659733,-0.52667138782945
285.087589804914,-0.569889291687401
289.234284285158,-0.614127171231059
293.441293825501,-0.659366739565809
297.709495728693,-0.705588816904422
302.039780058148,-0.752772123504284
306.43304982355,-0.800891969252032
310.89022116916,-0.849918910499094
315.412223564866,-0.899817337148311
320.000000000007,-0.950543289940589
324.654507180014,-1.00204173440218
329.376715725924,-1.05424528731385
334.167610376779,-1.10707475188325
339.028190194982,-1.16043889737916
343.95946877463,-1.21423523490283
348.96247445289,-1.26834997579781
354.038250524434,-1.32265809197361
359.187855459007,-1.3770250431334
364.412363122149,-1.431310156357
369.712862999135,-1.4853695042766
375.090460422169,-1.53905824810546
380.546276800879,-1.59223459422595
386.081449856175,-1.64476583861958
391.697133857498,-1.69653253301828
397.394499863524,-1.74743187434921
403.174735966368,-1.79738024881696
409.039047539347,-1.84631541393408
414.988657488332,-1.89419957054371
421.024806506773,-1.94102201271824
427.148753334421,-1.98679934909963
433.361775019815,-2.03157373357371
439.665167186598,-2.07540976236044
446.06024430369,-2.11838990958837
452.548339959401,-2.1606087255421
459.130807139531,-2.20216654463723
465.809018509511,-2.24316323517643
472.584366700651,-2.28369314328432
479.458264600549,-2.32383909392056
486.432145647728,-2.36366606704278
493.507464130553,-2.40321672776494
500.685695490499,-2.44250645591819
507.968336629836,-2.48151700405534
515.356906223774,-2.52019754695924
522.852945037164,-2.55847609869932
530.458016245801,-2.59626411111219
538.17370576239,-2.63345359878518
546.001622567272,-2.66991868049526
553.943399043945,-2.70552700062502
562.000691319469,-2.74014357790085
570.175179609831,-2.77363104068936
578.468568570319,-2.80585067891063
586.882587651004,-2.8366647362892
595.418991457388,-2.86593805068527
604.079560116299,-2.893535543513
612.866099647102,-2.91932067948459
621.780442338323,-2.94316235294938
630.824447129736,-2.96494252725751
640.000000000016,-2.98455291875882
649.309014360031,-3.00188809258415
658.753431451852,-3.01684808163924
668.335220753562,-3.02935318841277
678.056380389966,-3.0393460479913
687.918937549263,-3.04678585256343
697.924948905783,-3.05164922842302
708.076501048872,-3.05393949428382
718.375710918017,-3.05368986628031
728.824726244302,-3.05096869516531
739.425725998274,-3.0458793182246
750.18092084434,-3.03856082692733
761.092553601761,-3.02918774383537
772.162899712354,-3.01796426601952
783.394267715,-3.00512640964949
794.788999727051,-2.99093001876682
806.34947193274,-2.97563824899975
818.078095078697,-2.95950434445341
829.977314976668,-2.9427522100978
842.049613013551,-2.92555914926046
854.297506668845,-2.90803967558406
866.723550039635,-2.89023352847721
879.330334373201,-2.87209430535615
892.120488607384,-2.8534759655567
905.096679918806,-2.83412854712045
918.261614279065,-2.81369360924322
931.618037019026,-2.7917102257134
945.168733401306,-2.76765222636203
958.916529201103,-2.74097353075467
972.864291295461,-2.7111374246618
987.01492826111,-2.67765385558112
1001.371390981,-2.64013833176146
1015.93667325968,-2.59837651602777
1030.71381244755,-2.55233780397371
1045.70589007433,-2.50212034022312
1060.91603249161,-2.44790905952885
1076.34741152479,-2.38996453316244
1092.00324513455,-2.32863159153321
1107.88679808789,-2.26436188212526
1124.00138263894,-2.19771381638735
1140.35035921967,-2.12932470013078
1156.93713714064,-2.05987492902064
1173.76517530201,-1.9900553625529
1190.83798291478,-1.92053925314119
1208.1591202326,-1.85195200521424
1225.73219929421,-1.78483303636777
1243.56088467665,-1.71958261776406
1261.64889425948,-1.65640741071267
1280.00000000004,-1.59526971917928
1298.61802872007,-1.53584845490437
1317.50686290371,-1.47753380328229
1336.67044150713,-1.41947362810687
1356.11276077994,-1.36064658486758
1375.83787509853,-1.29996689627606
1395.84989781157,-1.23637997601295
1416.15300209775,-1.16893824844215
1436.75142183604,-1.09683857807926
1457.64945248861,-1.01941277237942
1478.85145199655,-0.936120531631251
1500.36184168869,-0.8465822794893
1522.18510720353,-0.750594572817676
1544.32579942472,-0.648109382564541
1566.78853543001,-0.539195673449046
1589.57799945411,-0.424006663801007
1612.69894386549,-0.302766825640826
1636.1561901574,-0.175763771764499
1659.95462995334,-0.0433308068842253
1684.09922602711,0.0941796302419817
1708.5950133377,0.236422951199667
1733.44710007928,0.383088321830478
1758.66066874641,0.5339281301392
1784.24097721478,0.688762558177814
1810.19335983762,0.847399049115822
1836.52322855814,1.00949730505267
1863.23607403806,1.17453682357236
1890.33746680262,1.34191394784448
1917.83305840221,1.51103705073723
1945.72858259093,1.68136284549598
1974.02985652223,1.85240710252215
2002.74278196202,2.02374941128265
2031.87334651936,2.19503219986345
2061.42762489511,2.36595545829973
2091.41178014868,2.53623708823739
2121.83206498322,2.70554152513442
2152.69482304958,2.87342918545275
2184.00649026911,3.03938431295133
2215.7735961758,3.20295990509493
2248.0027652779,3.36389038346223
2280.70071843935,3.52196290706947
2313.8742742813,3.67690143363141
2347.53035060404,3.82840826697262
2381.67596582958,3.97627820862807
2416.31824046522,4.12051579747436
2451.46439858843,4.2613636962904
2487.12176935332,4.39922966551204
2523.29778851897,4.53453282990506
2560.00000000009,4.66753679634725
2597.23605744015,4.79820150814057
2635.01372580743,4.92610602869864
2673.34088301427,5.05043636779694
2712.22552155989,5.1699647649474
2751.67575019708,5.28296273235215
2791.69979562316,5.38718249856331
2832.30600419551,5.47996278005398
2873.5028436721,5.55848589855503
2915.29890497723,5.62015326187718
2957.70290399312,5.66301738555896
3000.72368337739,5.6861651776893
3044.37021440708,5.68992997168723
3088.65159884945,5.67581019960301
3133.57707086003,5.64611729704019
3179.15599890823,5.60357564292028
3225.39788773099,5.55096738064537
3272.31238031482,5.49083602043942
3319.90925990671,5.42522594365088
3368.19845205424,5.35549635151235
3417.19002667541,5.28234081689635
3466.89420015857,5.20601922861409
3517.32133749284,5.12653501444084
3568.48195442957,5.04364839430698
3620.38671967526,4.95707334663997
3673.0464571163,4.86677672149364
3726.47214807614,4.7730189368933
3780.67493360526,4.67619174738144
3835.66611680445,4.57664756714509
3891.45716518188,4.4746086314567
3948.05971304448,4.37015478995947
4005.48556392405,4.26322192472061
4063.74669303874,4.15358614064125
4122.85524979025,4.04088991679657
4182.82356029738,3.92468582078421
4243.66412996647,3.80453200362148
4305.38964609918,3.68010043601065
4368.01298053824,3.55133442283761
4431.54719235162,3.41858563040884
4496.00553055582,3.2826437929875
4561.40143687871,3.14475860665282
4627.74854856262,3.00660669105504
4695.0607012081,2.87023815076367
4763.35193165918,2.73801794708018
4832.63648093046,2.61253236341906
4902.92879717689,2.49641219325782
4974.24353870666,2.39215889086194
5046.59557703796,2.30209347991107
5120.0000000002,2.2283518986956
5194.47211488033,2.17290379744944
5270.02745161489,2.13739498268824
5346.68176602857,2.12229822310996
5424.45104311981,2.1254644758207
5503.35150039419,2.14162305316762
5583.39959124634,2.16346819236119
5664.61200839106,2.18278404019993
5747.00568734422,2.19069046964712
5830.5978099545,2.17840247055184
5915.40580798628,2.13888145799226
6001.44736675481,2.06833357577598
6088.74042881418,1.9665043028545
6177.30319769893,1.83615207616658
6267.15414172009,1.68222589181392
6358.3119978165,1.51107928800172
6450.79577546202,1.3300314367735
6544.62476062968,1.14722803874796
6639.81851981345,0.971544797280618
6736.39690410851,0.812185124812725
6834.38005335086,0.677641240995645
6933.78840031718,0.57410769139933
7034.64267498571,0.504051558466044
7136.96390885918,0.465721022267726
7240.77343935055,0.453892839670911
7346.09291423263,0.461392883385265
7452.94429615232,0.480618389487559
7561.34986721056,0.504862347106631
7671.33223360894,0.529285059865423
7782.9143303638,0.55129133539072
7896.11942608899,0.570503937705041
8010.97112784815,0.588495413803327
8127.49338607753,0.608303406720654
8245.71049958054,0.633680608633396
8365.64712059479,0.668023937425604
8487.32825993297,0.71336574937433
8610.77929219841,0.769913347838698
8736.02596107653,0.83595006121668
8863.09438470329,0.907776785888831
8992.01106111168,0.979933654394374
9122.80287375747,1.04575227984332
9255.49709712528,1.0976279620348
9390.12140241625,1.12667344006032
9526.7038633184,1.12220659918316
9665.27296186097,1.07173724499925
9805.85759435383,0.961840623394053
9948.48707741337,0.78001871270762
10093.191154076,0.517840909615543
10240.0000000005,0.175540178682526
10388.9442297607,-0.233237503253082
10540.0549032298,-0.679681018167632
10693.3635320572,-1.12522339062035
10848.9020862397,-1.53325174915247
11006.7030007884,-1.87929285573167
11166.7991824927,-2.15532361494663
11329.2240167822,-2.36674563414952
11494.0113746885,-2.5244844909505
11661.1956199091,-2.63666330833236
11830.8116159726,-2.70203856241714
12002.8947335097,-2.70941813690686
12177.4808576284,-2.64352814099741
12354.6063953979,-2.49486010551988
12534.3082834402,-2.26875264206051
12716.6239956331,-1.98864437856551
12901.5915509241,-1.69243192134056
13089.2495212594,-1.42420073070599
13279.637039627,-1.2240667163679
13472.7938082171,-1.11973232902246
13668.7601067018,-1.12179137487648
13867.5768006344,-1.22330203222952
14069.2853499715,-1.40388643741673
14273.9278177184,-1.63719618611233
14481.5468787012,-1.89785706408278
14692.1858284653,-2.16443191199495
14905.8885923047,-2.41986830216256
15122.6997344212,-2.65264647846366
15342.6644672179,-2.85771810697687
15565.8286607277,-3.03780468092844
15792.2388521781,-3.20594424993784
16021.9422556964,-3.387457782714
16254.9867721551,-3.61821322636487
16491.4209991612,-3.93790217982172
16731.2942411897,-4.37921866039738
16974.656519866,-4.95629253596038
17221.5585843969,-5.65667919431101
17472.0519221531,-6.44044158279456
17726.1887694067,-7.24728450728487
17984.0221222235,-8.01133360275081
18245.605747515,-8.68159560981119
18510.9941942507,-9.24120846883919
18780.2428048326,-9.71231291070342
19053.4077266369,-10.1413639833398
19330.545923722,-10.5754541581442
19611.7151887078,-11.0454948954585
19896.9741548268,-11.5551032802697
20186.382308152,-12.0845196700063
