20	2.199125436947365
20.290906698750476	2.1861424296514387
20.586044732869844	2.173159226044468
20.885475648548283	2.1601755271499905
21.189261887185914	2.147190941468772
21.49746679841394	2.1342050202374097
21.810154653305165	2.1212172891409082
22.12739065777668	2.1082272769980683
22.449240966187475	2.095234541995245
22.77577269513385	2.082238696057583
23.107053937445478	2.069239427916606
23.44315377638505	2.0562365253628583
23.784142300054445	2.0432298970711673
24.130090616010463	2.030219594252649
24.481070866093134	2.0172058322071216
24.837156241469714	2.0041890116263534
25.1984209978975	1.9911697392651617
25.56494047120865	1.9781488474047695
25.936791093020236	1.9651274114204595
26.3140504066728	1.952106764746811
26.69679708340074	1.939088510591609
27.08511093873791	1.9260745298450594
27.47907294916184	1.9130669847502926
27.878765268980047	1.900068318043622
28.284271247461966	1.8870812474268897
28.695675446220072	1.8741087553903453
29.11306365684382	1.8611540745667083
29.536522918790062	1.8482206689614535
29.966141537533712	1.8353122115398108
30.402009102982383	1.8224325587292276
30.844216508158908	1.809585722414213
31.29285596815558	1.796775839971178
31.74802103936409	1.7840071428371165
32.20980663898519	1.77128392404752
32.67830906482211	1.758610505125405
33.153626015361866	1.7459912026529836
33.63585661014871	1.733430294796221
34.125101410453844	1.7209319879700824
34.62146244024586	1.7085003837288046
35.12504320746613	1.6961394458522356
35.635948725613716	1.6838529675020744
36.15428553564419	1.6716445382634237
36.68016172818701	1.6595175108695623
37.21368696608603	1.647474967415968
37.754972507267915	1.6355196848924611
38.30413122794313	1.6236540998992794
38.86127764614443	1.6118802724729222
39.4265279456077	1.6001998490414049
40.000000000000206	1.588614024654049
40.58181339750116	1.5771235047835048
41.1720894657399	1.5657284671750078
41.77095129709678	1.5544285244098346
42.37852377437204	1.5432226880279685
42.9949335968281	1.5321093351949535
43.62030930661056	1.5210861789904324
44.25478131555359	1.5101502434380523
44.89848193237519	1.499297844382664
45.55154539026795	1.4885245772448201
46.21410787489121	1.4778253125404994
46.88630755277036	1.4671941998476359
47.56828460010916	1.456624680641808
48.260181232021196	1.4461095101299868
48.962141732186545	1.4356407878979687
49.674312482939705	1.42520999687565
50.39684199579528	1.4148080498601452
51.129880942417586	1.4044253426394078
51.873582186040764	1.3940518126276293
52.628100813345895	1.383677001841124
53.393594166801776	1.373290122969869
54.17022187747612	1.3628801272073523
54.95814589832399	1.3524357723797735
55.75753053796041	1.3419456897654876
56.56854249492426	1.3313984478247656
57.39135089244048	1.3207826108663243
58.226127313687975	1.310086790457873
59.073045837580466	1.2992996871939593
59.932283075067765	1.2884101203955969
60.804018205965114	1.2774070435260299
61.68843301631817	1.2662795435956733
62.58571193631152	1.2550168235668235
63.49604207872855	1.2436081676449842
64.41961327797075	1.2320428902839349
65.35661812964459	1.2203102707207991
66.3072520307241	1.2083994758523007
67.27171322029778	1.1962994751252807
68.25020282090806	1.1839989517368228
69.2429248804921	1.1714862147719716
70.25008641493265	1.1587491169454525
71.27189745122783	1.1457749824609014
72.30857107128878	1.132550549236993
73.36032345637442	1.1190619293999855
74.42737393217246	1.1052945915233285
75.50994501453623	1.0912333676274324
76.60826245588666	1.0768624874500077
77.72255529228926	1.0621656419738577
78.85305589121582	1.0471260776542433
80.00000000000082	1.0317267222015138
81.16362679500274	1.015950342143594
82.34417893148023	0.9997797317487587
83.541902594194	0.9831979322486863
84.75704754874454	0.9661884796779694
85.98986719365665	0.9487356790565049
87.24061861322157	0.9308249021041777
88.50956263110764	0.9124429051986724
89.79696386475084	0.8935781638578975
91.10309078053635	0.8742212196279504
92.42821574978288	0.8543650348738587
93.77261510554118	0.8340053506050902
95.13656920021877	0.813141042116263
96.52036246404286	0.7917744668604398
97.92428346437356	0.7699117985935637
99.34862496587989	0.7475633414523379
100.79368399159105	0.7247438172920532
102.25976188483567	0.7014726193573247
103.74716437208203	0.6777740252151658
105.25620162669229	0.6536773618657886
106.78718833360406	0.6292171160747804
108.34044375495276	0.6044329832540383
109.9162917966485	0.5793698486713603
111.51506107592134	0.5540776953852276
113.13708498984903	0.5286114340459019
114.78270178488147	0.5030306505540508
116.45225462737648	0.477399268518537
118.14609167516147	0.451785124521512
119.86456615013608	0.42625945542995813
121.60803641193078	0.40089629841233076
123.3768660326369	0.3757718059202988
125.17142387262359	0.35096347966230734
126.99208415745765	0.326549329514515
128.83922655594208	0.30260696536156884
130.71323625928977	0.279212632006699
132.61450406144883	0.2564401995345531
134.5434264405962	0.2343601238648103
136.50040564181674	0.21303839466296326
138.48584976098482	0.19253549020677374
140.50017282986593	0.17290536115750288
142.5437949024563	0.15419446733996622
144.61714214257822	0.13644089342509225
146.7206469127495	0.11967357062269679
148.8547478643456	0.10391163191304664
151.01989002907314	0.0891639277660159
153.216524911774	0.07542872731806272
155.4451105845792	0.06269362607705031
157.70611178243232	0.050935675334831565
160.00000000000236	0.040121741282886925
162.3272535900062	0.030209093464149905
164.6883578629612	0.02114621235351999
167.08380518838874	0.01287379490219065
169.51409509748981	0.005325926651664092
171.97973438731407	-0.0015686190495759478
174.4812372264439	-0.007884999701389783
177.01912526221608	-0.01370088838356387
179.5939277295025	-0.019095073603910162
182.20618156107355	-0.024146120575182617
184.85643149956664	-0.02893113411094106
187.54523021108326	-0.033524655837654516
190.27313840043846	-0.03799772044605422
193.04072492808663	-0.04241708704241787
195.84856692874806	-0.04684465241320422
198.69724993176072	-0.05133704421267732
201.58736798318304	-0.05594538503758156
204.5195237696723	-0.060715213742372626
207.49432874416505	-0.06568654785509032
210.5124032533856	-0.07089406961610495
213.57437666720915	-0.07636741805345693
216.68088750990657	-0.08213157066529997
219.83258359329807	-0.08820730022766676
223.03012215184378	-0.09461169416536674
226.2741699796992	-0.10135872528337397
229.5654035697641	-0.10845986292909315
232.90450925475412	-0.11592471280577621
236.2921833503241	-0.12376167264583382
239.72913230027333	-0.13197859000239792
243.21607282386276	-0.1405834071183465
246.75373206527502	-0.14958477612235238
250.34284774524843	-0.15899262638794287
253.9841683149166	-0.16881866499643083
257.67845311188546	-0.17907679073451793
261.42647251858085	-0.18978340197110616
265.22900812289896	-0.20095757940236597
269.08685288119375	-0.21262112623203877
273.0008112836349	-0.22479845099355317
276.97169952197106	-0.23751628195184626
281.00034565973334	-0.25080320667319567
285.0875898049141	-0.26468903587147574
289.23428428515797	-0.27920399702981813
293.44129382550057	-0.29437777043772273
297.7094957286928	-0.3102383879944288
302.0397800581479	-0.3268110232875553
306.4330498235497	-0.3441167098406991
310.89022116916016	-0.362171032644668
315.41222356486645	-0.3809828456286001
320.00000000000654	-0.4005530742156135
324.6545071800142	-0.42087366716862773
329.3767157259242	-0.4419267651226425
334.16761037677935	-0.4636841539141858
339.02819019498156	-0.4861070684923994
343.95946877463007	-0.5091464072590002
348.9624744528898	-0.5327434067557175
354.03825052443415	-0.5568308125614916
359.187855459007	-0.5813345640647509
364.4123631221491	-0.6061759885686407
369.71286299913527	-0.6312744741546809
375.0904604221685	-0.6565505612015684
380.54627680087896	-0.6819293606161266
386.08144985617537	-0.7073441745787935
391.6971338574982	-0.7327401647135406
397.3944998635236	-0.7580778842216285
403.1747359663683	-0.7833364675107539
409.0390475393468	-0.8085162579210933
414.9886574883323	-0.8336406542959474
421.0248065067734	-0.8587569691355877
427.1487533344206	-0.8839361175520967
433.3617750198154	-0.9092710041937337
439.6651671865984	-0.9348735482383457
446.06024430368984	-0.9608703793696776
452.54833995940066	-0.9873973477560447
459.13080713953053	-1.0145931152479337
465.8090185095106	-1.0425922220524875
472.58436670065066	-1.0715181313191473
479.45826460054917	-1.1014768151062524
486.432145647728	-1.1325514322420855
493.50746413055253	-1.1647985496113469
500.6856954904994	-1.1982461849300503
507.9683366298358	-1.232893731050658
515.3569062237735	-1.268713602453078
522.8529450371643	-1.3056542703593652
530.4580162458005	-1.3436442546790333
538.1737057623901	-1.3825966211227116
546.0016225672724	-1.4224135724966782
553.9433990439449	-1.4629908006997963
562.0006913194694	-1.5042213596416374
570.1751796098309	-1.54599891228208
578.4685685703187	-1.5882202860326764
586.8825876510039	-1.6307873345452601
595.4189914573883	-1.6736081495114359
604.0795601162986	-1.716597695849977
612.8660996471021	-1.7596779612445206
621.780442338323	-1.8027777196739703
630.8244471297356	-1.8458320101846786
640.0000000000159	-1.8887814275630914
649.3090143600314	-1.9315713103386003
658.7534314518515	-1.974150893885987
668.3352207535618	-2.016472472774497
678.0563803899662	-2.0584905877139397
687.9189375492632	-2.1001612193246886
697.9249489057827	-2.1414409348493644
708.0765010488715	-2.1822858983756577
718.3757109180171	-2.222650625771446
728.8247262443015	-2.2624863462389655
739.425725998274	-2.301738825468066
750.1809208443404	-2.340345513525623
761.0925536017613	-2.378231908549065
772.1628997123541	-2.415307079779359
783.3942677149998	-2.451458374152272
794.7889997270506	-2.4865454419694957
806.34947193274	-2.520393861814494
818.0780950786972	-2.5527888239704053
829.9773149766683	-2.5834695395564484
842.0496130135506	-2.6121252628256064
854.2975066688449	-2.6383940182158545
866.7235500396347	-2.6618652633052244
879.3303343732008	-2.6820877145034534
892.1204886073838	-2.6985833044218714
905.0966799188055	-2.7108676133071556
918.2616142790653	-2.718476049811703
931.6180370190256	-2.720993609068442
945.1687334013056	-2.7180845125219433
958.9165292011028	-2.709517015825821
972.8642912954606	-2.695178824531536
987.0149282611097	-2.675080206157891
1001.3713909810035	-2.649344643905999
1015.9366732596762	-2.6181897305857795
1030.7138124475518	-2.5819028989223725
1045.7058900743334	-2.5408170312458216
1060.916032491606	-2.495290181179232
1076.3474115247852	-2.4456921383616175
1092.0032451345498	-2.3923989172730726
1107.8867980878947	-2.3357947735091322
1124.0013826389438	-2.276280145012272
1140.350359219667	-2.2142829479460655
1156.9371371406426	-2.15026986034694
1173.765175302013	-2.0847535823065764
1190.837982914782	-2.018291664856116
1208.1591202326028	-1.9514726228192534
1225.73219929421	-1.8848861691314205
1243.5608846766518	-1.8190771220384179
1261.648894259477	-1.7544871665233361
1280.0000000000375	-1.691394481369491
1298.6180287200684	-1.6298658068650778
1317.5068629037087	-1.5697352730220728
1336.6704415071292	-1.5106174542831237
1356.112760779938	-1.4519513919186038
1375.8378750985323	-1.3930635445439346
1395.8498978115715	-1.3332348296165057
1416.153002097749	-1.2717596926393977
1436.7514218360407	-1.2079903939802241
1457.6494524886093	-1.141364632826068
1478.8514519965543	-1.0714179702628468
1500.3618416886875	-0.9977842072665863
1522.1851072035295	-0.9201873451307634
1544.3257994247153	-0.8384284802821925
1566.788535430007	-0.7523703411219229
1589.5779994541087	-0.6619214212357734
1612.6989438654878	-0.5670209444388254
1636.156190157402	-0.4676252822210336
1659.9546299533442	-0.3636959691423069
1684.099226027109	-0.25518914601778614
1708.5950133376978	-0.14204610539502072
1733.4471000792773	-0.02418460809460593
1758.6606687464096	0.09850923313409582
1784.2409772147755	0.22618846493827283
1810.193359837619	0.35905183205215796
1836.5232285581387	0.4973485883938404
1863.2360740380593	0.6413804097916113
1890.3374668026197	0.7914988592255255
1917.833058402214	0.9480966253773302
1945.7285825909298	1.1115908173566558
1974.0298565222283	1.2823971190128818
2002.7427819620161	1.4608947203855374
2031.8733465193618	1.6473836418004286
2061.4276248951132	1.8420381067602976
2091.411780148677	2.0448615348128762
2121.832064983222	2.255649903390769
2152.694823049581	2.4739700722379885
2184.0064902691106	2.699157848345889
2215.7735961758003	2.9303373745916788
2248.002765277899	3.1664596841259547
2280.7007184393456	3.406354961566145
2313.874274281297	3.6487909300917964
2347.530350604038	3.892529151437044
2381.6759658295764	4.136371678110174
2416.318240465218	4.3791918458499
2451.4643985884327	4.619944519764251
2487.1217693533167	4.857652643233035
2523.2977885189675	5.091368553144567
2560.0000000000887	5.320110367566757
2597.236057440151	5.542776393350987
2635.0137258074315	5.758044572398788
2673.340883014273	5.96426975978427
2712.225521559891	6.1593989207170345
2751.6757501970797	6.340932188491367
2791.699795623158	6.505963284880805
2832.3060041955137	6.651330517616676
2873.502843672097	6.773892362218124
2915.2989049772345	6.870904900003049
2957.7029039931244	6.940427900010468
3000.723683377391	6.9816458463454465
3044.370214407075	6.994994318687617
3088.6515988494466	6.982045309554118
3133.57707086003	6.945196079526649
3179.1559989082334	6.88726937624432
3225.3978877309914	6.811138411481035
3272.3123803148205	6.719451743748797
3319.9092599067053	6.614483447903655
3368.198452054235	6.498095778218092
3417.190026675413	6.371781973621218
3466.8942001585724	6.23675281301297
3517.3213374928373	6.094035869086461
3568.4819544295697	5.944565569594455
3620.386719675257	5.789251660028605
3673.0464571162966	5.629021892344571
3726.472148076138	5.464840915751185
3780.6749336052594	5.297710840707479
3835.6661168044484	5.128659981700282
3891.45716518188	4.958725878535498
3948.059713044477	4.788937632248368
4005.4855639240527	4.620301014048273
4063.746693038744	4.453787728333022
4122.855249790247	4.290328111734135
4182.823560297375	4.1308050513891645
4243.664129966465	3.9760464332822156
4305.389646099183	3.826813854286901
4368.012980538242	3.6837863459041444
4431.5471923516225	3.5475395472162394
4496.00553055582	3.418522901260357
4561.401436878714	3.2970387539748773
4627.748548562617	3.183227072354653
4695.060701208099	3.0770587785677828
4763.351931659176	2.978339847099494
4832.63648093046	2.8867261329245597
4902.928797176889	2.801745450239909
4974.243538706657	2.722820855314011
5046.595577037959	2.649288230908386
5120.000000000202	2.5804009081478814
5194.472114880326	2.515313543122498
5270.027451614888	2.4530370542973863
5346.6817660285715	2.39235868742755
5424.451043119808	2.3317332313754595
5503.351500394186	2.269177615320187
5583.399591246343	2.202229124833109
5664.612008391055	2.128040090220501
5747.005687344222	2.0436725552097212
5830.597809954497	1.9466071312290683
5915.405807986278	1.8353668387024054
6001.447366754812	1.7100358515995504
6088.740428814181	1.5724436143941771
6177.303197698925	1.4259543332102982
6267.154141720092	1.2750422773852024
6358.3119978165005	1.1249358478612974
6450.795775462017	0.981508228218514
6544.624760629676	0.851363110714641
6639.818519813445	0.7418329980295368
6736.396904108505	0.6605156397502323
6834.380053350861	0.6141343796252241
6933.788400317181	0.606907514566227
7034.642674985712	0.639030505196232
7136.963908859177	0.7059675152942637
7240.773439350552	0.7988565797807216
7346.092914232631	0.905758464230331
7452.944296152315	1.013213540940722
7561.349867210557	1.1076990269856344
7671.332233608935	1.1768134119741738
7782.914330363799	1.2101761198290297
7896.119426088994	1.2001119730835932
8010.971127848146	1.1421293372625654
8127.49338607753	1.035118284927742
8245.710499580537	0.8812048475525408
8365.647120594791	0.6852546005423025
8487.328259932974	0.45410967396929436
8610.77929219841	0.19570135306306546
8736.025961076528	-0.08183471171286077
8863.094384703289	-0.37097521629017105
8992.011061111683	-0.6655725708161178
9122.802873757471	-0.9616328210071656
9255.497097125279	-1.258130898755167
9390.121402416245	-1.5577992068514028
9526.7038633184	-1.8677127875644173
9665.272961860968	-2.199415460484885
9805.857594353829	-2.5682581145900194
9948.487077413367	-2.991581043873225
10093.19115407597	-3.4855646919908416
10240.000000000457	-4.061079000936112
10388.944229760706	-4.719322856037807
10540.05490322983	-5.448375142722457
10693.363532057198	-6.222000775392523
10848.902086239672	-7.001724077210635
11006.703000788428	-7.74199317296069
11166.799182492743	-8.396836857162251
11329.224016782166	-8.92574796991859
11494.0113746885	-9.297064996774173
11661.195619909053	-9.488653461950635
11830.811615972614	-9.487196755459557
12002.894733509682	-9.287818694228271
12177.48085762842	-8.895435781868104
12354.606395397908	-8.328106275773562
12534.308283440243	-7.620567653740653
12716.62399563306	-6.8243910235705805
12901.591550924093	-6.003140692469426
13089.249521259411	-5.223548131651103
13279.637039626952	-4.5451737505261836
13472.793808217073	-4.011264596091113
13668.760106701786	-3.642949053526872
13867.576800634426	-3.438260499937208
14069.285349971487	-3.3763067128590167
14273.927817718419	-3.4248338888628376
14481.54687870117	-3.547312590816187
14692.18582846533	-3.7069922079492854
14905.888592304698	-3.869859225492668
15122.699734421185	-4.008980743024291
15342.664467217943	-4.109116466772477
15565.828660727671	-4.170537671432043
15792.238852178061	-4.21154686482453
16021.942255696367	-4.2680996382878105
16254.986772155136	-4.388820796888519
16491.42099916115	-4.624944945948779
16731.294241189662	-5.016877054431412
16974.65651986603	-5.582401407634038
17221.558584396902	-6.310982209323236
17472.051922153143	-7.165191071253522
17726.188769406665	-8.089029695363523
17984.022122223458	-9.021417932102933
18245.605747515034	-9.911091181880154
18510.99419425065	-10.726277652382672
18780.242804832582	-11.452217543162218
19053.40772663689	-12.077760898231292
19330.545923722028	-12.589611648236327
19611.71518870775	-12.988063478864007
19896.974154826825	-13.302167320002665
20186.382308152035	-13.57800736274751