20	4.193355657145315
20.290906698750476	4.192274648545906
20.586044732869844	4.191194623815728
20.885475648548283	4.190117224890415
21.189261887185914	4.1890448352574055
21.49746679841394	4.187980513032788
21.810154653305165	4.186927916321795
22.12739065777668	4.185891222092046
22.449240966187475	4.184875039940102
22.77577269513385	4.183884322196418
23.107053937445478	4.1829242718072805
23.44315377638505	4.182000249369165
23.784142300054445	4.181117680584494
24.130090616010463	4.180281965269651
24.481070866093134	4.179498388886822
24.837156241469714	4.178772037400011
25.1984209978975	4.1781077160800155
25.56494047120865	4.177509872710197
25.936791093020236	4.176982525479391
26.3140504066728	4.176529195694991
26.69679708340074	4.176152845310732
27.08511093873791	4.17585581914235
27.47907294916184	4.1756397915411645
27.878765268980047	4.175505717211271
28.284271247461966	4.175453785790017
28.695675446220072	4.175483379763417
29.11306365684382	4.175593035256653
29.536522918790062	4.175780405223707
29.966141537533712	4.176042224557837
30.402009102982383	4.176374276654405
30.844216508158908	4.176771360977981
31.29285596815558	4.17722726121505
31.74802103936409	4.17773471363085
32.20980663898519	4.178285375292309
32.67830906482211	4.178869791867989
33.153626015361866	4.179477364769067
33.63585661014871	4.180096317452158
34.125101410453844	4.180713660764304
34.62146244024586	4.181315157272263
35.12504320746613	4.181885284581799
35.635948725613716	4.182407197717589
36.15428553564419	4.18286269070021
36.68016172818701	4.183232157522976
37.21368696608603	4.183494552797737
37.754972507267915	4.183627352404512
38.30413122794313	4.183606514544426
38.86127764614443	4.183406441658015
39.4265279456077	4.182999943730848
40.000000000000206	4.1823582035645135
40.58181339750116	4.181450744642467
41.1720894657399	4.1802454022658155
41.77095129709678	4.178708298672864
42.37852377437204	4.176803822886995
42.9949335968281	4.174494616059352
43.62030930661056	4.171741563084922
44.25478131555359	4.168503791272347
44.89848193237519	4.164738676838878
45.55154539026795	4.160401859982011
46.21410787489121	4.1554472692488975
46.88630755277036	4.149827155883893
47.56828460010916	4.143492138784508
48.260181232021196	4.136391260637532
48.962141732186545	4.128472055741261
49.674312482939705	4.11968062994826
50.39684199579528	4.109961753087026
51.129880942417586	4.099258964141948
51.873582186040764	4.087514689390478
52.628100813345895	4.0746703736156356
53.393594166801776	4.0606666244324625
54.17022187747612	4.045443369689544
54.95814589832399	4.028940027832789
55.75753053796041	4.011095691049009
56.56854249492426	3.9918493209424386
57.39135089244048	3.9711399564389063
58.226127313687975	3.948906933560382
59.073045837580466	3.9250901166670094
59.932283075067765	3.899630140724467
60.804018205965114	3.8724686641202872
61.68843301631817	3.8435486315223573
62.58571193631152	3.812814546243711
63.49604207872855	3.7802127515472463
64.41961327797075	3.7456917202888107
65.35661812964459	3.709202352253662
66.3072520307241	3.6706982784863245
67.27171322029778	3.6301361718439606
68.25020282090806	3.5874760629162994
69.2429248804921	3.5426816603487117
70.25008641493265	3.4957206744788945
71.27189745122783	3.4465651430519877
72.30857107128878	3.3951917576149437
73.36032345637442	3.3415821890114454
74.42737393217246	3.2857234102064297
75.50994501453623	3.227608014468472
76.60826245588666	3.167234526733399
77.72255529228926	3.104607705768382
78.85305589121582	3.039738834557766
80.00000000000082	2.9726459961448555
81.16362679500274	2.9033543319937234
82.34417893148023	2.831896279786158
83.541902594194	2.75831178744646
84.75704754874454	2.6826485000949853
85.98986719365665	2.6049619165741262
87.24061861322157	2.5253155121710806
88.50956263110764	2.443780824183044
89.79696386475084	2.3604374970341158
91.10309078053635	2.275373283761612
92.42821574978288	2.1886840008423802
93.77261510554118	2.1004734335288804
95.13656920021877	2.0108531891098416
96.52036246404286	1.9199424958013047
97.92428346437356	1.827867945310826
99.34862496587989	1.734763177500041
100.79368399159105	1.6407685059983492
102.25976188483567	1.5460304840925487
103.74716437208203	1.4507014107330214
105.25620162669229	1.3549387770553922
106.78718833360406	1.2589046544159408
108.34044375495276	1.1627650255772328
109.9162917966485	1.066689061354843
111.51506107592134	0.9708483457429952
113.13708498984903	0.87541605327186
114.78270178488147	0.7805660831070218
116.45225462737648	0.6864721551748463
118.14609167516147	0.5933068743787582
119.86456615013608	0.5012407697507357
121.60803641193078	0.4104413161484395
123.3768660326369	0.32107194684827434
125.17142387262359	0.23329106608276629
126.99208415745765	0.14725107121019443
128.83922655594208	0.06309739476592613
130.71323625928977	-0.01903242289267082
132.61450406144883	-0.09900961929473207
134.5434264405962	-0.17671504266917504
136.50040564181674	-0.2520399205881372
138.48584976098482	-0.3248865533333589
140.50017282986593	-0.3951689212631564
142.5437949024563	-0.4628131960788924
144.61714214257822	-0.5277581467655299
146.7206469127495	-0.5899554321208944
148.8547478643456	-0.6493697731966757
151.01989002907314	-0.7059790006450672
153.216524911774	-0.7597739738813569
155.4451105845792	-0.8107583711059112
157.70611178243232	-0.8589483515359877
160.00000000000236	-0.904372093622837
162.3272535900062	-0.9470692155054055
164.6883578629612	-0.9870900863995891
167.08380518838874	-1.024495039957963
169.51409509748981	-1.0593535027704442
171.97973438731407	-1.0917430530278653
174.4812372264439	-1.1217484258609325
177.01912526221608	-1.1494604829338702
179.5939277295025	-1.1749751644698532
182.20618156107355	-1.198392441988537
184.85643149956664	-1.219815289641792
187.54523021108326	-1.2393486911610214
190.27313840043846	-1.2570986981164274
193.04072492808663	-1.273171553490688
195.84856692874806	-1.2876728925540606
198.69724993176072	-1.300707030771133
201.58736798318304	-1.3123763460501003
204.5195237696723	-1.3227807601410169
207.49432874416505	-1.3320173214711832
210.5124032533856	-1.340179889236544
213.57437666720915	-1.3473589162006985
216.68088750990657	-1.353641325430834
219.83258359329807	-1.3591104741562172
223.03012215184378	-1.3638461960957868
226.2741699796992	-1.367924911987409
229.5654035697641	-1.371419796680511
232.90450925475412	-1.3744009900432597
236.2921833503241	-1.3769358381033738
239.72913230027333	-1.3790891503071592
243.21607282386276	-1.3809234585647472
246.75373206527502	-1.3824992638718343
250.34284774524843	-1.3838752567800885
253.9841683149166	-1.3851084988486153
257.67845311188546	-1.3862545534620414
261.42647251858085	-1.3873675560554113
265.22900812289896	-1.3885002158419397
269.08685288119375	-1.389703743585237
273.0008112836349	-1.3910277027675666
276.97169952197106	-1.3925197846383983
281.00034565973334	-1.3942255110234223
285.0875898049141	-1.3961878723544106
289.23428428515797	-1.3984469120462184
293.44129382550057	-1.4010392719806464
297.7094957286928	-1.4039977173211564
302.0397800581479	-1.4073506620249803
306.4330498235497	-1.4111217190746927
310.89022116916016	-1.4153293014470687
315.41222356486645	-1.4199863009990483
320.00000000000654	-1.4250998726116528
324.6545071800142	-1.4306713499414574
329.3767157259242	-1.4366963168604752
334.16761037677935	-1.4431648550312146
339.02819019498156	-1.4500619830253787
343.95946877463007	-1.457368295973986
348.9624744528898	-1.4650608070270532
354.03825052443415	-1.473113983076329
359.187855459007	-1.4815009575158515
364.4123631221491	-1.4901948926327526
369.71286299913527	-1.4991704539727788
375.0904604221685	-1.5084053492292702
380.54627680087896	-1.517881875443852
386.08144985617537	-1.5275884112074012
391.6971338574982	-1.537520785748021
397.3944998635236	-1.5476834548988212
403.1747359663683	-1.558090415489214
409.0390475393468	-1.5687657951111451
414.9886574883323	-1.5797440637070375
421.0248065067734	-1.5910698270058998
427.1487533344206	-1.6027971792137643
433.3617750198154	-1.6149886129414501
439.6651671865984	-1.6277135071824387
446.06024430368984	-1.64104623795794
452.54833995940066	-1.655063979458371
459.13080713953053	-1.669844284365616
465.8090185095106	-1.6854625487118686
472.58436670065066	-1.7019894774154252
479.45826460054917	-1.719488670175375
486.432145647728	-1.7380144429254605
493.50746413055253	-1.7576099875239781
500.6856954904994	-1.7783059526207128
507.9683366298358	-1.800119503318593
515.3569062237735	-1.8230538885630276
522.8529450371643	-1.8470985156670103
530.4580162458005	-1.872229503479777
538.1737057623901	-1.8984106615221594
546.0016225672724	-1.925594823443121
553.9433990439449	-1.9537254502165782
562.0006913194694	-1.9827384117479914
570.1751796098309	-2.012563854581388
578.4685685703187	-2.0431280673508523
586.8825876510039	-2.0743552634008937
595.4189914573883	-2.1061692103861063
604.0795601162986	-2.138494648439959
612.8660996471021	-2.1712584505712806
621.780442338323	-2.2043904903792866
630.8244471297356	-2.237824192276715
640.0000000000159	-2.271496747740392
649.3090143600314	-2.3053489875177458
658.7534314518515	-2.339324904347717
668.3352207535618	-2.373370824035635
678.0563803899662	-2.407434225352566
687.9189375492632	-2.441462212137198
697.9249489057827	-2.4753996452549925
708.0765010488715	-2.509186948884185
718.3757109180171	-2.5427576160804537
728.8247262443015	-2.5760354536672434
739.425725998274	-2.6089316268103455
750.1809208443404	-2.641341589256441
761.0925536017613	-2.6731420155594545
772.1628997123541	-2.7041878852604673
783.3942677149998	-2.734309903534449
794.7889997270506	-2.763312474842114
806.34947193274	-2.7909724711892157
818.0780950786972	-2.817039049408826
829.9773149766683	-2.8412347666483444
842.0496130135506	-2.863258214243336
854.2975066688449	-2.882788332615987
866.7235500396347	-2.899490481053288
879.3303343732008	-2.9130242169625076
892.1204886073838	-2.923052595124465
905.0966799188055	-2.929252640277186
918.2616142790653	-2.931326494172414
931.6180370190256	-2.929012614407855
945.1687334013056	-2.9220963321571807
958.9165292011028	-2.910419081078067
972.8642912954606	-2.893885701235936
987.0149282611097	-2.8724693941266244
1001.3713909810035	-2.846214133064585
1015.9366732596762	-2.815234577322416
1030.7138124475518	-2.7797137526016167
1045.7058900743334	-2.7398989046492432
1060.916032491606	-2.6960959825508297
1076.3474115247852	-2.6486631590729557
1092.0032451345498	-2.5980036627735865
1107.8867980878947	-2.544558011447601
1124.0013826389438	-2.4887955397402006
1140.350359219667	-2.431204950310198
1156.9371371406426	-2.3722835308727035
1173.765175302013	-2.3125247044896
1190.837982914782	-2.252403739780156
1208.1591202326028	-2.1923617431656153
1225.73219929421	-2.132788461444999
1243.5608846766518	-2.0740048819805197
1261.648894259477	-2.016247039197267
1280.0000000000375	-1.9596527080065536
1298.6180287200684	-1.9042526792726078
1317.5068629037087	-1.8499680042718374
1336.6704415071292	-1.7966139788125686
1356.112760779938	-1.743910820513927
1375.8378750985323	-1.6915001467937447
1395.8498978115715	-1.6389656644041541
1416.153002097749	-1.58585605944143
1436.7514218360407	-1.5317079737764927
1457.6494524886093	-1.4760671385587065
1478.8514519965543	-1.4185061284113893
1500.3618416886875	-1.3586377044359095
1522.1851072035295	-1.2961232400474083
1544.3257994247153	-1.2306762013755488
1566.788535430007	-1.1620610396303854
1589.5779994541087	-1.0900881275315693
1612.6989438654878	-1.014605537270789
1636.156190157402	-0.9354885298335958
1659.9546299533442	-0.8526276296473425
1684.099226027109	-0.7659161219791464
1708.5950133376978	-0.6752377586131564
1733.4471000792773	-0.580455409353025
1758.6606687464096	-0.4814013633246155
1784.2409772147755	-0.37786996515325405
1810.193359837619	-0.2696132566372472
1836.5232285581387	-0.15634026493679398
1863.2360740380593	-0.037720507127551484
1890.3374668026197	0.08660786079825888
1917.833058402214	0.21702506034935537
1945.7285825909298	0.3539120307798904
1974.0298565222283	0.4976287054058829
2002.7427819620161	0.648489362789393
2031.8733465193618	0.8067367271171937
2061.4276248951132	0.9725169447673288
2091.411780148677	1.1458578261914345
2121.832064983222	1.3266527117455513
2152.694823049581	1.5146519274245211
2184.0064902691106	1.7094630302051246
2215.7735961758003	1.9105599649900598
2248.002765277899	2.1172999991294463
2280.7007184393456	2.3289460490905096
2313.874274281297	2.5446909662094623
2347.530350604038	2.7636796852223138
2381.6759658295764	2.985024996543001
2416.318240465218	3.2078131607606437
2451.4643985884327	3.431096665150529
2487.1217693533167	3.6538730984504526
2523.2977885189675	3.875051308987138
2560.0000000000887	4.093408563244731
2597.236057440151	4.307545098596215
2635.0137258074315	4.515844909285038
2673.340883014273	4.716453328905379
2712.225521559891	4.907282371000186
2751.6757501970797	5.086053225678762
2791.699795623158	5.250381287231478
2832.3060041955137	5.39790251335999
2873.502843672097	5.5264314183357826
2915.2989049772345	5.634132155928612
2957.7029039931244	5.719677396547092
3000.723683377391	5.782367745867132
3044.370214407075	5.822189102458283
3088.6515988494466	5.839796334390243
3133.57707086003	5.83642619857471
3179.1559989082334	5.813756217952428
3225.3978877309914	5.773735296007341
3272.3123803148205	5.718414166832011
3319.9092599067053	5.649799743722403
3368.198452054235	5.56974917855129
3417.190026675413	5.479909738476387
3466.8942001585724	5.381701863371888
3517.3213374928373	5.276336534777014
3568.4819544295697	5.164854941600055
3620.386719675257	5.048178149742828
3673.0464571162966	4.927156348926893
3726.472148076138	4.802610328825384
3780.6749336052594	4.675361231172653
3835.6661168044484	4.5462476368256795
3891.45716518188	4.416131251334575
3948.059713044477	4.285893690449688
4005.4855639240527	4.156427196215692
4063.746693038744	4.02862174899733
4122.855249790247	3.9033502862470932
4182.823560297375	3.7814529194715574
4243.664129966465	3.663720428492454
4305.389646099183	3.550877071143302
4368.012980538242	3.4435629090616953
4431.5471923516225	3.3423163177518713
4496.00553055582	3.2475579150219014
4561.401436878714	3.159577544171277
4627.748548562617	3.07852594972318
4695.060701208099	3.0044122370192357
4763.351931659176	2.9371070819368525
4832.63648093046	2.876350062221512
4902.928797176889	2.821757702438396
4974.243538706657	2.7728273135151165
5046.595577037959	2.7289310148385804
5120.000000000202	2.6892950327184773
5194.472114880326	2.6529620444002484
5270.027451614888	2.618739422021854
5346.6817660285715	2.5851437190576734
5424.451043119808	2.5503606218829167
5503.351500394186	2.5122472638007523
5583.399591246343	2.468406135752369
5664.612008391055	2.416352494952217
5747.005687344222	2.3537779921148605
5830.597809954497	2.2788847340335736
5915.405807986278	2.190735221069174
6001.447366754812	2.0895487600519
6088.740428814181	1.9768858390370638
6177.303197698925	1.855696990378687
6267.154141720092	1.730252512377498
6358.3119978165005	1.6059872607983883
6450.795775462017	1.4892761528558913
6544.624760629676	1.3871122595992256
6639.818519813445	1.3066238253414835
6736.396904108505	1.2543766793964524
6834.380053350861	1.2354808410250717
6933.788400317181	1.2526319333285554
7034.642674985712	1.3053108562448037
7136.963908859177	1.389376972028715
7240.773439350552	1.4972000056012458
7346.092914232631	1.618325237340124
7452.944296152315	1.740530586405317
7561.349867210557	1.8510676188764361
7671.332233608935	1.9378865944686428
7782.914330363799	1.9906975663531652
7896.119426088994	2.001777788338108
8010.971127848146	1.966477796943738
8127.49338607753	1.8834051288985683
8245.710499580537	1.7542882850696522
8365.647120594791	1.5835518760305989
8487.328259932974	1.3776629688671156
8610.77929219841	1.1443262714872249
8736.025961076528	0.891601994576561
8863.094384703289	0.6269969324005782
8992.011061111683	0.356551660592576
9122.802873757471	0.08393695291545401
9255.497097125279	-0.19040206189234432
9390.121402416245	-0.4699537421565025
9526.7038633184	-0.762518305371585
9665.272961860968	-1.0800065165566342
9805.857594353829	-1.43739434992284
9948.487077413367	-1.8506568743083776
10093.19115407597	-2.3337253507270646
10240.000000000457	-2.8948419225013793
10388.944229760706	-3.5330293439118763
10540.05490322983	-4.235608136069054
10693.363532057198	-4.977634863008879
10848.902086239672	-5.723711625123534
11006.703000788428	-6.43189916814268
11166.799182492743	-7.0587437140305465
11329.224016782166	-7.56408481703099
11494.0113746885	-7.9145772371305485
11661.195619909053	-8.085624520585153
11830.811615972614	-8.062263447987075
12002.894733509682	-7.83996970417828
12177.48085762842	-7.426107194334746
12354.606395397908	-6.8418835566530865
12534.308283440243	-6.123650796944717
12716.62399563306	-5.321922746619646
12901.591550924093	-4.497058819030391
13089.249521259411	-3.711877923438029
13279.637039626952	-3.022761135712084
13472.793808217073	-2.471483820425947
13668.760106701786	-2.079892599534227
13867.576800634426	-1.8487035631540756
14069.285349971487	-1.76037469935139
14273.927817718419	-1.78465582041775
14481.54687870117	-1.8847900185504827
14692.18582846533	-2.0229683575106137
14905.888592304698	-2.164953759035402
15122.699734421185	-2.284437331330816
15342.664467217943	-2.367276606863179
15565.828660727671	-2.415077792478811
15792.238852178061	-2.4470440959484954
16021.942255696367	-2.498708182380153
16254.986772155136	-2.6164675026028585
16491.42099916115	-2.848032918425885
16731.294241189662	-3.2307264220159215
16974.65651986603	-3.7810836169149846
17221.558584396902	-4.489261177716779
17472.051922153143	-5.320278478865422
17726.188769406665	-6.222013527458925
17984.022122223458	-7.1375698904925935
18245.605747515034	-8.01750539411994
18510.99419425065	-8.826687427014543
18780.242804832582	-9.543269701705405
19053.40772663689	-10.15366069824253
19330.545923722028	-10.6518860930072
19611.71518870775	-11.046295667574912
19896.974154826825	-11.364664545210436
20186.382308152035	-11.646552747230912