20	-2.393774128382997
20.290906698750476	-2.3944370347599584
20.586044732869844	-2.395096298580024
20.885475648548283	-2.39574617592483
21.189261887185914	-2.396378810566384
21.49746679841394	-2.396984702789796
21.810154653305165	-2.3975531255074136
22.12739065777668	-2.3980724897484973
22.449240966187475	-2.398530661944824
22.77577269513385	-2.3989152356976193
23.107053937445478	-2.3992137609208064
23.44315377638505	-2.399413933420248
23.784142300054445	-2.3995037480924566
24.130090616010463	-2.3994716190225303
24.481070866093134	-2.3993064698552957
24.837156241469714	-2.398997797911435
25.1984209978975	-2.3985357155975953
25.56494047120865	-2.397910972673041
25.936791093020236	-2.397114962852373
26.3140504066728	-2.396139718036803
26.69679708340074	-2.3949778931973107
27.08511093873791	-2.3936227446249503
27.47907294916184	-2.3920681039339167
27.878765268980047	-2.3903083498552906
28.284271247461966	-2.388338379507892
28.695675446220072	-2.3861535804881013
29.11306365684382	-2.383749804780565
29.536522918790062	-2.3811233451611766
29.966141537533712	-2.3782709144743577
30.402009102982383	-2.3751896279471207
30.844216508158908	-2.3718769885556
31.29285596815558	-2.368330875372951
31.74802103936409	-2.3645495347775274
32.20980663898519	-2.360531574366686
32.67830906482211	-2.3562759593944635
33.153626015361866	-2.3517820115317347
33.63585661014871	-2.347049409748739
34.125101410453844	-2.3420781931516763
34.62146244024586	-2.3368687656663147
35.12504320746613	-2.331421902540563
35.635948725613716	-2.3257387587078107
36.15428553564419	-2.3198208790903183
36.68016172818701	-2.313670210924036
37.21368696608603	-2.3072891181677253
37.754972507267915	-2.3006803980302513
38.30413122794313	-2.2938472996105586
38.86127764614443	-2.2867935445855307
39.4265279456077	-2.2795233497904515
40.000000000000206	-2.272041451416741
40.58181339750116	-2.2643531304062887
41.1720894657399	-2.2564642384528755
41.77095129709678	-2.248381223838693
42.37852377437204	-2.2401111561660456
42.9949335968281	-2.231661748914904
43.62030930661056	-2.2230413786751453
44.25478131555359	-2.2142590998707563
44.89848193237519	-2.2053246538174935
45.55154539026795	-2.196248471041477
46.21410787489121	-2.18704166593788
46.88630755277036	-2.1777160230642743
47.56828460010916	-2.168283974630832
48.260181232021196	-2.158758569050742
48.962141732186545	-2.1491534307345175
49.674312482939705	-2.1394827116295714
50.39684199579528	-2.1297610352761414
51.129880942417586	-2.12000343435276
51.873582186040764	-2.110225282819924
52.628100813345895	-2.100442223856505
53.393594166801776	-2.0906700948597137
54.17022187747612	-2.0809248508739384
54.95814589832399	-2.0712224879368715
55.75753053796041	-2.0615789679823275
56.56854249492426	-2.052010147110381
57.39135089244048	-2.0425317092289337
58.226127313687975	-2.0331591072895026
59.073045837580466	-2.0239075145330943
59.932283075067765	-2.014791788199547
60.804018205965114	-2.005826447942357
61.68843301631817	-1.9970256707004868
62.58571193631152	-1.9884033030391834
63.49604207872855	-1.9799728910933476
64.41961327797075	-1.9717477273044985
65.35661812964459	-1.9637409121508305
66.3072520307241	-1.9559654280725134
67.27171322029778	-1.9484342219300204
68.25020282090806	-1.9411602917085287
69.2429248804921	-1.9341567728463427
70.25008641493265	-1.927437019524471
71.27189745122783	-1.921014676405015
72.30857107128878	-1.9149037365679247
73.36032345637442	-1.9091185817433303
74.42737393217246	-1.9036740013535116
75.50994501453623	-1.8985851873441346
76.60826245588666	-1.893867702285284
77.72255529228926	-1.8895374187446479
78.85305589121582	-1.8856104284784148
80.00000000000082	-1.8821029205704924
81.16362679500274	-1.8790310282804386
82.34417893148023	-1.8764106450035696
83.541902594194	-1.8742572103861221
84.75704754874454	-1.872585468261305
85.98986719365665	-1.8714091986610937
87.24061861322157	-1.8707409266950163
88.50956263110764	-1.8705916115652659
89.79696386475084	-1.870970319416409
91.10309078053635	-1.8718838841182717
92.42821574978288	-1.8733365604640266
93.77261510554118	-1.875329674630674
95.13656920021877	-1.8778612771006231
96.52036246404286	-1.8809258036061125
97.92428346437356	-1.8845137500371956
99.34862496587989	-1.8886113676303165
100.79368399159105	-1.893200385090514
102.25976188483567	-1.8982577645540337
103.74716437208203	-1.9037554984418317
105.25620162669229	-1.9096604542687796
106.78718833360406	-1.9159342743453105
108.34044375495276	-1.922533337024767
109.9162917966485	-1.9294087856974125
111.51506107592134	-1.9365066311156554
113.13708498984903	-1.943767931890612
114.78270178488147	-1.951129057150263
116.45225462737648	-1.9585220343991245
118.14609167516147	-1.9658749845530166
119.86456615013608	-1.9731126448915615
121.60803641193078	-1.9801569792516147
123.3768660326369	-1.9869278731834894
125.17142387262359	-1.9933439100251218
126.99208415745765	-1.9993232219304522
128.83922655594208	-2.004784407841316
130.71323625928977	-2.0096475082450533
132.61450406144883	-2.013835024315985
134.5434264405962	-2.0172729666841747
136.50040564181674	-2.0198919166463836
138.48584976098482	-2.0216280802019524
140.50017282986593	-2.022424312945496
142.5437949024563	-2.0222310916933304
144.61714214257822	-2.0210074069307504
146.7206469127495	-2.0187215489531685
148.8547478643456	-2.015351760153233
151.01989002907314	-2.0108867264857517
153.216524911774	-2.0053258831208853
155.4451105845792	-1.998679513196365
157.70611178243232	-1.990968624469715
160.00000000000236	-1.982224595856333
162.3272535900062	-1.9724885942017223
164.6883578629612	-1.9618107714771797
167.08380518838874	-1.9502492635461086
169.51409509748981	-1.9378690218779393
171.97973438731407	-1.9247405176602
174.4812372264439	-1.9109383632677406
177.01912526221608	-1.8965398992785407
179.5939277295025	-1.8816237960626179
182.20618156107355	-1.866268716243643
184.85643149956664	-1.8505520782120217
187.54523021108326	-1.8345489533766501
190.27313840043846	-1.8183311218698122
193.04072492808663	-1.8019663027588995
195.84856692874806	-1.7855175655731026
198.69724993176072	-1.7690429211512375
201.58736798318304	-1.7525950827731993
204.5195237696723	-1.7362213839289666
207.49432874416505	-1.7199638365877523
210.5124032533856	-1.7038593124941794
213.57437666720915	-1.6879398299120554
216.68088750990657	-1.6722329293953968
219.83258359329807	-1.6567621241163257
223.03012215184378	-1.6415474122013942
226.2741699796992	-1.626605839889767
229.5654035697641	-1.6119521046020382
232.90450925475412	-1.597599186160648
236.2921833503241	-1.5835589933936034
239.72913230027333	-1.5698430124050113
243.21607282386276	-1.556462941498951
246.75373206527502	-1.5434312960355905
250.34284774524843	-1.5307619650868443
253.9841683149166	-1.5184707008655618
257.67845311188546	-1.5065755213938954
261.42647251858085	-1.4950970067917753
265.22900812289896	-1.484058470212321
269.08685288119375	-1.4734859860302025
273.0008112836349	-1.463408260529576
276.97169952197106	-1.4538563340704174
281.00034565973334	-1.444863108363132
285.0875898049141	-1.4364626980018786
289.23428428515797	-1.4286896117978733
293.44129382550057	-1.4215777765950166
297.7094957286928	-1.415159423960778
302.0397800581479	-1.4094638683030944
306.4330498235497	-1.4045162133480815
310.89022116916016	-1.400336032133574
315.41222356486645	-1.3969360732140383
320.00000000000654	-1.394321052259632
324.6545071800142	-1.3924865932917547
329.3767157259242	-1.3914183869865504
334.16761037677935	-1.3910916341905115
339.02819019498156	-1.391470840464223
343.95946877463007	-1.3925100215310635
348.9624744528898	-1.3941533695768826
354.03825052443415	-1.3963364162881928
359.187855459007	-1.3989877103170625
364.4123631221491	-1.402031004651127
369.71286299913527	-1.4053879233322528
375.0904604221685	-1.4089810474361961
380.54627680087896	-1.412737328383348
386.08144985617537	-1.416591704393594
391.6971338574982	-1.4204907650032879
397.3944998635236	-1.4243962801894343
403.1747359663683	-1.4282883876358923
409.0390475393468	-1.432168218744014
414.9886574883323	-1.4360597441340408
421.0248065067734	-1.4400106313722856
427.1487533344206	-1.4440919341361964
433.3617750198154	-1.448396479978124
439.6651671865984	-1.45303589677772
446.06024430368984	-1.4581363107854213
452.54833995940066	-1.4638328592634196
459.13080713953053	-1.4702632849260877
465.8090185095106	-1.4775610064217881
472.58436670065066	-1.485848167273021
479.45826460054917	-1.4952292267262366
486.432145647728	-1.5057856430052685
493.50746413055253	-1.5175721004789207
500.6856954904994	-1.5306145587844546
507.9683366298358	-1.5449101839268389
515.3569062237735	-1.5604290019868503
522.8529450371643	-1.5771169418528537
530.4580162458005	-1.5948998351597323
538.1737057623901	-1.6136879217489863
546.0016225672724	-1.6333804496385538
553.9433990439449	-1.6538700359997627
562.0006913194694	-1.6750465493359368
570.1751796098309	-1.6968003660386737
578.4685685703187	-1.7190249355377576
586.8825876510039	-1.7416186520459096
595.4189914573883	-1.7644860764977643
604.0795601162986	-1.787538582035941
612.8660996471021	-1.8106945139825068
621.780442338323	-1.833878963914237
630.8244471297356	-1.8570232590668434
640.0000000000159	-1.8800642637030187
649.3090143600314	-1.9029435778502979
658.7534314518515	-1.9256067011544435
668.3352207535618	-1.9480022059717574
678.0563803899662	-1.9700809350271382
687.9189375492632	-1.9917952058411947
697.9249489057827	-2.0130979680206353
708.0765010488715	-2.033941823957854
718.3757109180171	-2.0542777941173
728.8247262443015	-2.074053688791792
739.425725998274	-2.093211941285221
750.1809208443404	-2.1116867656350635
761.0925536017613	-2.1294005299190424
772.1628997123541	-2.146259288657607
783.3942677149998	-2.1621474985074562
794.7889997270506	-2.1769220527440747
806.34947193274	-2.1904059146746655
818.0780950786972	-2.202381809215426
829.9773149766683	-2.212586639826393
842.0496130135506	-2.220707518223676
854.2975066688449	-2.226380498438655
866.7235500396347	-2.2291932463521316
879.3303343732008	-2.228692871514347
892.1204886073838	-2.2243998901711883
905.0966799188055	-2.215828661861589
918.2616142790653	-2.2025135748389486
931.6180370190256	-2.1840388082653344
945.1687334013056	-2.160067975612256
958.9165292011028	-2.1303689355610085
972.8642912954606	-2.0948292101119126
987.0149282611097	-2.0534590984772985
1001.3713909810035	-2.0063823320100225
1015.9366732596762	-1.953816968722174
1030.7138124475518	-1.896051123552643
1045.7058900743334	-1.8334185773790133
1060.916032491606	-1.7662784973830603
1076.3474115247852	-1.6950019998021142
1092.0032451345498	-1.6199666361321696
1107.8867980878947	-1.541558406130071
1124.0013826389438	-1.4601796951254655
1140.350359219667	-1.3762605653332018
1156.9371371406426	-1.2902700343086857
1173.765175302013	-1.202723329309291
1190.837982914782	-1.1141807097455523
1208.1591202326028	-1.025233573004289
1225.73219929421	-0.9364746811584447
1243.5608846766518	-0.8484520599970731
1261.648894259477	-0.7616107517468321
1280.0000000000375	-0.6762324329176217
1298.6180287200684	-0.5923874723052873
1317.5068629037087	-0.5099137490533806
1336.6704415071292	-0.4284296967792609
1356.112760779938	-0.3473783150002743
1375.8378750985323	-0.2660901083254957
1395.8498978115715	-0.18385011630943193
1416.153002097749	-0.09995697073348092
1436.7514218360407	-0.013767170263376538
1457.6494524886093	0.07527730795538529
1478.8514519965543	0.16763659773380712
1500.3618416886875	0.263672578477216
1522.1851072035295	0.36365692745730765
1544.3257994247153	0.46778423772251826
1566.788535430007	0.576187493966789
1589.5779994541087	0.6889539519688184
1612.6989438654878	0.8061401860946322
1636.156190157402	0.9277856842540859
1659.9546299533442	1.0539248447215916
1684.099226027109	1.1845975449400494
1708.5950133376978	1.3198586077672536
1733.4471000792773	1.4597864963556366
1758.6606687464096	1.604491441577816
1784.2409772147755	1.7541229640599059
1810.193359837619	1.9088764231745607
1836.5232285581387	2.068997838004784
1863.2360740380593	2.2347858094737996
1890.3374668026197	2.406588994501056
1917.833058402214	2.5847973529542703
1945.7285825909298	2.7698254502445923
1974.0298565222283	2.962086618955955
2002.7427819620161	3.1619578970456597
2031.8733465193618	3.369737358110033
2061.4276248951132	3.5855974898531224
2091.411780148677	3.809540191932937
2121.832064983222	4.041360142173679
2152.694823049581	4.2806231247552144
2184.0064902691106	4.526664098301179
2215.7735961758003	4.778606587059775
2248.002765277899	5.035401237226674
2280.7007184393456	5.2958780794718265
2313.874274281297	5.558804916772913
2347.530350604038	5.8229436245593105
2381.6759658295764	6.087096802506602
2416.318240465218	6.350138566002814
2451.4643985884327	6.6110247907451924
2487.1217693533167	6.868779659562553
2523.2977885189675	7.122456975048947
2560.0000000000887	7.371076544124761
2597.236057440151	7.61353858204036
2635.0137258074315	7.848523154569643
2673.340883014273	8.074387451604212
2712.225521559891	8.289080979151063
2751.6757501970797	8.490106611897916
2791.699795623158	8.67456100782377
2832.3060041955137	8.839285599511735
2873.502843672097	8.981142169449985
2915.2989049772345	9.097390281168552
2957.7029039931244	9.18609335396021
3000.723683377391	9.246439682714348
3044.370214407075	9.278868810621946
3088.6515988494466	9.284956838359228
3133.57707086003	9.267105270975994
3179.1559989082334	9.228141228306015
3225.3978877309914	9.170942413233476
3272.3123803148205	9.098161985271489
3319.9092599067053	9.012078720943578
3368.198452054235	8.914559667445474
3417.190026675413	8.807102938301716
3466.8942001585724	8.690924258935771
3517.3213374928373	8.567056210600041
3568.4819544295697	8.436438281613308
3620.386719675257	8.299985319885689
3673.0464571162966	8.158630211375167
3726.472148076138	8.013342760504559
3780.6749336052594	7.865130243693376
3835.6661168044484	7.715026141587503
3891.45716518188	7.5640731497302784
3948.059713044477	7.413305503790437
4005.4855639240527	7.263734077772938
4063.746693038744	7.116335636258055
4122.855249790247	6.972045522641015
4182.823560297375	6.831751566579125
4243.664129966465	6.696286521498993
4305.389646099183	6.566416765809743
4368.012980538242	6.442826015826919
4431.5471923516225	6.326094487941235
4496.00553055582	6.216676084248726
4561.401436878714	6.114877480809694
4627.748548562617	6.020842835187219
4695.060701208099	5.934547110033257
4763.351931659176	5.85580015980406
4832.63648093046	5.784261548623291
4902.928797176889	5.719462618842214
4974.243538706657	5.66082976387203
5046.595577037959	5.607702002763004
5120.000000000202	5.559335592427083
5194.472114880326	5.514887894807546
5270.027451614888	5.473372305093821
5346.6817660285715	5.433578307700095
5424.451043119808	5.393962683428688
5503.351500394186	5.352544098329978
5583.399591246343	5.306861311757665
5664.612008391055	5.254067857043614
5747.005687344222	5.191226702893315
5830.597809954497	5.115819100776324
5915.405807986278	5.026368419757197
6001.447366754812	4.9229588850320996
6088.740428814181	4.807419689346791
6177.303197698925	4.683114479100555
6267.154141720092	4.554516651386854
6358.3119978165005	4.426853418405325
6450.795775462017	4.305996455077998
6544.624760629676	4.198547622257239
6639.818519813445	4.1118372662402285
6736.396904108505	4.05346065364439
6834.380053350861	4.030138317687864
6933.788400317181	4.046085416867281
7034.642674985712	4.101493945843679
7136.963908859177	4.191824275896851
7240.773439350552	4.30821032459959
7346.092914232631	4.438708417703998
7452.944296152315	4.5698541682703935
7561.349867210557	4.6881197184677035
7671.332233608935	4.781098171763705
7782.914330363799	4.838403259812122
7896.119426088994	4.852353812527523
8010.971127848146	4.818451908900555
8127.49338607753	4.735581048119962
8245.710499580537	4.605860409146559
8365.647120594791	4.434148444034555
8487.328259932974	4.227279897544353
8610.77929219841	3.9931784170594304
8736.025961076528	3.7399717726071784
8863.094384703289	3.4751751556572232
8992.011061111683	3.2049278221747266
9122.802873757471	2.933215182546383
9255.497097125279	2.6610535626170146
9390.121402416245	2.385701630925803
9526.7038633184	2.100075242358196
9665.272961860968	1.792621312749847
9805.857594353829	1.4479795394375063
9948.487077413367	1.0488000783566218
10093.19115407597	0.5788928121774972
10240.000000000457	0.027378014411956614
10388.944229760706	-0.6069530828661613
10540.05490322983	-1.3121893331860952
10693.363532057198	-2.0621056921445446
10848.902086239672	-2.818236585021668
11006.703000788428	-3.5350402877821905
11166.799182492743	-4.166555783701197
11329.224016782166	-4.672286128158294
11494.0113746885	-5.020580037939304
11661.195619909053	-5.1893132744778905
11830.811615972614	-5.165179461598514
12002.894733509682	-4.94331263795984
12177.48085762842	-4.528639508890456
12354.606395397908	-3.9392285063675825
12534.308283440243	-3.2098272493886904
12716.62399563306	-2.392016948263744
12901.591550924093	-1.5493719696998143
13089.249521259411	-0.7486337981463967
13279.637039626952	-0.04937280784512221
13472.793808217073	0.5051540387403359
13668.760106701786	0.8938084900432562
13867.576800634426	1.1185473500688605
14069.285349971487	1.2002530669284275
14273.927817718419	1.1711697098482614
14481.54687870117	1.067817016011915
14692.18582846533	0.9269359230250688
14905.888592304698	0.782530290162501
15122.699734421185	0.661523369192414
15342.664467217943	0.5791457994720489
15565.828660727671	0.5351166316959112
15792.238852178061	0.5111236468577233
16021.942255696367	0.47120148727590905
16254.986772155136	0.36671550500807737
16491.42099916115	0.14642115024623026
16731.294241189662	-0.2300966214306731
16974.65651986603	-0.7806323333346152
17221.558584396902	-1.4946606145287722
17472.051922153143	-2.334763687831463
17726.188769406665	-3.244954005133748
17984.022122223458	-4.164162245795531
18245.605747515034	-5.041134844775984
18510.99419425065	-5.844112052739933
18780.242804832582	-6.558349185407444
19053.40772663689	-7.172717204885837
19330.545923722028	-7.673945165121215
19611.71518870775	-8.062337056414592
19896.974154826825	-8.366886824478184
20186.382308152035	-8.633487308045845