20	14.39085079182321
20.290906698750476	14.396856047448416
20.586044732869844	14.45921868470765
20.885475648548283	14.52308822353276
21.189261887185914	14.563248054133325
21.49746679841394	14.57727467129296
21.810154653305165	14.569393101722861
22.12739065777668	14.543507937915308
22.449240966187475	14.501497545174802
22.77577269513385	14.442978032530004
23.107053937445478	14.36520211232295
23.44315377638505	14.262962369407994
23.784142300054445	14.12943382226072
24.130090616010463	13.961292444878104
24.481070866093134	13.774709876302541
24.837156241469714	13.62711443159419
25.1984209978975	13.589880997136762
25.56494047120865	13.658307680114486
25.936791093020236	13.758770981657923
26.3140504066728	13.838191971472682
26.69679708340074	13.88361878894985
27.08511093873791	13.899647514950473
27.47907294916184	13.893787599582904
27.878765268980047	13.872142562213387
28.284271247461966	13.838964789863848
28.695675446220072	13.797086288371347
29.11306365684382	13.748377857538928
29.536522918790062	13.694082177352907
29.966141537533712	13.635032557922056
30.402009102982383	13.571792621177146
30.844216508158908	13.504745351644749
31.29285596815558	13.434150419331411
31.74802103936409	13.360181623094137
32.20980663898519	13.282951766843258
32.67830906482211	13.202529494149424
33.153626015361866	13.118950915821559
33.63585661014871	13.032227837601866
34.125101410453844	12.94235376684529
34.62146244024586	12.849308490346441
35.12504320746613	12.75306177695926
35.635948725613716	12.65357661268655
36.15428553564419	12.55081228886828
36.68016172818701	12.444727615085508
37.21368696608603	12.335284503724447
37.754972507267915	12.222452162841774
38.30413122794313	12.106212129477038
38.86127764614443	11.98656436795738
39.4265279456077	11.863534636380152
40.000000000000206	11.737183275884053
40.58181339750116	11.607615484677591
41.1720894657399	11.474992982365805
41.77095129709678	11.339546729507788
42.37852377437204	11.201590026644656
42.9949335968281	11.061530873967323
43.62030930661056	10.919881952142553
44.25478131555359	10.77726605485997
44.89848193237519	10.634414390351635
45.55154539026795	10.492155058273603
46.21410787489121	10.35138942168302
46.88630755277036	10.213055226375868
47.56828460010916	10.078077237956624
48.260181232021196	9.94730869396458
48.962141732186545	9.821469516058167
49.674312482939705	9.701089248340878
50.39684199579528	9.586463290406293
51.129880942417586	9.477629671324639
51.873582186040764	9.374370440122899
52.628100813345895	9.27623746760646
53.393594166801776	9.182598231834719
54.17022187747612	9.092694140102024
54.95814589832399	9.00570280463425
55.75753053796041	8.920796450754308
56.56854249492426	8.837190747086293
57.39135089244048	8.754181006655383
58.226127313687975	8.671165186349882
59.073045837580466	8.587654952066533
59.932283075067765	8.503277128992323
60.804018205965114	8.417768205048992
61.68843301631817	8.330964402419593
62.58571193631152	8.24278939815143
63.49604207872855	8.15324124116757
64.41961327797075	8.062379500207728
65.35661812964459	7.970313249226244
66.3072520307241	7.877190175612155
67.27171322029778	7.783186878452348
68.25020282090806	7.688500292494583
69.2429248804921	7.593340108139231
70.25008641493265	7.497922039253804
71.27189745122783	7.402461802554504
72.30857107128878	7.307169701898555
73.36032345637442	7.2122457484290265
74.42737393217246	7.117875286068268
75.50994501453623	7.0242251264154
76.60826245588666	6.931440224296655
77.72255529228926	6.839640942979614
78.85305589121582	6.7489209654304485
80.00000000000082	6.659345904969635
81.16362679500274	6.570952656186075
82.34417893148023	6.483749506723882
83.541902594194	6.39771700485999
84.75704754874454	6.312809549321439
85.98986719365665	6.228957639314134
87.24061861322157	6.146070696867228
88.50956263110764	6.064040352515333
89.79696386475084	5.982744070592524
91.10309078053635	5.902048982835113
92.42821574978288	5.821815798688121
93.77261510554118	5.741902667143187
95.13656920021877	5.662168877045074
96.52036246404286	5.582478299147384
97.92428346437356	5.5027024922168675
99.34862496587989	5.422723415641979
100.79368399159105	5.342435710946762
102.25976188483567	5.261748533239769
103.74716437208203	5.180586930131119
105.25620162669229	5.09889277952085
106.78718833360406	5.016625308663529
108.34044375495276	4.9337612250687854
109.9162917966485	4.8502944953004645
111.51506107592134	4.766235810902932
113.13708498984903	4.681611781862733
114.78270178488147	4.596463897608382
116.45225462737648	4.510847293959772
118.14609167516147	4.424829362063142
119.86456615013608	4.3384882325639245
121.60803641193078	4.251911165380192
123.3768660326369	4.165192872651209
125.17142387262359	4.078433799905698
126.99208415745765	3.991738388311737
128.83922655594208	3.905213339095642
130.71323625928977	3.818965899852179
132.61450406144883	3.7331021915244023
134.5434264405962	3.647725594313732
136.50040564181674	3.5629352106275567
138.48584976098482	3.4788244232871435
140.50017282986593	3.3954795674819573
142.5437949024563	3.312978735230673
144.61714214257822	3.2313907311991272
146.7206469127495	3.1507741984132633
148.8547478643456	3.071176931474686
151.01989002907314	2.9926353931530096
153.216524911774	2.9151744473237766
155.4451105845792	2.8388073166748016
157.70611178243232	2.7635357674097034
160.00000000000236	2.689350516099645
162.3272535900062	2.616231846060624
164.6883578629612	2.5441504119245453
167.08380518838874	2.47306820182867
169.51409509748981	2.4029396187296697
171.97973438731407	2.333712637147949
174.4812372264439	2.2653299894909833
177.01912526221608	2.1977303365683296
179.5939277295025	2.13084937990924
182.20618156107355	2.0646208799588024
184.85643149956664	1.9989775537083179
187.54523021108326	1.9338518355033232
190.27313840043846	1.8691764945097367
193.04072492808663	1.804885111592112
195.84856692874806	1.740912426932276
198.69724993176072	1.677194576524136
201.58736798318304	1.6136692395009598
204.5195237696723	1.5502757186067626
207.49432874416505	1.4869549736469607
210.5124032533856	1.4236496237953142
213.57437666720915	1.3603039295407058
216.68088750990657	1.2968637592196441
219.83258359329807	1.2332765393362433
223.03012215184378	1.1694911833241024
226.2741699796992	1.1054579907559603
229.5654035697641	1.041128508831112
232.90450925475412	0.9764553502322877
236.2921833503241	0.9113919650128885
239.72913230027333	0.8458923685866131
243.21607282386276	0.7799108332731155
246.75373206527502	0.7134015569862577
250.34284774524843	0.6463183285654672
253.9841683149166	0.5786142145171853
257.67845311188546	0.5102412965409604
261.42647251858085	0.44115049305048526
265.22900812289896	0.37129150065508776
269.08685288119375	0.3006128930947598
273.0008112836349	0.22906241539572558
276.97169952197106	0.15658751011837957
281.00034565973334	0.08313611078797345
285.0875898049141	0.008657735025931812
289.23428428515797	-0.06689509353036416
293.44129382550057	-0.14356506985572037
297.7094957286928	-0.22138795983745152
302.0397800581479	-0.30039006936855417
306.4330498235497	-0.38058533086491453
310.89022116916016	-0.46197202469133947
315.41222356486645	-0.544529177647114
320.00000000000654	-0.6282127164358512
324.6545071800142	-0.7129515044901859
329.3767157259242	-0.7986434585104951
334.16761037677935	-0.885152026999718
339.02819019498156	-0.9723034125778212
343.95946877463007	-1.0598850206389254
348.9624744528898	-1.1476456960187489
354.03825052443415	-1.235298332288675
359.187855459007	-1.322525362573402
364.4123631221491	-1.4089874265947429
369.71286299913527	-1.4943351371536648
375.0904604221685	-1.5782233647001036
380.54627680087896	-1.6603269044667588
386.08144985617537	-1.7403559246032465
391.6971338574982	-1.8180693723613244
397.3944998635236	-1.8932846539138182
403.1747359663683	-1.96588241806593
409.0390475393468	-2.035806056096181
414.9886574883323	-2.1030563719904993
421.0248065067734	-2.167682549512025
427.1487533344206	-2.229770888267896
433.3617750198154	-2.2894327698798405
439.6651671865984	-2.346793030914072
446.06024430368984	-2.4019795028037865
452.54833995940066	-2.4551140775441613
459.13080713953053	-2.5063053744287047
465.8090185095106	-2.555642952816882
472.58436670065066	-2.603193013046033
479.45826460054917	-2.648995589960651
486.432145647728	-2.6930633012476877
493.50746413055253	-2.7353817155439764
500.6856954904994	-2.7759113373974946
507.9683366298358	-2.8145910818011304
515.3569062237735	-2.851342966786196
522.8529450371643	-2.88607763435168
530.4580162458005	-2.9187002511418623
538.1737057623901	-2.949116346809664
546.0016225672724	-2.9772372057224965
553.9433990439449	-3.0029845159146484
562.0006913194694	-3.026294079576012
570.1751796098309	-3.0471184865279954
578.4685685703187	-3.0654287357871834
586.8825876510039	-3.0812148556560413
595.4189914573883	-3.0944856190992294
604.0795601162986	-3.1052674808650984
612.8660996471021	-3.1136028795495627
621.780442338323	-3.1195480548017747
630.8244471297356	-3.1231705289481333
640.0000000000159	-3.1245463943673606
649.3090143600314	-3.123757532612764
658.7534314518515	-3.1208888688801038
668.3352207535618	-3.116025736589679
678.0563803899662	-3.109251392571662
687.9189375492632	-3.1006446846749585
697.9249489057827	-3.090277832126107
708.0765010488715	-3.078214238405741
718.3757109180171	-3.064506222619075
728.8247262443015	-3.0491925323879125
739.425725998274	-3.0322954916450446
750.1809208443404	-3.0138176432119153
761.0925536017613	-2.9937377734751522
772.1628997123541	-2.9720062596682038
783.3942677149998	-2.948539762903267
794.7889997270506	-2.923215404560184
806.34947193274	-2.8958647125468637
818.0780950786972	-2.8662678082595163
829.9773149766683	-2.834148518964378
842.0496130135506	-2.799171326869951
854.2975066688449	-2.760941276572706
866.7235500396347	-2.7190081077529515
879.3303343732008	-2.672875879981544
892.1204886073838	-2.622019100704548
905.0966799188055	-2.5659057398063716
918.2616142790653	-2.5040264415790046
931.6180370190256	-2.4359277865862667
945.1687334013056	-2.3612459145627147
958.9165292011028	-2.279735775599486
972.8642912954606	-2.1912913958092393
987.0149282611097	-2.0959541490299296
1001.3713909810035	-1.9939087308176577
1015.9366732596762	-1.8854693254886394
1030.7138124475518	-1.7710602921889715
1045.7058900743334	-1.6511960818630083
1060.916032491606	-1.5264642341852004
1076.3474115247852	-1.397513767114336
1092.0032451345498	-1.2650496151601205
1107.8867980878947	-1.1298323275723758
1124.0013826389438	-0.9926811142615867
1140.350359219667	-0.8544774982360249
1156.9371371406426	-0.7161662324885312
1173.765175302013	-0.5787497389310673
1190.837982914782	-0.4432722030384081
1208.1591202326028	-0.3107898509435197
1225.73219929421	-0.18232528502971834
1243.5608846766518	-0.05880660873983501
1261.648894259477	0.059003282073438634
1280.0000000000375	0.17057616354859761
1298.6180287200684	0.27567133717348924
1317.5068629037087	0.3743571510653073
1336.6704415071292	0.4669937761565679
1356.112760779938	0.5541810000914436
1375.8378750985323	0.636683963867382
1395.8498978115715	0.7153528231619861
1416.153002097749	0.7910496508978113
1436.7514218360407	0.8645906004945523
1457.6494524886093	0.9367062457931755
1478.8514519965543	1.008019406153714
1500.3618416886875	1.0790377607960349
1522.1851072035295	1.150157772099439
1544.3257994247153	1.2216764340262725
1566.788535430007	1.2938077846249592
1589.5779994541087	1.3667017231205822
1612.6989438654878	1.440463310718369
1636.156190157402	1.5151713340114108
1659.9546299533442	1.5908954233256707
1684.099226027109	1.6677114118232799
1708.5950133376978	1.7457148789863366
1733.4471000792773	1.825032941398356
1758.6606687464096	1.905834339643311
1784.2409772147755	1.9883377322262779
1810.193359837619	2.072817866295806
1836.5232285581387	2.1596089773721405
1863.2360740380593	2.249104404269831
1890.3374668026197	2.341751057675683
1917.833058402214	2.438037164426505
1945.7285825909298	2.538471771643102
1974.0298565222283	2.64355500576726
2002.7427819620161	2.753739180595347
2031.8733465193618	2.869382530073546
2061.4276248951132	2.9906993688175625
2091.411780148677	3.1177123913442055
2121.832064983222	3.2502140012054834
2152.694823049581	3.3877434197581655
2184.0064902691106	3.5295845350996746
2215.7735961758003	3.6747862956364945
2248.002765277899	3.8222037601914045
2280.7007184393456	3.9705546694383123
2313.874274281297	4.118484333033996
2347.530350604038	4.264631032756393
2381.6759658295764	4.407684803688659
2416.318240465218	4.546433765752951
2451.4643985884327	4.6797935945705085
2487.1217693533167	4.80681705294938
2523.2977885189675	4.9266817982967135
2560.0000000000887	5.038656070098264
2597.236057440151	5.142043913903344
2635.0137258074315	5.236114965368874
2673.340883014273	5.320028825962102
2712.225521559891	5.39277062030526
2751.6757501970797	5.453121613466965
2791.699795623158	5.499694103782446
2832.3060041955137	5.5310578379096
2873.502843672097	5.545969021927802
2915.2989049772345	5.543678120628941
2957.7029039931244	5.524244790162249
3000.723683377391	5.488750991263421
3044.370214407075	5.439310724198659
3088.6515988494466	5.378840756820416
3133.57707086003	5.3106492598877795
3179.1559989082334	5.237962209187314
3225.3978877309914	5.163510646838761
3272.3123803148205	5.089259468741159
3319.9092599067053	5.016303307299743
3368.198452054235	4.944911433499181
3417.190026675413	4.874679506301271
3466.8942001585724	4.804739181452011
3517.3213374928373	4.733981305620359
3568.4819544295697	4.661258987455569
3620.386719675257	4.585549237299867
3673.0464571162966	4.506063786938171
3726.472148076138	4.422309572437589
3780.6749336052594	4.334106021306655
3835.6661168044484	4.2415695734503736
3891.45716518188	4.1450766951086235
3948.059713044477	4.0452158852283695
4005.4855639240527	3.9427371779184424
4063.746693038744	3.838504686421554
4122.855249790247	3.7334545415943357
4182.823560297375	3.6285579767753573
4243.664129966465	3.524787867442648
4305.389646099183	3.4230866934288233
4368.012980538242	3.324334373001941
4431.5471923516225	3.229315789889722
4496.00553055582	3.1386898300116335
4561.401436878714	3.052963037890068
4627.748548562617	2.9724709109613396
4695.060701208099	2.897369243614819
4763.351931659176	2.8276372093442332
4832.63648093046	2.7630918095032215
4902.928797176889	2.7034099698590763
4974.243538706657	2.6481520792392907
5046.595577037959	2.5967799659564346
5120.000000000202	2.548661985150823
5194.472114880326	2.503057396349972
5270.027451614888	2.4590718139897785
5346.6817660285715	2.415577782384296
5424.451043119808	2.3711064876392904
5503.351500394186	2.3237428284395665
5583.399591246343	2.271084076130914
5664.612008391055	2.210334971688452
5747.005687344222	2.138602763053811
5830.597809954497	2.053406384709843
5915.405807986278	1.9533005786927424
6001.447366754812	1.838394872102615
6088.740428814181	1.7105378799665951
6177.303197698925	1.5731069356556775
6267.154141720092	1.4305834860851607
6358.3119978165005	1.2881972096143979
6450.795775462017	1.1518166744534832
6544.624760629676	1.0280350325080347
6639.818519813445	0.9241682526586673
6736.396904108505	0.8477914568214606
6834.380053350861	0.8055991405279278
6933.788400317181	0.8017743866471128
7034.642674985712	0.8364709223358416
7136.963908859177	0.9051045104230395
7240.773439350552	0.9987579934950109
7346.092914232631	1.105430078601213
7452.944296152315	1.2115922208180603
7561.349867210557	1.3036459950765014
7671.332233608935	1.3691078418363212
7782.914330363799	1.39750930651462
7896.119426088994	1.3810824391539251
8010.971127848146	1.3152393577490586
8127.49338607753	1.19877247469759
8245.710499580537	1.033711654869564
8365.647120594791	0.8248317971502779
8487.328259932974	0.5788952281100214
8610.77929219841	0.30377141539571617
8736.025961076528	0.00756139941810384
8863.094384703289	-0.30220720350571545
8992.011061111683	-0.6193290268510109
9122.802873757471	-0.9396813151028485
9255.497097125279	-1.2620186894627796
9390.121402416245	-1.588738891552976
9526.7038633184	-1.9264440315131894
9665.272961860968	-2.286043950064053
9805.857594353829	-2.6820762286444007
9948.487077413367	-3.1308792193151467
10093.19115407597	-3.647447780158936
10240.000000000457	-4.241307346564308
10388.944229760706	-4.912202182728436
10540.05490322983	-5.646721034713653
10693.363532057198	-6.4172010133293425
10848.902086239672	-7.183914244220794
11006.703000788428	-7.9003478733317545
11166.799182492743	-8.519962249546449
11329.224016782166	-9.002144317717487
11494.0113746885	-9.315614620025666
11661.195619909053	-9.439083469485919
11830.811615972614	-9.360469152829614
12002.894733509682	-9.076412298836495
12177.48085762842	-8.593501859285498
12354.606395397908	-7.931498638310904
12534.308283440243	-7.126763963450066
12716.62399563306	-6.23233241728159
12901.591550924093	-5.313020726603484
13089.249521259411	-4.436580291483601
13279.637039626952	-3.663361278964852
13472.793808217073	-3.037189294883548
13668.760106701786	-2.5795887381783245
13867.576800634426	-2.2888390295506023
14069.285349971487	-2.1441763951772943
14273.927817718419	-2.11338752971429
14481.54687870117	-2.1599212095631257
14692.18582846533	-2.246964094037453
14905.888592304698	-2.340416219000737
15122.699734421185	-2.413248120580613
15342.664467217943	-2.4501234277652317
15565.828660727671	-2.4512260449524095
15792.238852178061	-2.434786243981048
16021.942255696367	-2.4367076783620765
16254.986772155136	-2.505587891187241
16491.42099916115	-2.6926629309196906
16731.294241189662	-3.038371998101346
16974.65651986603	-3.5605708732324994
17221.558584396902	-4.248837578250223
17472.051922153143	-5.065905484192971
17726.188769406665	-5.9559921494303465
17984.022122223458	-6.858295225470244
18245.605747515034	-7.721904573452479
18510.99419425065	-8.515513886266547
18780.242804832582	-9.225011598473836
19053.40772663689	-9.84018310762191
19330.545923722028	-10.348988762829492
19611.71518870775	-10.752958394269312
19896.974154826825	-11.081208260302892
20186.382308152035	-11.377008274011434