20	8.433018543902506
20.290906698750476	8.404029782564576
20.586044732869844	8.375029058418862
20.885475648548283	8.345997566300412
21.189261887185914	8.316909688259404
21.49746679841394	8.287734599730403
21.810154653305165	8.258437701277822
22.12739065777668	8.228981882660518
22.449240966187475	8.199328627469322
22.77577269513385	8.16943896770466
23.107053937445478	8.139274298420869
23.44315377638505	8.108797063014038
23.784142300054445	8.077971319918236
24.130090616010463	8.046763201433713
24.481070866093134	8.01514127515739
24.837156241469714	7.98307681805265
25.1984209978975	7.950544012640876
25.56494047120865	7.9175200741943055
25.936791093020236	7.8839853172186185
26.3140504066728	7.849923168964893
26.69679708340074	7.8153201372024315
27.08511093873791	7.780165738991263
27.47907294916184	7.74445239671281
27.878765268980047	7.708175307158813
28.284271247461966	7.6713322890380296
28.695675446220072	7.6339236138355595
29.11306365684382	7.595951824559883
29.536522918790062	7.557421546538696
29.966141537533712	7.518339294048317
30.402009102982383	7.4787132761577855
30.844216508158908	7.438553204736024
31.29285596815558	7.397870107123099
31.74802103936409	7.356676145527765
32.20980663898519	7.314984444803516
32.67830906482211	7.272808929883219
33.153626015361866	7.2301641738160765
33.63585661014871	7.18706525703476
34.125101410453844	7.143527638173957
34.62146244024586	7.099567036462872
35.12504320746613	7.055199325433183
35.635948725613716	7.010440437444759
36.15428553564419	6.965306278355194
36.68016172818701	6.9198126515461365
37.21368696608603	6.873975190452425
37.754972507267915	6.827809298706557
38.30413122794313	6.7813300970085395
38.86127764614443	6.734552375866925
39.4265279456077	6.687490553439868
40.000000000000206	6.6401586378317115
40.58181339750116	6.592570193364594
41.1720894657399	6.544738310542242
41.77095129709678	6.49667557964295
42.37852377437204	6.448394068090833
42.9949335968281	6.399905301933686
43.62030930661056	6.351220251891374
44.25478131555359	6.302349324527086
44.89848193237519	6.253302359128349
45.55154539026795	6.204088630858413
46.21410787489121	6.154716860646817
46.88630755277036	6.105195232131901
47.56828460010916	6.0555314157585824
48.260181232021196	6.005732599889947
48.962141732186545	5.955805528525435
49.674312482939705	5.905756544952428
50.39684199579528	5.8555916404376145
51.129880942417586	5.8053165069084915
51.873582186040764	5.754936592483
52.628100813345895	5.704457158659088
53.393594166801776	5.653883337936275
54.17022187747612	5.603220190579823
54.95814589832399	5.552472759144766
55.75753053796041	5.501646119252486
56.56854249492426	5.45074542496448
57.39135089244048	5.399775946924395
58.226127313687975	5.348743101237565
59.073045837580466	5.2976524668782075
59.932283075067765	5.246509789387736
60.804018205965114	5.195320968847437
61.68843301631817	5.1440920306047895
62.58571193631152	5.09282907797549
63.49604207872855	5.041538227022521
64.41961327797075	4.990225524454866
65.35661812964459	4.938896850676704
66.3072520307241	4.887557811010134
67.27171322029778	4.836213618972032
68.25020282090806	4.784868976101952
69.2429248804921	4.733527953163396
70.25008641493265	4.682193877570588
71.27189745122783	4.630869231730262
72.30857107128878	4.579555566713273
73.36032345637442	4.52825343530924
74.42737393217246	4.476962348086431
75.50994501453623	4.425680755598568
76.60826245588666	4.374406059364234
77.72255529228926	4.323134653707364
78.85305589121582	4.271861999988636
80.00000000000082	4.220582734157161
81.16362679500274	4.169290807906827
82.34417893148023	4.117979663063692
83.541902594194	4.066642438176727
84.75704754874454	4.015272205647253
85.98986719365665	3.9638622371297867
87.24061861322157	3.91240629438767
88.50956263110764	3.8608989422966684
89.79696386475084	3.809335880249164
91.10309078053635	3.7577142878007845
92.42821574978288	3.706033180007933
93.77261510554118	3.6542937675306857
95.13656920021877	3.602499816215951
96.52036246404286	3.550658000505688
97.92428346437356	3.4987782446298055
99.34862496587989	3.446874045161803
100.79368399159105	3.3949627681748757
102.25976188483567	3.3430659139789793
103.74716437208203	3.291209342273053
105.25620162669229	3.239423450530508
106.78718833360406	3.1877432985631637
108.34044375495276	3.1362086724920837
109.9162917966485	3.084864081806515
111.51506107592134	3.0337586838096966
113.13708498984903	2.982946130496421
114.78270178488147	2.9324843337594353
116.45225462737648	2.8824351457748056
118.14609167516147	2.8328639524859556
119.86456615013608	2.7838391793405988
121.60803641193078	2.7354317098581236
123.3768660326369	2.6877142192105103
125.17142387262359	2.6407604267709477
126.99208415745765	2.5946442735077517
128.83922655594208	2.549439032152863
130.71323625928977	2.5052163602259654
132.61450406144883	2.4620453082442157
134.5434264405962	2.4199912978069427
136.50040564181674	2.3791150866780093
138.48584976098482	2.3394717404253855
140.50017282986593	2.3011096325327327
142.5437949024563	2.264069497057414
144.61714214257822	2.22838355970328
146.7206469127495	2.1940747743949296
148.8547478643456	2.16115619286495
151.01989002907314	2.1296304941897835
153.216524911774	2.099489699234818
155.4451105845792	2.070715091072445
157.70611178243232	2.0432773565498916
160.00000000000236	2.0171369570017945
162.3272535900062	1.9922447277429656
164.6883578629612	1.9685426961385422
167.08380518838874	1.9459650970933873
169.51409509748981	1.9244395545753021
171.97973438731407	1.9038883897152445
174.4812372264439	1.8842300105216072
177.01912526221608	1.8653803350171188
179.5939277295025	1.847254198771943
182.20618156107355	1.8297667005352716
184.85643149956664	1.8128344457904886
187.54523021108326	1.7963766555522473
190.27313840043846	1.7803161156983607
193.04072492808663	1.7645799507919244
195.84856692874806	1.7491002155963715
198.69724993176072	1.7338143062899136
201.58736798318304	1.7186652004313032
204.5195237696723	1.7036015393392452
207.49432874416505	1.6885775690410578
210.5124032533856	1.6735529572838943
213.57437666720915	1.6584925042101986
216.68088750990657	1.6433657631422967
219.83258359329807	1.6281465859733169
223.03012215184378	1.6128126057422576
226.2741699796992	1.5973446676118157
229.5654035697641	1.5817262191950736
232.90450925475412	1.5659426720280432
236.2921833503241	1.5499807469975355
239.72913230027333	1.5338278174854925
243.21607282386276	1.5174712652915376
246.75373206527502	1.5008978661069285
250.34284774524843	1.484093222728662
253.9841683149166	1.467041265099802
257.67845311188546	1.4497238367745238
261.42647251858085	1.4321203874949726
265.22900812289896	1.4142077909248505
269.08685288119375	1.3959603050087033
273.0008112836349	1.3773496897878146
276.97169952197106	1.3583454937730097
281.00034565973334	1.3389155153238046
285.0875898049141	1.3190264399611518
289.23428428515797	1.2986446481462068
293.44129382550057	1.277737180909401
297.7094957286928	1.2562728429926464
302.0397800581479	1.234223414994167
306.4330498235497	1.211564937600105
310.89022116916016	1.18827902273883
315.41222356486645	1.164354138917203
320.00000000000654	1.1397868114653846
324.6545071800142	1.1145826733009778
329.3767157259242	1.0887572985658374
334.16761037677935	1.062336750694345
339.02819019498156	1.0353577787035015
343.95946877463007	1.0078676013221508
348.9624744528898	0.979923228378848
354.03825052443415	0.9515902827815008
359.187855459007	0.9229413044606292
364.4123631221491	0.894053539683526
369.71286299913527	0.8650062449962647
375.0904604221685	0.8358775643907022
380.54627680087896	0.8067410699458494
386.08144985617537	0.7776620882707407
391.6971338574982	0.7486939658149081
397.3944998635236	0.7198744543691113
403.1747359663683	0.6912224210330119
409.0390475393468	0.6627350998880586
414.9886574883323	0.6343861026149327
421.0248065067734	0.6061243936030271
427.1487533344206	0.5778744091126724
433.3617750198154	0.5495374528331597
439.6651671865984	0.5209944282747019
446.06024430368984	0.4921098769934149
452.54833995940066	0.4627371833257673
459.13080713953053	0.4327246843602449
465.8090185095106	0.40192229959972586
472.58436670065066	0.37018818992089575
479.45826460054917	0.3373948983188819
486.432145647728	0.303434442387182
493.50746413055253	0.2682219325213441
500.6856954904994	0.23169746881931308
507.9683366298358	0.19382629349104274
515.3569062237735	0.15459740084995
522.8529450371643	0.11402098674851469
530.4580162458005	0.07212522233029994
538.1737057623901	0.028952860176541084
546.0016225672724	-0.015441858685065757
553.9433990439449	-0.06099560818736671
562.0006913194694	-0.10763740279352918
570.1751796098309	-0.15528886269484826
578.4685685703187	-0.20386323743149243
586.8825876510039	-0.2532632000244675
595.4189914573883	-0.30337750963345406
604.0795601162986	-0.3540767229655337
612.8660996471021	-0.4052082175000799
621.780442338323	-0.4565908758587125
630.8244471297356	-0.5080098698776637
640.0000000000159	-0.5592120710184182
649.3090143600314	-0.6099026915094397
658.7534314518515	-0.6597438147293666
668.3352207535618	-0.7083554852306275
678.0563803899662	-0.7553199748636562
687.9189375492632	-0.8001896949899729
697.9249489057827	-0.842498961792943
708.0765010488715	-0.8817794324061516
718.3757109180171	-0.9175785319582919
728.8247262443015	-0.9494796418540197
739.425725998274	-0.9771223187278497
750.1809208443404	-1.0002204971655162
761.0925536017613	-1.0185766307175308
772.1628997123541	-1.0320901163435667
783.3942677149998	-1.0407590862719125
794.7889997270506	-1.0446755784710267
806.34947193274	-1.0440149875721418
818.0780950786972	-1.039021348521039
829.9773149766683	-1.0299903044827379
842.0496130135506	-1.0172515629450416
854.2975066688449	-1.0011523439834362
866.7235500396347	-0.9820428979605033
879.3303343732008	-0.9602647154508536
892.1204886073838	-0.9361416108419833
905.0966799188055	-0.9099734215936108
918.2616142790653	-0.8820315949838609
931.6180370190256	-0.8525554455246752
945.1687334013056	-0.8217475038997812
958.9165292011028	-0.7897664491149057
972.8642912954606	-0.7567169371638455
987.0149282611097	-0.7226372165986314
1001.3713909810035	-0.6874872174593553
1015.9366732596762	-0.6511409336302536
1030.7138124475518	-0.6133867407556264
1045.7058900743334	-0.5739378421016144
1060.916032491606	-0.5324529633718451
1076.3474115247852	-0.4885655088040442
1092.0032451345498	-0.44191813401399715
1107.8867980878947	-0.3921991628659768
1124.0013826389438	-0.33917726876128806
1140.350359219667	-0.28273105459364245
1156.9371371406426	-0.2228703576540142
1173.765175302013	-0.1597461756968207
1190.837982914782	-0.093646145440136
1208.1591202326028	-0.024972812782437237
1225.73219929421	0.04579694957033681
1243.5608846766518	0.11817044454862988
1261.648894259477	0.19171022564806875
1280.0000000000375	0.26610681602556385
1298.6180287200684	0.3412378314507828
1317.5068629037087	0.4171987539633701
1336.6704415071292	0.49429765631833755
1356.112760779938	0.5730170624875324
1375.8378750985323	0.6539550306645063
1395.8498978115715	0.737760425689791
1416.153002097749	0.825074624131878
1436.7514218360407	0.9164866656224915
1457.6494524886093	1.0125039379037868
1478.8514519965543	1.113537130478134
1500.3618416886875	1.2198964803239232
1522.1851072035295	1.3317958415745976
1544.3257994247153	1.4493613690517337
1566.788535430007	1.5726422380139478
1589.5779994541087	1.7016215721102022
1612.6989438654878	1.8362264762796205
1636.156190157402	1.9763367018594975
1659.9546299533442	2.1217919705513006
1684.099226027109	2.2723983304387447
1708.5950133376978	2.4279341063029034
1733.4471000792773	2.5881560439237394
1758.6606687464096	2.7528061444947016
1784.2409772147755	2.921619452352286
1810.193359837619	3.094332716630429
1836.5232285581387	3.270693419004754
1863.2360740380593	3.4504681698175736
1890.3374668026197	3.633448987710137
1917.833058402214	3.8194556065231686
1945.7285825909298	4.008331849000681
1974.0298565222283	4.199934448924234
2002.7427819620161	4.394113644665395
2031.8733465193618	4.590686419107544
2061.4276248951132	4.789405204047729
2091.411780148677	4.989926752041763
2121.832064983222	5.191787105736554
2152.694823049581	5.394388570481378
2184.0064902691106	5.597002984302821
2215.7735961758003	5.79879264139825
2248.002765277899	5.998846765207163
2280.7007184393456	6.196228398618419
2313.874274281297	6.390024688897882
2347.530350604038	6.579393078142054
2381.6759658295764	6.7635966443274365
2416.318240465218	6.942023179773886
2451.4643985884327	7.1141840291285945
2487.1217693533167	7.279690086240908
2523.2977885189675	7.438203758782566
2560.0000000000887	7.58936732549255
2597.236057440151	7.73271053018927
2635.0137258074315	7.867544134496388
2673.340883014273	7.992851782066671
2712.225521559891	8.10719974360238
2751.6757501970797	8.208691967021254
2791.699795623158	8.29500349737906
2832.3060041955137	8.363523202059362
2873.502843672097	8.411619750356012
2915.2989049772345	8.437008322311831
2957.7029039931244	8.438145307248622
3000.723683377391	8.414538006825149
3044.370214407075	8.366860636631651
3088.6515988494466	8.296831168067458
3133.57707086003	8.206894519399004
3179.1559989082334	8.099820653113342
3225.3978877309914	7.978331419939753
3272.3123803148205	7.844831385195008
3319.9092599067053	7.701267726691965
3368.198452054235	7.549105770071436
3417.190026675413	7.389386902607178
3466.8942001585724	7.222831414832339
3517.3213374928373	7.04995413992937
3568.4819544295697	6.8711700261176105
3620.386719675257	6.686876467745304
3673.0464571162966	6.497507721975441
3726.472148076138	6.303563185431729
3780.6749336052594	6.105615085470279
3835.6661168044484	5.904302420918121
3891.45716518188	5.700317769420711
3948.059713044477	5.494392637385209
4005.4855639240527	5.2872855074801
4063.746693038744	5.079774656574492
4122.855249790247	4.872655657337016
4182.823560297375	4.666741864921889
4243.664129966465	4.462865551949474
4305.389646099183	4.2618775545947
4368.012980538242	4.064644019604501
4431.5471923516225	3.872040174669917
4496.00553055582	3.6849427565459436
4561.401436878714	3.5042235599495775
4627.748548562617	3.3307459179637613
4695.060701208099	3.165364767463527
4763.351931659176	3.0089298136204143
4832.63648093046	2.8622891039713836
4902.928797176889	2.7262872376089518
4974.243538706657	2.6017507187572306
5046.595577037959	2.4894534778675625
5120.000000000202	2.390057041714241
5194.472114880326	2.304021382700627
5270.027451614888	2.2314840483615783
5346.6817660285715	2.172108911863336
5424.451043119808	2.1249184058618296
5503.351500394186	2.0881486725641176
5583.399591246343	2.059193179591195
5664.612008391055	2.034710064707133
5747.005687344222	2.010955721146899
5830.597809954497	1.9843545842401105
5915.405807986278	1.9521992294244872
6001.447366754812	1.9132528176147086
6088.740428814181	1.8680167017141505
6177.303197698925	1.8185970077833757
6267.154141720092	1.7683466994136505
6358.3119978165005	1.7215645748060422
6450.795775462017	1.6834293602880945
6544.624760629676	1.6601182791122586
6639.818519813445	1.6588269917779184
6736.396904108505	1.6873117815431034
6834.380053350861	1.7527282645201372
6933.788400317181	1.85993148615247
7034.642674985712	2.009812867324044
7136.963908859177	2.19833973185155
7240.773439350552	2.4165825224074817
7346.092914232631	2.6514757657543204
7452.944296152315	2.886858119785165
7561.349867210557	3.1045520784200273
7671.332233608935	3.285552961101791
7782.914330363799	3.4115519608532643
7896.119426088994	3.466936419546245
8010.971127848146	3.441019316861123
8127.49338607753	3.3298150460545544
8245.710499580537	3.136593576196147
8365.647120594791	2.870848430171516
8487.328259932974	2.546023569007627
8610.77929219841	2.176862963367687
8736.025961076528	1.7772462877996402
8863.094384703289	1.3589665373611335
8992.011061111683	0.9314030650785612
9122.802873757471	0.5017005950558798
9255.497097125279	0.07499331593064083
9390.121402416245	-0.3456929573701595
9526.7038633184	-0.7600231173115412
9665.272961860968	-1.1713180149021396
9805.857594353829	-1.58743017945463
9948.487077413367	-2.020660724593689
10093.19115407597	-2.485796581487164
10240.000000000457	-2.9959465325435244
10388.944229760706	-3.556830521661782
10540.05490322983	-4.1612330825447925
10693.363532057198	-4.786061116543503
10848.902086239672	-5.394025904224288
11006.703000788428	-5.940036062375696
11166.799182492743	-6.379944275175948
11329.224016782166	-6.678013687208981
11494.0113746885	-6.810335517408475
11661.195619909053	-6.764016774291094
11830.811615972614	-6.534391018348515
12002.894733509682	-6.123048204010567
12177.48085762842	-5.5386101150419815
12354.606395397908	-4.800404278971164
12534.308283440243	-3.9427844618364647
12716.62399563306	-3.016098653524724
12901.591550924093	-2.0824503834368335
13089.249521259411	-1.2072052678443312
13279.637039626952	-0.44876656349248095
13472.793808217073	0.15059141304432502
13668.760106701786	0.5706245389116615
13867.576800634426	0.8142223601232241
14069.285349971487	0.903371079338775
14273.927817718419	0.8716907157645419
14481.54687870117	0.7573399963393251
14692.18582846533	0.5986966175743434
14905.888592304698	0.43068668792549425
15122.699734421185	0.27917530860218226
15342.664467217943	0.15478934510506842
15565.828660727671	0.048152065972947536
15792.238852178061	-0.07149157836316981
16021.942255696367	-0.2517227704878378
16254.986772155136	-0.5461033910156984
16491.42099916115	-1.0004125507644919
16731.294241189662	-1.6408589025121507
16974.65651986603	-2.4682299634596565
17221.558584396902	-3.4580859623605193
17472.051922153143	-4.564803944997924
17726.188769406665	-5.729244842705794
17984.022122223458	-6.890152527558778
18245.605747515034	-7.997143724269967
18510.99419425065	-9.019265034706367
18780.242804832582	-9.942056191965788
19053.40772663689	-10.754039808417907
19330.545923722028	-11.441073548522159
19611.71518870775	-12.002636569606995
19896.974154826825	-12.468424287978172
20186.382308152035	-12.888553426665991