20	-1.9652300703036318
20.290906698750476	-1.9666115577891183
20.586044732869844	-1.9679946036260412
20.885475648548283	-1.9693815602332954
21.189261887185914	-1.9707754699287017
21.49746679841394	-1.9721797624636384
21.810154653305165	-1.9735979855351273
22.12739065777668	-1.975033567627552
22.449240966187475	-1.976489612111988
22.77577269513385	-1.977968721205481
23.107053937445478	-1.9794728481611343
23.44315377638505	-1.981003175914013
23.784142300054445	-1.9825600203344569
24.130090616010463	-1.9841427562367107
24.481070866093134	-1.9857497643681097
24.837156241469714	-1.9873783977547943
25.1984209978975	-1.9890249659685053
25.56494047120865	-1.9906847360517075
25.936791093020236	-1.9923519489530976
26.3140504066728	-1.9940198503667268
26.69679708340074	-1.9956807348502843
27.08511093873791	-1.9973260020582961
27.47907294916184	-1.998946223875956
27.878765268980047	-2.0005312211776785
28.284271247461966	-2.0020701488712733
28.695675446220072	-2.0035515878310424
29.11306365684382	-2.0049636422656363
29.536522918790062	-2.006294041011338
29.966141537533712	-2.007530241218139
30.402009102982383	-2.0086595329313117
30.844216508158908	-2.0096691431665916
31.29285596815558	-2.010546338218743
31.74802103936409	-2.011278523106922
32.20980663898519	-2.011853337225067
32.67830906482211	-2.012258745421028
33.153626015361866	-2.012483123875187
33.63585661014871	-2.012515340301383
34.125101410453844	-2.012344828159846
34.62146244024586	-2.0119616547527452
35.12504320746613	-2.011356583256783
35.635948725613716	-2.010521128907561
36.15428553564419	-2.009447609664763
36.68016172818701	-2.0081291917532584
37.21368696608603	-2.0065599305086215
37.754972507267915	-2.004734806967285
38.30413122794313	-2.002649760632643
38.86127764614443	-2.0003017188101637
39.4265279456077	-1.9976886228267186
40.000000000000206	-1.9948094513343948
40.58181339750116	-1.9916642407521374
41.1720894657399	-1.9882541027224128
41.77095129709678	-1.9845812382653216
42.37852377437204	-1.9806489481282612
42.9949335968281	-1.9764616386799403
43.62030930661056	-1.972024822593192
44.25478131555359	-1.9673451135048174
44.89848193237519	-1.962430213838767
45.55154539026795	-1.957288895037884
46.21410787489121	-1.9519309695734903
46.88630755277036	-1.9463672542898571
47.56828460010916	-1.9406095248808404
48.260181232021196	-1.9346704615703718
48.962141732186545	-1.9285635863628725
49.674312482939705	-1.9223031925225582
50.39684199579528	-1.9159042671867095
51.129880942417586	-1.9093824081979407
51.873582186040764	-1.9027537363552511
52.628100813345895	-1.8960348043503976
53.393594166801776	-1.8892425037148597
54.17022187747612	-1.8823939711812294
54.95814589832399	-1.875506495971591
55.75753053796041	-1.8685974296636716
56.56854249492426	-1.8616841004454476
57.39135089244048	-1.854783733752577
58.226127313687975	-1.847913381493228
59.073045837580466	-1.8410898622507914
59.932283075067765	-1.834329714886538
60.804018205965114	-1.8276491677480866
61.68843301631817	-1.8210641251952486
62.58571193631152	-1.8145901724124462
63.49604207872855	-1.808242598596446
64.41961327797075	-1.8020364376643656
65.35661812964459	-1.7959865246347555
66.3072520307241	-1.7901075648372353
67.27171322029778	-1.7844142122422322
68.25020282090806	-1.7789211525785955
69.2429248804921	-1.7736431865729991
70.25008641493265	-1.7685953086057924
71.27189745122783	-1.7637927762302965
72.30857107128878	-1.7592511662663797
73.36032345637442	-1.7549864135289406
74.42737393217246	-1.7510148286709086
75.50994501453623	-1.7473530920882387
76.60826245588666	-1.7440182213374569
77.72255529228926	-1.741027510040427
78.85305589121582	-1.7383984367963736
80.00000000000082	-1.7361485432083854
81.16362679500274	-1.7342952807634782
82.34417893148023	-1.7328558269503187
83.541902594194	-1.7318468716400088
84.75704754874454	-1.7312843753800489
85.98986719365665	-1.7311833018422598
87.24061861322157	-1.731557327203407
88.50956263110764	-1.7324185297167367
89.79696386475084	-1.733777063162929
91.10309078053635	-1.7356408182704537
92.42821574978288	-1.738015076579855
93.77261510554118	-1.7409021615926616
95.13656920021877	-1.7443010923980078
96.52036246404286	-1.7482072453338846
97.92428346437356	-1.7526120296196444
99.34862496587989	-1.7575025832732933
100.79368399159105	-1.7628614959636935
102.25976188483567	-1.7686665657019869
103.74716437208203	-1.774890596420723
105.25620162669229	-1.781501243503821
106.78718833360406	-1.788460914202763
108.34044375495276	-1.7957267295911925
109.9162917966485	-1.803250554258027
111.51506107592134	-1.8109790993229615
113.13708498984903	-1.8188541036139887
114.78270178488147	-1.826812596996809
116.45225462737648	-1.8347872488957961
118.14609167516147	-1.8427068039799197
119.86456615013608	-1.8504966057561663
121.60803641193078	-1.8580792073936108
123.3768660326369	-1.8653750675000345
125.17142387262359	-1.8723033268062614
126.99208415745765	-1.878782659794608
128.83922655594208	-1.8847321932608376
130.71323625928977	-1.890072481651996
132.61450406144883	-1.8947265267784332
134.5434264405962	-1.8986208271436527
136.50040564181674	-1.9016864397071112
138.48584976098482	-1.9038600344629557
140.50017282986593	-1.905084919866898
142.5437949024563	-1.9053120149884422
144.61714214257822	-1.9045007424759688
146.7206469127495	-1.9026198152080929
148.8547478643456	-1.8996478890838657
151.01989002907314	-1.895574054984186
153.216524911774	-1.8903981449154592
155.4451105845792	-1.8841308312469147
157.70611178243232	-1.8767935038433217
160.00000000000236	-1.868417917079778
162.3272535900062	-1.8590456070878008
164.6883578629612	-1.8487270894231018
167.08380518838874	-1.8375208583033467
169.51409509748981	-1.825492218794221
171.97973438731407	-1.8127119913958043
174.4812372264439	-1.7992551339898228
177.01912526221608	-1.785199329339045
179.5939277295025	-1.7706235871672278
182.20618156107355	-1.7556069071213876
184.85643149956664	-1.7402270427974362
187.54523021108326	-1.7245593995188981
190.27313840043846	-1.7086760905858396
193.04072492808663	-1.6926451680505186
195.84856692874806	-1.6765300348309065
198.69724993176072	-1.660389036171341
201.58736798318304	-1.6442752214160072
204.5195237696723	-1.6282362624524136
207.49432874416505	-1.6123145126906726
210.5124032533856	-1.5965471891085978
213.57437666720915	-1.5809666597861294
216.68088750990657	-1.5656008205113812
219.83258359329807	-1.5504735459901506
223.03012215184378	-1.5356052031120908
226.2741699796992	-1.521013215087855
229.5654035697641	-1.5067126655459595
232.90450925475412	-1.4927169308291302
236.2921833503241	-1.4790383277192691
239.72913230027333	-1.4656887628704
243.21607282386276	-1.4526803689300962
246.75373206527502	-1.4400261106202417
250.34284774524843	-1.427740342634074
253.9841683149166	-1.4158393003107341
257.67845311188546	-1.4043415035376574
261.42647251858085	-1.3932680542438969
265.22900812289896	-1.3826428084909348
269.08685288119375	-1.3724924057446004
273.0008112836349	-1.3628461405507197
276.97169952197106	-1.3537356655684807
281.00034565973334	-1.345194519566901
285.0875898049141	-1.3372574795122565
289.23428428515797	-1.3299597422691423
293.44129382550057	-1.3233359485856835
297.7094957286928	-1.3174190697541415
302.0397800581479	-1.3122391855104703
306.4330498235497	-1.307822190140128
310.89022116916016	-1.304188472003644
315.41222356486645	-1.3013516192695405
320.00000000000654	-1.2993172111716327
324.6545071800142	-1.2980817592197247
329.3767157259242	-1.2976318660456267
334.16761037677935	-1.2979436703557194
339.02819019498156	-1.298982644223806
343.95946877463007	-1.3007038031244211
348.9624744528898	-1.303052379297309
354.03825052443415	-1.3059649951125254
359.187855459007	-1.3093713550588537
364.4123631221491	-1.3131964529348517
369.71286299913527	-1.3173632649645914
375.0904604221685	-1.3217958702133608
380.54627680087896	-1.326422908021395
386.08144985617537	-1.3311812500936273
391.6971338574982	-1.3360197341458109
397.3944998635236	-1.3409027777573852
403.1747359663683	-1.3458136681408384
409.0390475393468	-1.3507573105981245
414.9886574883323	-1.355762218467411
421.0248065067734	-1.360881539103277
427.1487533344206	-1.3661929364856702
433.3617750198154	-1.3717971983569153
439.6651671865984	-1.37781550780221
446.06024430368984	-1.3843854107681515
452.54833995940066	-1.3916556195096375
459.13080713953053	-1.3997799141144025
465.8090185095106	-1.4089105287795167
472.58436670065066	-1.419191514655584
479.45826460054917	-1.4307526285314682
486.432145647728	-1.4437042795536412
493.50746413055253	-1.458133962559708
500.6856954904994	-1.474104428078614
507.9683366298358	-1.4916536156890645
515.3569062237735	-1.5107961526492737
522.8529450371643	-1.5315260403793562
530.4580162458005	-1.5538200487660752
538.1737057623901	-1.5776413153451196
546.0016225672724	-1.6029426861502796
553.9433990439449	-1.6296694146447488
562.0006913194694	-1.657760935163455
570.1751796098309	-1.6871515321129293
578.4685685703187	-1.717769826031564
586.8825876510039	-1.7495370887166484
595.4189914573883	-1.7823644824870741
604.0795601162986	-1.8161493967573137
612.8660996471021	-1.8507711326294267
621.780442338323	-1.8860862658064301
630.8244471297356	-1.9219240992116906
640.0000000000159	-1.9580826950832775
649.3090143600314	-1.994326042846609
658.7534314518515	-2.0303829605802184
668.3352207535618	-2.0659483261076677
678.0563803899662	-2.1006871656269595
687.9189375492632	-2.1342419674720223
697.9249489057827	-2.166243313336441
708.0765010488715	-2.1963235209434036
718.3757109180171	-2.2241324908764364
728.8247262443015	-2.249354405012252
739.425725998274	-2.2717234390977095
750.1809208443404	-2.291036366978055
761.0925536017613	-2.3071599862658463
772.1628997123541	-2.3200317605305747
783.3942677149998	-2.32965291424473
794.7889997270506	-2.3360742763716282
806.34947193274	-2.3393762216184224
818.0780950786972	-2.3396448970102814
829.9773149766683	-2.33694742366506
842.0496130135506	-2.331308913694251
854.2975066688449	-2.3226940023735128
866.7235500396347	-2.310995245968261
879.3303343732008	-2.2960302158440618
892.1204886073838	-2.2775484044790573
905.0966799188055	-2.2552480782327793
918.2616142790653	-2.2288019054875887
931.6180370190256	-2.1978886086261964
945.1687334013056	-2.162226318823236
958.9165292011028	-2.1216023127788852
972.8642912954606	-2.075894025029002
987.0149282611097	-2.025077964031855
1001.3713909810035	-1.9692260129838064
1015.9366732596762	-1.9084915456805005
1030.7138124475518	-1.8430897743632286
1045.7058900743334	-1.7732772710258098
1060.916032491606	-1.6993348575097995
1076.3474115247852	-1.621556608364217
1092.0032451345498	-1.5402460972550531
1107.8867980878947	-1.4557195646125964
1124.0013826389438	-1.3683144925570343
1140.350359219667	-1.2784011109938642
1156.9371371406426	-1.1863935613077898
1173.765175302013	-1.0927567940316407
1190.837982914782	-0.9980048714994499
1208.1591202326028	-0.9026864590988318
1225.73219929421	-0.8073543999323619
1243.5608846766518	-0.712518970938255
1261.648894259477	-0.6185890388060985
1280.0000000000375	-0.525811155904725
1298.6180287200684	-0.4342211935864279
1317.5068629037087	-0.34362285046272134
1336.6704415071292	-0.2536005164747006
1356.112760779938	-0.16356324752660087
1375.8378750985323	-0.07280782471158237
1395.8498978115715	0.019413924430430912
1416.153002097749	0.11383558983527914
1436.7514218360407	0.2111312206015789
1457.6494524886093	0.31188680660705465
1478.8514519965543	0.416586720263848
1500.3618416886875	0.5256119473902365
1522.1851072035295	0.6392464698281412
1544.3257994247153	0.7576884469737505
1566.788535430007	0.881063500925788
1589.5779994541087	1.009438181228996
1612.6989438654878	1.142832427021283
1636.156190157402	1.281230486972903
1659.9546299533442	1.4245902639884853
1684.099226027109	1.572851401161008
1708.5950133376978	1.7259426143088534
1733.4471000792773	1.8837888118083799
1758.6606687464096	2.04631843647197
1784.2409772147755	2.2134712301615975
1810.193359837619	2.3852062809349377
1836.5232285581387	2.5615097900225403
1863.2360740380593	2.7424015173740406
1890.3374668026197	2.9279383947137285
1917.833058402214	3.11821344721595
1945.7285825909298	3.31334808982138
1974.0298565222283	3.5134762397243424
2002.7427819620161	3.7187196635439532
2031.8733465193618	3.929155564741554
2061.4276248951132	4.144779391344392
2091.411780148677	4.365467753094063
2121.832064983222	4.5909475781308355
2152.694823049581	4.820777616196343
2184.0064902691106	5.054346770586183
2215.7735961758003	5.2908907760539
2248.002765277899	5.52952524045407
2280.7007184393456	5.769289991466804
2313.874274281297	6.0091977283355265
2347.530350604038	6.248279463041177
2381.6759658295764	6.485619930151156
2416.318240465218	6.720377462247778
2451.4643985884327	6.951784259084699
2487.1217693533167	7.1791243742358635
2523.2977885189675	7.401688192544418
2560.0000000000887	7.61870384524589
2597.236057440151	7.829248496070797
2635.0137258074315	8.032146375095211
2673.340883014273	8.225866118604142
2712.225521559891	8.408437211055569
2751.6757501970797	8.57741315912193
2791.699795623158	8.729914595033815
2832.3060041955137	8.862783249498051
2873.502843672097	8.972860571115639
2915.2989049772345	9.057368084693946
2957.7029039931244	9.114316148446472
3000.723683377391	9.142827331784723
3044.370214407075	9.143264782851338
3088.6515988494466	9.117119163824583
3133.57707086003	9.066698774247119
3179.1559989082334	8.994730724064558
3225.3978877309914	8.90398659690942
3272.3123803148205	8.797007802677026
3319.9092599067053	8.675956054568676
3368.198452054235	8.542576231141098
3417.190026675413	8.398239326212694
3466.8942001585724	8.244029149664097
3517.3213374928373	8.080841785593133
3568.4819544295697	7.909475980409317
3620.386719675257	7.730702127481534
3673.0464571162966	7.5453057584560845
3726.472148076138	7.354107619682189
3780.6749336052594	7.15796592826945
3835.6661168044484	6.957767461145572
3891.45716518188	6.754413751155255
3948.059713044477	6.548807626711421
4005.4855639240527	6.341843775385602
4063.746693038744	6.134404945267458
4122.855249790247	5.927363290223465
4182.823560297375	5.721584826958987
4243.664129966465	5.517934415388657
4305.389646099183	5.317278952965914
4368.012980538242	5.120487270691122
4431.5471923516225	4.928426607743022
4496.00553055582	4.741957295582507
4561.401436878714	4.5619281390197335
4627.748548562617	4.389174345497956
4695.060701208099	4.224518703329259
4763.351931659176	4.068775570108351
4832.63648093046	3.922755024525345
4902.928797176889	3.787261442951197
4974.243538706657	3.663079037887484
5046.595577037959	3.5509374011408052
5120.000000000202	3.451451545327865
5194.472114880326	3.3650324793066386
5270.027451614888	3.291765918207479
5346.6817660285715	3.23126046389473
5424.451043119808	3.1824791092978173
5503.351500394186	3.14359348630883
5583.399591246343	3.1119263870141918
5664.612008391055	3.0840577882036464
5747.005687344222	3.056156830896971
5830.597809954497	3.024549604800101
5915.405807986278	2.9864166490985147
6001.447366754812	2.9403918688450195
6088.740428814181	2.8868251505971387
6177.303197698925	2.827641729081942
6267.154141720092	2.765973846029691
6358.3119978165005	2.7058451489303503
6450.795775462017	2.6520853945692924
6544.624760629676	2.6104254913801874
6639.818519813445	2.587493080827927
6736.396904108505	2.5903374282730534
6834.380053350861	2.6252725817338307
6933.788400317181	2.696226677686208
7034.642674985712	2.8032034079173536
7136.963908859177	2.94155364460816
7240.773439350552	3.10236244329891
7346.092914232631	3.273681919637826
7452.944296152315	3.442074402283641
7561.349867210557	3.5940580523722407
7671.332233608935	3.7172814900671716
7782.914330363799	3.8014151254808706
7896.119426088994	3.8388284015889464
8010.971127848146	3.8250614754752195
8127.49338607753	3.7590173401872553
8245.710499580537	3.6428101174984997
8365.647120594791	3.4812623924739547
8487.328259932974	3.281135210626569
8610.77929219841	3.0502322509961193
8736.025961076528	2.7965042910616518
8863.094384703289	2.5272182877369445
8992.011061111683	2.2481752222297615
9122.802873757471	1.962908527324134
9255.497097125279	1.6718426018576376
9390.121402416245	1.3714832482982027
9526.7038633184	1.0538343639750474
9665.272961860968	0.7063279752150871
9805.857594353829	0.312642638921882
9948.487077413367	-0.14516924879380183
10093.19115407597	-0.6830366210438459
10240.000000000457	-1.3100714223907803
10388.944229760706	-2.023568302177011
10540.05490322983	-2.805242658430411
10693.363532057198	-3.620463545020013
10848.902086239672	-4.421778070812387
11006.703000788428	-5.15637634145664
11166.799182492743	-5.775086491366696
11329.224016782166	-6.239488157416559
11494.0113746885	-6.524690047801516
11661.195619909053	-6.617852924758412
11830.811615972614	-6.51486201849228
12002.894733509682	-6.217992283944769
12177.48085762842	-5.7364750704039125
12354.606395397908	-5.090075111202023
12534.308283440243	-4.3133820549724025
12716.62399563306	-3.4567851719933613
12901.591550924093	-2.5822578336529673
13089.249521259411	-1.754894231622862
13279.637039626952	-1.0327183936835675
13472.793808217073	-0.45755319539558276
13668.760106701786	-0.04915637116841515
13867.576800634426	0.19584461860493851
14069.285349971487	0.299877137065776
14273.927817718419	0.2969233460428485
14481.54687870117	0.22539076348112339
14692.18582846533	0.1237627309752525
14905.888592304698	0.026904204049707628
15122.699734421185	-0.0395638444672697
15342.664467217943	-0.06544946485996288
15565.828660727671	-0.06075421836701197
15792.238852178061	-0.05703865163951289
16021.942255696367	-0.10285341413709442
16254.986772155136	-0.2528711056597071
16491.42099916115	-0.5540958447603945
16731.294241189662	-1.0340462809536364
16974.65651986603	-1.694875103424482
17221.558584396902	-2.5135340697860755
17472.051922153143	-3.4457913262227287
17726.188769406665	-4.43387437355181
17984.022122223458	-5.41784866151285
18245.605747515034	-6.348593600969965
18510.99419425065	-7.196358972188158
18780.242804832582	-7.947848997911685
19053.40772663689	-8.592746609874162
19330.545923722028	-9.11804575706432
19611.71518870775	-9.52408152162342
19896.974154826825	-9.840401389563974
20186.382308152035	-10.115013543395246