20	4.628559618987115
20.290906698750476	4.6259379144363875
20.586044732869844	4.623314895265193
20.885475648548283	4.620688481011418
21.189261887185914	4.618055820923598
21.49746679841394	4.61541347105616
21.810154653305165	4.612757559725423
22.12739065777668	4.610083940692037
22.449240966187475	4.60738833348241
22.77577269513385	4.604666450331301
23.107053937445478	4.601914109314749
23.44315377638505	4.599127333341767
23.784142300054445	4.596302434780497
24.130090616010463	4.593436085606132
24.481070866093134	4.590525373070618
24.837156241469714	4.587567841005538
25.1984209978975	4.584561516977601
25.56494047120865	4.581504925619159
25.936791093020236	4.5783970885529905
26.3140504066728	4.575237511420138
26.69679708340074	4.572026158601174
27.08511093873791	4.568763416294195
27.47907294916184	4.565450044676634
27.878765268980047	4.562087119932293
28.284271247461966	4.558675966969518
28.695675446220072	4.555218083691154
29.11306365684382	4.551715057701738
29.536522918790062	4.5481684763525045
29.966141537533712	4.544579831030581
30.402009102982383	4.540950416595591
30.844216508158908	4.537281226855491
31.29285596815558	4.533572846954754
31.74802103936409	4.529825343522751
32.20980663898519	4.526038153399756
32.67830906482211	4.5222099717233855
33.153626015361866	4.518338640120829
33.63585661014871	4.514421035713189
34.125101410453844	4.510452961598857
34.62146244024586	4.506429039444314
35.12504320746613	4.502342604774188
35.635948725613716	4.498185605518843
36.15428553564419	4.493948504348029
36.68016172818701	4.48962018529378
37.21368696608603	4.48518786514542
37.754972507267915	4.480637010083969
38.30413122794313	4.475951258012906
38.86127764614443	4.471112347036289
39.4265279456077	4.466100050533451
40.000000000000206	4.460892119280849
40.58181339750116	4.455464231075385
41.1720894657399	4.449789948318232
41.77095129709678	4.443840684022865
42.37852377437204	4.437585676714113
42.9949335968281	4.4309919746855835
43.62030930661056	4.424024430079221
44.25478131555359	4.41664570324241
44.89848193237519	4.408816277803842
45.55154539026795	4.400494486888817
46.21410787489121	4.391636550867576
46.88630755277036	4.382196626996462
47.56828460010916	4.372126871271738
48.260181232021196	4.361377512769992
48.962141732186545	4.349896940698331
49.674312482939705	4.33763180432263
50.39684199579528	4.324527125884232
51.129880942417586	4.3105264265556205
51.873582186040764	4.295571865424899
52.628100813345895	4.279604391438198
53.393594166801776	4.262563908169883
54.17022187747612	4.244389451232824
54.95814589832399	4.22501937808674
55.75753053796041	4.204391569951814
56.56854249492426	4.182443645488594
57.39135089244048	4.159113185864057
58.226127313687975	4.13433797078784
59.073045837580466	4.108056225072255
59.932283075067765	4.080206875244329
60.804018205965114	4.05072981571668
61.68843301631817	4.019566184005114
62.58571193631152	3.986658644462067
63.49604207872855	3.9519516799736003
64.41961327797075	3.915391891040403
65.35661812964459	3.8769283016266023
66.3072520307241	3.8365126711108353
67.27171322029778	3.794099811608911
68.25020282090806	3.749647909853821
69.2429248804921	3.703118852715437
70.25008641493265	3.654478555317848
71.27189745122783	3.6036972905680544
72.30857107128878	3.5507500187461387
73.36032345637442	3.495616715627561
74.42737393217246	3.4382826974153025
75.50994501453623	3.3787389405578274
76.60826245588666	3.3169823943224257
77.72255529228926	3.253016283787673
78.85305589121582	3.1868504007186615
80.00000000000082	3.118501379599527
81.16362679500274	3.0479929559250163
82.34417893148023	2.9753562037016374
83.541902594194	2.9006297489837722
84.75704754874454	2.823859956175875
85.98986719365665	2.745101083771969
87.24061861322157	2.664415406181882
88.50956263110764	2.5818732983123844
89.79696386475084	2.497553279632727
91.10309078053635	2.4115420145601347
92.42821574978288	2.3239342661515527
93.77261510554118	2.2348328002851487
95.13656920021877	2.144348237758071
96.52036246404286	2.0525988520163465
97.92428346437356	1.9597103105680276
99.34862496587989	1.8658153585117518
100.79368399159105	1.7710534430389961
102.25976188483567	1.6755702782392592
103.74716437208203	1.5795173500520974
105.25620162669229	1.483051361767295
106.78718833360406	1.3863336210730366
108.34044375495276	1.2895293702894137
109.9162917966485	1.1928070620984028
111.51506107592134	1.096337583787939
113.13708498984903	1.0002934337621854
114.78270178488147	0.9048478548275563
116.45225462737648	0.8101739295370207
118.14609167516147	0.7164436436562758
119.86456615013608	0.6238269245945642
121.60803641193078	0.5324906624089061
123.3768660326369	0.44259772173034184
125.17142387262359	0.3543059536588622
126.99208415745765	0.2677672173132444
128.83922655594208	0.18312642128351175
130.71323625928977	0.1005205956962727
132.61450406144883	0.020078005944266675
134.5434264405962	-0.058082680672820075
136.50040564181674	-0.13385316412321746
138.48584976098482	-0.20713620552791667
140.50017282986593	-0.27784623503467376
142.5437949024563	-0.3459098635815945
144.61714214257822	-0.41126628932635967
146.7206469127495	-0.4738675906573082
148.8547478643456	-0.5336788991110151
151.01989002907314	-0.5906784471918503
153.216524911774	-0.6448574880056706
155.4451105845792	-0.6962200857528744
157.70611178243232	-0.7447827784332501
160.00000000000236	-0.7905741165402489
162.3272535900062	-0.8336340839981222
164.6883578629612	-0.8740134100434633
167.08380518838874	-0.911772783088534
169.51409509748981	-0.9469819797395944
171.97973438731407	-0.9797189239951218
174.4812372264439	-1.010068693139302
177.01912526221608	-1.0381224879131943
179.5939277295025	-1.06397658514372
182.20618156107355	-1.0877312911138022
184.85643149956664	-1.1094899135626792
187.54523021108326	-1.129357769332378
190.27313840043846	-1.1474412433630414
193.04072492808663	-1.1638469130412754
195.84856692874806	-1.1786807498896357
198.69724993176072	-1.1920474083275918
201.58736798318304	-1.204049608813867
204.5195237696723	-1.214787620174218
207.49432874416505	-1.224358843398745
210.5124032533856	-1.2328574967215287
213.57437666720915	-1.2403743994258576
216.68088750990657	-1.2469968495932953
219.83258359329807	-1.2528085889682243
223.03012215184378	-1.2578898462670955
226.2741699796992	-1.2623174486439792
229.5654035697641	-1.2661649896493175
232.90450925475412	-1.269503040904162
236.2921833503241	-1.2723993938759475
239.72913230027333	-1.2749193176032274
243.21607282386276	-1.277125817996315
246.75373206527502	-1.2790798844595974
250.34284774524843	-1.2808407100604202
253.9841683149166	-1.2824658723279287
257.67845311188546	-1.2840114630181263
261.42647251858085	-1.285532156837655
265.22900812289896	-1.2870812111786794
269.08685288119375	-1.2887103913699403
273.0008112836349	-1.2904698187698034
276.97169952197106	-1.292407742175214
281.00034565973334	-1.2945702364370524
285.0875898049141	-1.2970008357795544
289.23428428515797	-1.2997401130214612
293.44129382550057	-1.3028252195721666
297.7094957286928	-1.3062894045915803
302.0397800581479	-1.310161534905957
306.4330498235497	-1.3144656399989814
310.89022116916016	-1.3192205084756599
315.41222356486645	-1.324439363652302
320.00000000000654	-1.3301296461916339
324.6545071800142	-1.3362929308259037
329.3767157259242	-1.3429250020661048
334.16761037677935	-1.3500161102921822
339.02819019498156	-1.3575514247152975
343.95946877463007	-1.3655116934164853
348.9624744528898	-1.3738741130842422
354.03825052443415	-1.3826134023635068
359.187855459007	-1.3917030631424891
364.4123631221491	-1.4011168039816873
369.71286299913527	-1.4108300896568395
375.0904604221685	-1.4208217709480158
380.54627680087896	-1.4310757399272913
386.08144985617537	-1.4415825486851441
391.6971338574982	-1.4523409243085885
397.3944998635236	-1.4633591105718526
403.1747359663683	-1.4746559677397186
409.0390475393468	-1.4862617665065976
414.9886574883323	-1.4982186206143226
421.0248065067734	-1.5105805150910043
427.1487533344206	-1.5234129030393428
433.3617750198154	-1.5367918628718746
439.6651671865984	-1.5508028289084135
446.06024430368984	-1.5655389300621936
452.54833995940066	-1.5810989924192034
459.13080713953053	-1.5975852801551391
465.8090185095106	-1.615101063692808
472.58436670065066	-1.6337481126864697
479.45826460054917	-1.6536242131108216
486.432145647728	-1.674820801819982
493.50746413055253	-1.6974207986064478
500.6856954904994	-1.7214966960881894
507.9683366298358	-1.7471089435593932
515.3569062237735	-1.7743046347481446
522.8529450371643	-1.8031164840214657
530.4580162458005	-1.833562053681628
538.1737057623901	-1.8656431789126122
546.0016225672724	-1.899345528309114
553.9433990439449	-1.9346382376148759
562.0006913194694	-1.9714735623683248
570.1751796098309	-2.0097865109051605
578.4685685703187	-2.0494944412508964
586.8825876510039	-2.0904966319658365
595.4189914573883	-2.1326738656766366
604.0795601162986	-2.1758880922292922
612.8660996471021	-2.2199822633142285
621.780442338323	-2.264780449147216
630.8244471297356	-2.3100883575028037
640.0000000000159	-2.3556943735012217
649.3090143600314	-2.401371222950053
658.7534314518515	-2.446878331440133
668.3352207535618	-2.4919649056413364
678.0563803899662	-2.536373703708538
687.9189375492632	-2.579845391619705
697.9249489057827	-2.622123306940032
708.0765010488715	-2.66295837833941
718.3757109180171	-2.702113887336676
728.8247262443015	-2.7393697183148635
739.425725998274	-2.7745257336455285
750.1809208443404	-2.8074039405756253
761.0925536017613	-2.8378491893130477
772.1628997123541	-2.865728255973438
783.3942677149998	-2.8909273118390986
794.7889997270506	-2.9133479477193993
806.34947193274	-2.9329020904217495
818.0780950786972	-2.949506296578676
829.9773149766683	-2.9630760171981163
842.0496130135506	-2.9735204777036297
854.2975066688449	-2.9807388020439136
866.7235500396347	-2.984617922027405
879.3303343732008	-2.985032658745267
892.1204886073838	-2.981848154438906
905.0966799188055	-2.974924591138278
918.2616142790653	-2.964123884555048
931.6180370190256	-2.9493178204998918
945.1687334013056	-2.9303969395742393
958.9165292011028	-2.9072794016974512
972.8642912954606	-2.8799190901938325
987.0149282611097	-2.8483123419914005
1001.3713909810035	-2.8125028915236565
1015.9366732596762	-2.7725848500671537
1030.7138124475518	-2.7287037614829566
1045.7058900743334	-2.6810559368069544
1060.916032491606	-2.6298863461465833
1076.3474115247852	-2.575485329355776
1092.0032451345498	-2.5181842893692195
1107.8867980878947	-2.458350382272714
1124.0013826389438	-2.3963800549462633
1140.350359219667	-2.332691147704438
1156.9371371406426	-2.2677132178184354
1173.765175302013	-2.201875785259203
1190.837982914782	-2.1355943764938825
1208.1591202326028	-2.0692545478003996
1225.73219929421	-2.0031944814428164
1243.5608846766518	-1.9376872089129027
1261.648894259477	-1.8729239357189593
1280.0000000000375	-1.8090002107254277
1298.6180287200684	-1.7459066926981688
1317.5068629037087	-1.6835259528614013
1336.6704415071292	-1.6216361300129116
1356.112760779938	-1.5599214316550816
1375.8378750985323	-1.4979886229715975
1395.8498978115715	-1.4353879433380068
1416.153002097749	-1.371636462803013
1436.7514218360407	-1.3062417824495451
1457.6494524886093	-1.2387241610838775
1478.8514519965543	-1.1686355364016665
1500.3618416886875	-1.0955744044194728
1522.1851072035295	-1.0191960359653245
1544.3257994247153	-0.9392179734558839
1566.788535430007	-0.855421121064034
1589.5779994541087	-0.7676469979074806
1612.6989438654878	-0.6757918691894643
1636.156190157402	-0.579798521499005
1659.9546299533442	-0.4796464318703901
1684.099226027109	-0.3753410250338639
1708.5950133376978	-0.26690264708777023
1733.4471000792773	-0.15435582833498712
1758.6606687464096	-0.03771937634488404
1784.2409772147755	0.08300216488061635
1810.193359837619	0.20782514071086433
1836.5232285581387	0.3367909349541224
1863.2360740380593	0.4699670945159888
1890.3374668026197	0.6074449535354034
1917.833058402214	0.7493334390109889
1945.7285825909298	0.8957490042841262
1974.0298565222283	1.0468020088629066
2002.7427819620161	1.2025803183013661
2031.8733465193618	1.3631313807160885
2061.4276248951132	1.5284444627967386
2091.411780148677	1.6984349960719136
2121.832064983222	1.8729329947794193
2152.694823049581	2.051677190035609
2184.0064902691106	2.23431586544474
2215.7735961758003	2.4204144309371296
2248.002765277899	2.609468656601084
2280.7007184393456	2.8009213766407433
2313.874274281297	2.994179551386713
2347.530350604038	3.1886280113748935
2381.6759658295764	3.383636129065794
2416.318240465218	3.5785541454859815
2451.4643985884327	3.7726969438889038
2487.1217693533167	3.9653146854292913
2523.2977885189675	4.155551827340911
2560.0000000000887	4.342398492782532
2597.236057440151	4.524640725770025
2635.0137258074315	4.700818499322435
2673.340883014273	4.869201969564859
2712.225521559891	5.027796785616247
2751.6757501970797	5.174387642775564
2791.699795623158	5.306625209303892
2832.3060041955137	5.422154971819064
2873.502843672097	5.518778055485978
2915.2989049772345	5.5946252542219845
2957.7029039931244	5.64831879123979
3000.723683377391	5.679094415502415
3044.370214407075	5.6868611336466595
3088.6515988494466	5.672186900751387
3133.57707086003	5.6362131733830445
3179.1559989082334	5.580515049371031
3225.3978877309914	5.506932805670482
3272.3123803148205	5.4174029801742
3319.9092599067053	5.313813118109614
3368.198452054235	5.197896058684028
3417.190026675413	5.071169935158831
3466.8942001585724	4.934921320814957
3517.3213374928373	4.79022272407137
3568.4819544295697	4.637972496321155
3620.386719675257	4.478944947526697
3673.0464571162966	4.313840344809447
3726.472148076138	4.1433275670028005
3780.6749336052594	3.968075606039817
3835.6661168044484	3.788773144739829
3891.45716518188	3.606137671954516
3948.059713044477	3.4209168569073376
4005.4855639240527	3.233885246839989
4063.746693038744	3.0458389816692493
4122.855249790247	2.8575904313652054
4182.823560297375	2.6699637689779934
4243.664129966465	2.483791754637359
4305.389646099183	2.2999135777930064
4368.012980538242	2.1191735131762144
4431.5471923516225	1.9424202950011948
4496.00553055582	1.770507312696198
4561.401436878714	1.604293749525047
4627.748548562617	1.4446464356052466
4695.060701208099	1.2924413895245677
4763.351931659176	1.1485628271395305
4832.63648093046	1.013896012414349
4902.928797176889	0.8893090647615602
4974.243538706657	0.7756182045625846
5046.595577037959	0.6735314379232528
5120.000000000202	0.5835678374143555
5194.472114880326	0.5059537663299545
5270.027451614888	0.44050382728073373
5346.6817660285715	0.386502725333212
5424.451043119808	0.3426133757536455
5503.351500394186	0.30684370802664246
5583.399591246343	0.2766055708902739
5664.612008391055	0.2488897367457635
5747.005687344222	0.2205593489198273
5830.597809954497	0.1887331621128915
5915.405807986278	0.1511990490993434
6001.447366754812	0.10678203147390877
6088.740428814181	0.05560151913809917
6177.303197698925	-0.0008120431722415805
6267.154141720092	-0.05952982897338707
6358.3119978165005	-0.11633569805182681
6450.795775462017	-0.16592144611701665
6544.624760629676	-0.20219399735039767
6639.818519813445	-0.2187564461782568
6736.396904108505	-0.2096138419141076
6834.380053350861	-0.17008191036208256
6933.788400317181	-0.09776517705822779
7034.642674985712	0.006621469838501343
7136.963908859177	0.1388249565281806
7240.773439350552	0.29116643678235693
7346.092914232631	0.4531892336498379
7452.944296152315	0.6127011561227418
7561.349867210557	0.7570031433276617
7671.332233608935	0.8741040691335649
7782.914330363799	0.9537733486190946
7896.119426088994	0.9883412079453762
8010.971127848146	0.9731986054238203
8127.49338607753	0.9069753858705274
8245.710499580537	0.7913988422428412
8365.647120594791	0.6308630161220348
8487.328259932974	0.4317678457577443
8610.77929219841	0.20170445804366996
8736.025961076528	-0.051441312962443544
8863.094384703289	-0.32041847058214273
8992.011061111683	-0.5995515128612285
9122.802873757471	-0.8856773162936536
9255.497097125279	-1.1790323786276933
9390.121402416245	-1.48397389543018
9526.7038633184	-1.809325569164265
9665.272961860968	-2.1680601138598568
9805.857594353829	-2.576014618731568
9948.487077413367	-3.049439885889994
10093.19115407597	-3.601451872931068
10240.000000000457	-4.237860116428936
10388.944229760706	-4.953279115322559
10540.05490322983	-5.728698672867592
10693.363532057198	-6.531591003321833
10848.902086239672	-7.319031235720558
11006.703000788428	-8.043301828131295
11166.799182492743	-8.658458292125985
11329.224016782166	-9.125920884490514
11494.0113746885	-9.41766143904297
11661.195619909053	-9.5167796624222
11830.811615972614	-9.41653042438248
12002.894733509682	-9.119443297980892
12177.48085762842	-8.63774816950146
12354.606395397908	-7.9951051704065
12534.308283440243	-7.228296586471477
12716.62399563306	-6.3869252647003645
12901.591550924093	-5.529770279248337
13089.249521259411	-4.717888478091058
13279.637039626952	-4.005974621893945
13472.793808217073	-3.434257898478892
13668.760106701786	-3.0231166302569297
13867.576800634426	-2.771751686360716
14069.285349971487	-2.660932189531242
14273.927817718419	-2.658494865532048
14481.54687870117	-2.7256883212636205
14692.18582846533	-2.823109900064826
14905.888592304698	-2.9162468700420026
15122.699734421185	-2.981074285659984
15342.664467217943	-3.00937713079426
15565.828660727671	-3.012416522678295
15792.238852178061	-3.0210547117648323
16021.942255696367	-3.0809343834455447
16254.986772155136	-3.242955356951772
16491.42099916115	-3.5513917110711555
16731.294241189662	-4.033178145431636
16974.65651986603	-4.691376322218906
17221.558584396902	-5.504093868392164
17472.051922153143	-6.428611224701341
17726.188769406665	-7.409811762485477
17984.022122223458	-8.39122526741575
18245.605747515034	-9.325429408384807
18510.99419425065	-10.17947948131218
18780.242804832582	-10.9331410239068
19053.40772663689	-11.573683075786214
19330.545923722028	-12.095473968737094
19611.71518870775	-12.507260078911807
19896.974154826825	-12.838009210585717
20186.382308152035	-13.129565735024164