20	2.6276694950267276
20.290906698750476	2.613967906622276
20.586044732869844	2.6002609209984486
20.885475648548283	2.5865401428415224
21.189261887185914	2.5727942821064533
21.49746679841394	2.5590099605635652
21.810154653305165	2.545172429113194
22.12739065777668	2.531266199119013
22.449240966187475	2.517275591828081
22.77577269513385	2.503185210549722
23.107053937445478	2.488980340676279
23.44315377638505	2.474647282869094
23.784142300054445	2.4601736248291686
24.130090616010463	2.4455484570384702
24.481070866093134	2.4307625376943105
24.837156241469714	2.415808411782997
25.1984209978975	2.4006804888942552
25.56494047120865	2.385375084026106
25.936791093020236	2.3698904253197384
26.3140504066728	2.354226632416891
26.69679708340074	2.3383856689386375
27.08511093873791	2.3223712724117154
27.47907294916184	2.3061888648082554
27.878765268980047	2.289845446721235
28.284271247461966	2.2733494780635097
28.695675446220072	2.2567107480474053
29.11306365684382	2.2399402370816377
29.536522918790062	2.223049973111293
29.966141537533712	2.206052884796029
30.402009102982383	2.188962653745036
30.844216508158908	2.1717935678032196
31.29285596815558	2.154560377125384
31.74802103936409	2.1372781545077197
32.20980663898519	2.119962161189137
32.67830906482211	2.102627719098838
33.153626015361866	2.0852900903095284
33.63585661014871	2.0679643642435743
34.125101410453844	2.05066535296191
34.62146244024586	2.0334074946423715
35.12504320746613	2.016204765136014
35.635948725613716	1.999070597302324
36.15428553564419	1.9820178076889787
36.68016172818701	1.9650585300403398
37.21368696608603	1.9482041550750722
37.754972507267915	1.9314652759554278
38.30413122794313	1.9148516388771941
38.86127764614443	1.8983720982482881
39.4265279456077	1.8820345760051376
40.000000000000206	1.8658460247363955
40.58181339750116	1.8498123944376552
41.1720894657399	1.8339386029054698
41.77095129709678	1.8182285099832054
42.37852377437204	1.8026848960657524
42.9949335968281	1.787309445429918
43.62030930661056	1.7721027350723855
44.25478131555359	1.7570642298039914
44.89848193237519	1.7421922843613902
45.55154539026795	1.7274841532484133
46.21410787489121	1.7129360089048884
46.88630755277036	1.698542968622052
47.56828460010916	1.684299130391798
48.260181232021196	1.6701976176103563
48.962141732186545	1.6562306322696134
49.674312482939705	1.6423895159826634
50.39684199579528	1.628664817949578
51.129880942417586	1.6150463687942278
51.873582186040764	1.6015233590923028
52.628100813345895	1.5880844213472323
53.393594166801776	1.5747177141147235
54.17022187747612	1.5614110069000622
54.95814589832399	1.5481517643450546
55.75753053796041	1.5349272280841442
56.56854249492426	1.5217244944897002
57.39135089244048	1.5085305863426823
58.226127313687975	1.4953325162541484
59.073045837580466	1.4821173394762628
59.932283075067765	1.4688721937086076
60.804018205965114	1.4555843237203008
61.68843301631817	1.442241089100912
62.58571193631152	1.4288299541935618
63.49604207872855	1.4153384601418866
64.41961327797075	1.4017541799240683
65.35661812964459	1.3880646582368747
66.3072520307241	1.3742573390875794
67.27171322029778	1.3603194848130702
68.25020282090806	1.3462380908667568
69.2429248804921	1.3319998010453156
70.25008641493265	1.3175908278641317
71.27189745122783	1.3029968826356213
72.30857107128878	1.2882031195385384
73.36032345637442	1.2731940976143756
74.42737393217246	1.2579537642059315
75.50994501453623	1.2424654628833283
76.60826245588666	1.2267119683978351
77.72255529228926	1.2106755506780782
78.85305589121582	1.1943380693362844
80.00000000000082	1.1776810995636202
81.16362679500274	1.1606860896605529
82.34417893148023	1.1433345498020078
83.541902594194	1.1256082709947974
84.75704754874454	1.1074895725592238
85.98986719365665	1.0889615758753362
87.24061861322157	1.0700085015957845
88.50956263110764	1.0506159870471998
89.79696386475084	1.0307714201113765
91.10309078053635	1.010464285475768
92.42821574978288	0.989686518758029
93.77261510554118	0.9684328636431023
95.13656920021877	0.9467012268188777
96.52036246404286	0.9244930251326673
97.92428346437356	0.9018135190111155
99.34862496587989	0.8786721258093605
100.79368399159105	0.8550827064188737
102.25976188483567	0.8310638182093717
103.74716437208203	0.806638927236275
105.25620162669229	0.7818365726307472
106.78718833360406	0.7566904762173282
108.34044375495276	0.731239590687613
109.9162917966485	0.7055280801107462
111.51506107592134	0.6796052271779216
113.13708498984903	0.6535252623225258
114.78270178488147	0.6273471107075054
116.45225462737648	0.6011340540218661
118.14609167516147	0.5749533050946092
119.86456615013608	0.5488754945653542
121.60803641193078	0.5229740702703352
123.3768660326369	0.49732461160375463
125.17142387262359	0.4720040628811687
126.99208415745765	0.4470898916503604
128.83922655594208	0.42265917994204805
130.71323625928977	0.3987876585997564
132.61450406144883	0.37554869707210536
134.5434264405962	0.3530122634053323
136.50040564181674	0.33124387160223634
138.48584976098482	0.3103035359457702
140.50017282986593	0.29024475423610085
142.5437949024563	0.2711135440448551
144.61714214257822	0.2529475578798732
146.7206469127495	0.2357753043677726
148.8547478643456	0.21961550298241517
151.01989002907314	0.20447659926758166
153.216524911774	0.19035646552348928
155.4451105845792	0.17724230802649954
157.70611178243232	0.16511079596122347
160.00000000000236	0.1539284200594424
162.3272535900062	0.143652080578071
164.6883578629612	0.13422989440759725
167.08380518838874	0.12560220014495216
169.51409509748981	0.11770272973538054
171.97973438731407	0.1104599072148198
174.4812372264439	0.10379822957652751
177.01912526221608	0.09763968155593161
179.5939277295025	0.0919051352914797
182.20618156107355	0.08651568854707303
184.85643149956664	0.08139390130364477
187.54523021108326	0.07646489802009732
190.27313840043846	0.07165731083791849
193.04072492808663	0.06690404766596308
195.84856692874806	0.062142878328991985
198.69724993176072	0.05731684076721974
201.58736798318304	0.052374476319611146
204.5195237696723	0.04726990773418108
207.49432874416505	0.041962776041989974
210.5124032533856	0.03641805376947688
213.57437666720915	0.030605752072469072
216.68088750990657	0.02450053821871606
219.83258359329807	0.01808127789850822
223.03012215184378	0.011330514923936497
226.2741699796992	0.004233899518538087
229.5654035697641	-0.003220423873014855
232.90450925475412	-0.011042457474258305
236.2921833503241	-0.01924100697149972
239.72913230027333	-0.0278243404677867
243.21607282386276	-0.03680083454949179
246.75373206527502	-0.046179590707003615
250.34284774524843	-0.0559710039351729
253.9841683149166	-0.06618726444160306
257.67845311188546	-0.0768427728782799
261.42647251858085	-0.08795444942322805
265.22900812289896	-0.09954191768097964
269.08685288119375	-0.11162754594643703
273.0008112836349	-0.12423633101469717
276.97169952197106	-0.13739561344990958
281.00034565973334	-0.15113461787696447
285.0875898049141	-0.16548381738185303
289.23428428515797	-0.18047412750108716
293.44129382550057	-0.19613594242838994
297.7094957286928	-0.21249803378779208
302.0397800581479	-0.2295863404949312
306.4330498235497	-0.24742268663274491
310.89022116916016	-0.266023472514738
315.41222356486645	-0.2853983916841025
320.00000000000654	-0.30554923312761406
324.6545071800142	-0.3264688330965977
329.3767157259242	-0.34814024418171874
334.16761037677935	-0.37053619007939353
339.02819019498156	-0.393618872251982
343.95946877463007	-0.41734018885235763
348.9624744528898	-0.44164241647614344
354.03825052443415	-0.4664593913858243
359.187855459007	-0.4917182088065421
364.4123631221491	-0.5173414368523652
369.71286299913527	-0.5432498157870196
375.0904604221685	-0.5693653839787334
380.54627680087896	-0.5956149402541739
386.08144985617537	-0.621933720278827
391.6971338574982	-0.6482691338560637
397.3944998635236	-0.6745843817895796
403.1747359663683	-0.7008617480156996
409.0390475393468	-0.7271053497752037
414.9886574883323	-0.7533431286293175
421.0248065067734	-0.7796278768665791
427.1487533344206	-0.8060371199015706
433.3617750198154	-0.8326717225725252
439.6651671865984	-0.8596531592628358
446.06024430368984	-0.8871194793524081
452.54833995940066	-0.9152201080022629
459.13080713953053	-0.9441097444362483
465.8090185095106	-0.9739417444102164
472.58436670065066	-1.0048614787017107
479.45826460054917	-1.0370002169114845
486.432145647728	-1.070470068790459
493.50746413055253	-1.1053604116921343
500.6856954904994	-1.141736054224209
507.9683366298358	-1.1796371628128837
515.3569062237735	-1.219080753115501
522.8529450371643	-1.2600633688858678
530.4580162458005	-1.3025644682853748
538.1737057623901	-1.346550014718844
546.0016225672724	-1.3919758090084031
553.9433990439449	-1.4387901793447817
562.0006913194694	-1.4869357454691552
570.1751796098309	-1.5363500783563353
578.4685685703187	-1.5869651765264825
586.8825876510039	-1.6387057712159985
595.4189914573883	-1.6914865555007461
604.0795601162986	-1.7452085105713497
612.8660996471021	-1.7997545798914405
621.780442338323	-1.8549850215661636
630.8244471297356	-1.9107328503295256
640.0000000000159	-1.9667998589433506
649.3090143600314	-2.0229537753349116
658.7534314518515	-2.0789271533117626
668.3352207535618	-2.1344185929104076
678.0563803899662	-2.1890968183137614
687.9189375492632	-2.2426079809555164
697.9249489057827	-2.2945862801651704
708.0765010488715	-2.344667595361207
718.3757109180171	-2.392505322530583
728.8247262443015	-2.437787062459426
739.425725998274	-2.480250323280555
750.1809208443404	-2.5196951148686146
761.0925536017613	-2.555991364895869
772.1628997123541	-2.5890795516523264
783.3942677149998	-2.6189637898895466
794.7889997270506	-2.64569766559705
806.34947193274	-2.669364168758251
818.0780950786972	-2.69005191176526
829.9773149766683	-2.7078303233951146
842.0496130135506	-2.72272665829618
854.2975066688449	-2.7347075221507122
866.7235500396347	-2.743667262921353
879.3303343732008	-2.7494250588331672
892.1204886073838	-2.7517318187297395
905.0966799188055	-2.7502870296783453
918.2616142790653	-2.7447643804603423
931.6180370190256	-2.734843409429304
945.1687334013056	-2.7202428557329235
958.9165292011028	-2.7007503930436982
972.8642912954606	-2.676243639448626
987.0149282611097	-2.6466990717124483
1001.3713909810035	-2.6121883248797833
1015.9366732596762	-2.5728643075441058
1030.7138124475518	-2.5289415497329593
1045.7058900743334	-2.480675724892618
1060.916032491606	-2.428346541305971
1076.3474115247852	-2.3722467469237207
1092.0032451345498	-2.312678378395956
1107.8867980878947	-2.249955931991658
1124.0013826389438	-2.184414942443841
1140.350359219667	-2.116423493606727
1156.9371371406426	-2.046393387346044
1173.765175302013	-1.9747870470289262
1190.837982914782	-1.9021158266100135
1208.1591202326028	-1.8289255089137961
1225.73219929421	-1.7557658879053375
1243.5608846766518	-1.6831440329796001
1261.648894259477	-1.6114654535826027
1280.0000000000375	-1.540973204356595
1298.6180287200684	-1.4716995281462182
1317.5068629037087	-1.4034443744314136
1336.6704415071292	-1.3357882739785634
1356.112760779938	-1.2681363244449302
1375.8378750985323	-1.199781260930021
1395.8498978115715	-1.1299707888766424
1416.153002097749	-1.0579671320706372
1436.7514218360407	-0.983092003115269
1457.6494524886093	-0.9047551341743983
1478.8514519965543	-0.822467847732806
1500.3618416886875	-0.7358448383535655
1522.1851072035295	-0.6445978027599298
1544.3257994247153	-0.5485242710309604
1566.788535430007	-0.44749433416292417
1589.5779994541087	-0.34143719197559574
1612.6989438654878	-0.23032870351217477
1636.156190157402	-0.11418047950221677
1659.9546299533442	0.0069694501245866625
1684.099226027109	0.13306471020317218
1708.5950133376978	0.26403790114657866
1733.4471000792773	0.3998177073581374
1758.6606687464096	0.54033622802825
1784.2409772147755	0.685536731039965
1810.193359837619	0.8353816898125347
1836.5232285581387	0.9898605404115963
1863.2360740380593	1.1489961176918526
1890.3374668026197	1.3128482594381983
1917.833058402214	1.4815127196390092
1945.7285825909298	1.6551134569334436
1974.0298565222283	1.8337867397812693
2002.7427819620161	2.017656486883831
2031.8733465193618	2.206801848431949
2061.4276248951132	2.401220008251567
2091.411780148677	2.600789095974003
2121.832064983222	2.8052373393479257
2152.694823049581	3.0141245636791174
2184.0064902691106	3.2268405206308937
2215.7735961758003	3.442621563585805
2248.002765277899	3.6605836873533506
2280.7007184393456	3.8797668735611226
2313.874274281297	4.099183741654409
2347.530350604038	4.3178649899189105
2381.6759658295764	4.5348948057547265
2416.318240465218	4.749430742094865
2451.4643985884327	4.9607039881037585
2487.1217693533167	5.167997357906343
2523.2977885189675	5.370599770640036
2560.0000000000887	5.567737668687886
2597.236057440151	5.758486307381423
2635.0137258074315	5.941667792924356
2673.340883014273	6.115748426784201
2712.225521559891	6.27875515262154
2751.6757501970797	6.428238735715383
2791.699795623158	6.561316872090852
2832.3060041955137	6.674828167602997
2873.502843672097	6.765610763883776
2915.2989049772345	6.830882703528443
2957.7029039931244	6.86865069449673
3000.723683377391	6.878033495415819
3044.370214407075	6.8593902909170055
3088.6515988494466	6.814207635019472
3133.57707086003	6.744789582797774
3179.1559989082334	6.6538588720028615
3225.3978877309914	6.544182595156981
3272.3123803148205	6.4182975611543345
3319.9092599067053	6.278360781528753
3368.198452054235	6.126112341913713
3417.190026675413	5.962918361532197
3466.8942001585724	5.789857703741292
3517.3213374928373	5.607821444079552
3568.4819544295697	5.417603268390468
3620.386719675257	5.21996846762445
3673.0464571162966	5.01569743942549
3726.472148076138	4.805605774928815
3780.6749336052594	4.590546525283554
3835.6661168044484	4.37140130125835
3891.45716518188	4.149066479960474
3948.059713044477	3.924439755169349
4005.4855639240527	3.698410711660937
4063.746693038744	3.471857037342424
4122.855249790247	3.2456458793165868
4182.823560297375	3.020638311769027
4243.664129966465	2.797694327171881
4305.389646099183	2.577676041443072
4368.012980538242	2.361447600768348
4431.5471923516225	2.149871667018028
4496.00553055582	1.9438041125941383
4561.401436878714	1.7440894121849153
4627.748548562617	1.5515585826653902
4695.060701208099	1.3670303718637844
4763.351931659176	1.191315257403785
4832.63648093046	1.0252196088266137
4902.928797176889	0.8695442743488918
4974.243538706657	0.725070129329465
5046.595577037959	0.5925236292861872
5120.000000000202	0.4725168610486644
5194.472114880326	0.36545812762158925
5270.027451614888	0.2714306674110444
5346.6817660285715	0.1900408436221836
5424.451043119808	0.12024965724458977
5503.351500394186	0.060227003299038295
5583.399591246343	0.00729420008963573
5664.612008391055	-0.0419699786194667
5747.005687344222	-0.09139731678662115
5830.597809954497	-0.14466236474715516
5915.405807986278	-0.2045849319562778
6001.447366754812	-0.27253116458753013
6088.740428814181	-0.3481509243554762
6177.303197698925	-0.42951841680831504
6267.154141720092	-0.5135005279719603
6358.3119978165005	-0.5960724216136774
6450.795775462017	-0.6724028322901917
6544.624760629676	-0.7367590201624113
6639.818519813445	-0.7825111873827643
6736.396904108505	-0.8026075856211036
6834.380053350861	-0.7907313563288089
6933.788400317181	-0.7429512246148471
7034.642674985712	-0.6592600327300935
7136.963908859177	-0.5443031159944264
7240.773439350552	-0.406991301519959
7346.092914232631	-0.2592680338358404
7452.944296152315	-0.1145662250460307
7561.349867210557	0.013637360890172381
7671.332233608935	0.11299673027764098
7782.914330363799	0.17318798549777809
7896.119426088994	0.18658656214501582
8010.971127848146	0.14873890383722868
8127.49338607753	0.0585545769950348
8245.710499580537	-0.08184544409551822
8365.647120594791	-0.2676314510182983
8487.328259932974	-0.4920350129484895
8610.77929219841	-0.7472448130002456
8736.025961076528	-1.025302193258388
8863.094384703289	-1.3189320842104495
8992.011061111683	-1.6223251707610824
9122.802873757471	-1.9319394762294146
9255.497097125279	-2.2473418595145445
9390.121402416245	-2.5720175894790036
9526.7038633184	-2.9139536659475658
9665.272961860968	-3.2857087980196455
9805.857594353829	-3.703595015105644
9948.487077413367	-4.185550371023648
10093.19115407597	-4.747494125212184
10240.000000000457	-5.3985284377388485
10388.944229760706	-6.135938075348657
10540.05490322983	-6.941428467966773
10693.363532057198	-7.780358628267991
10848.902086239672	-8.605265563001353
11006.703000788428	-9.363329226635138
11166.799182492743	-10.005367564827749
11329.224016782166	-10.492949999176854
11494.0113746885	-10.801175006636383
11661.195619909053	-10.917193112231159
11830.811615972614	-10.836879312353322
12002.894733509682	-10.562498340213201
12177.48085762842	-10.103271343381559
12354.606395397908	-9.478952880608004
12534.308283440243	-8.724122459324366
12716.62399563306	-7.889159247300197
12901.591550924093	-7.036026556422579
13089.249521259411	-6.22980856512757
13279.637039626952	-5.528519336364628
13472.793808217073	-4.973971830227031
13668.760106701786	-4.585913914738544
13867.576800634426	-4.360963231401131
14069.285349971487	-4.276682642721668
14273.927817718419	-4.299080252668251
14481.54687870117	-4.389738843346977
14692.18582846533	-4.510165399999103
14905.888592304698	-4.625485311605462
15122.699734421185	-4.710067956683974
15342.664467217943	-4.753711731104488
15565.828660727671	-4.766408521494965
15792.238852178061	-4.779709163321766
16021.942255696367	-4.8421545397008146
16254.986772155136	-5.008407407556303
16491.42099916115	-5.325461940955403
16731.294241189662	-5.820826713954375
16974.65651986603	-6.496644177723905
17221.558584396902	-7.329855664580538
17472.051922153143	-8.276218709644787
17726.188769406665	-9.277950063781583
17984.022122223458	-10.275104347820255
18245.605747515034	-11.218549938074137
18510.99419425065	-12.078524571830897
18780.242804832582	-12.841717355666457
19053.40772663689	-13.497790303219615
19330.545923722028	-14.03371224017943
19611.71518870775	-14.449807944072838
19896.974154826825	-14.775681885088458
20186.382308152035	-15.059533598096909