20	63.62783827452668
20.290906698750476	63.626714316875365
20.586044732869844	63.62559387090549
20.885475648548283	63.6244823671432
21.189261887185914	63.623387233640905
21.49746679841394	63.59204854318842
21.810154653305165	63.55285347159754
22.12739065777668	63.516527999854915
22.449240966187475	63.48027757444886
22.77577269513385	63.444196000568574
23.107053937445478	63.40813298627617
23.44315377638505	63.37210033631973
23.784142300054445	63.33622840703692
24.130090616010463	63.304726439076404
24.481070866093134	63.272819839257764
24.837156241469714	63.23729071636518
25.1984209978975	63.20201662073284
25.56494047120865	63.16683327186438
25.936791093020236	63.130399092112114
26.3140504066728	63.08890258999881
26.69679708340074	63.05428099682916
27.08511093873791	63.019823745317915
27.47907294916184	62.98549367528936
27.878765268980047	62.95132904444252
28.284271247461966	62.92258459352177
28.695675446220072	62.891736505943115
29.11306365684382	62.85816463875045
29.536522918790062	62.824931223364615
29.966141537533712	62.79190043378637
30.402009102982383	62.759023934862284
30.844216508158908	62.72630537496684
31.29285596815558	62.69397467993098
31.74802103936409	62.661816603536394
32.20980663898519	62.62760646429242
32.67830906482211	62.58878709897617
33.153626015361866	62.5505981157551
33.63585661014871	62.51937470295122
34.125101410453844	62.48835461558816
34.62146244024586	62.45749644728872
35.12504320746613	62.426800366693
35.635948725613716	62.39650727473741
36.15428553564419	62.361775661238404
36.68016172818701	62.324779614760274
37.21368696608603	62.287991974477315
37.754972507267915	62.25141029839998
38.30413122794313	62.21503257445213
38.86127764614443	62.17885361384209
39.4265279456077	62.142950374860405
40.000000000000206	62.107246467434706
40.58181339750116	62.07172997255617
41.1720894657399	62.03639361430752
41.77095129709678	62.001233569809656
42.37852377437204	61.96624246676557
42.9949335968281	61.928762269121734
43.62030930661056	61.88354126936248
44.25478131555359	61.8384681904894
44.89848193237519	61.799325868138354
45.55154539026795	61.76067831071274
46.21410787489121	61.71600997651893
46.88630755277036	61.67144954382197
47.56828460010916	61.6269840635297
48.260181232021196	61.58260201653818
48.962141732186545	61.53829528527352
49.674312482939705	61.49410574461185
50.39684199579528	61.44995886368303
51.129880942417586	61.40583718958284
51.873582186040764	61.36172576699693
52.628100813345895	61.31760712716808
53.393594166801776	61.273465168573175
54.17022187747612	61.21730052396495
54.95814589832399	61.171036299146564
55.75753053796041	61.11692941461105
56.56854249492426	61.07254838748888
57.39135089244048	61.028053844321526
58.226127313687975	60.983427034087924
59.073045837580466	60.926738785303044
59.932283075067765	60.87731243869294
60.804018205965114	60.82482659410425
61.68843301631817	60.77952894168298
62.58571193631152	60.720306009875074
63.49604207872855	60.6569727881788
64.41961327797075	60.60656312190309
65.35661812964459	60.54843434443659
66.3072520307241	60.50198814951999
67.27171322029778	60.44877168680057
68.25020282090806	60.384030639638894
69.2429248804921	60.32505100870443
70.25008641493265	60.269653114999244
71.27189745122783	60.2039395476223
72.30857107128878	60.1379149014309
73.36032345637442	60.08435287457643
74.42737393217246	60.02320366225473
75.50994501453623	59.9691415912129
76.60826245588666	59.901372597723196
77.72255529228926	59.833171291728796
78.85305589121582	59.774103204930356
80.00000000000082	59.71107634314114
81.16362679500274	59.64649059686257
82.34417893148023	59.58689713045814
83.541902594194	59.51657903186193
84.75704754874454	59.4603318402057
85.98986719365665	59.388211264856146
87.24061861322157	59.31543982017616
88.50956263110764	59.249708105297046
89.79696386475084	59.1680664852078
91.10309078053635	59.10059528156355
92.42821574978288	59.0341752064018
93.77261510554118	58.95836812392386
95.13656920021877	58.890350401300985
96.52036246404286	58.821001873802686
97.92428346437356	58.74744482372178
99.34862496587989	58.68165756803565
100.79368399159105	58.603297573458676
102.25976188483567	58.52968075161299
103.74716437208203	58.461434132054116
105.25620162669229	58.38250052652237
106.78718833360406	58.3181037104494
108.34044375495276	58.238050406319005
109.9162917966485	58.15947905961267
111.51506107592134	58.09303816512078
113.13708498984903	58.021500295501184
114.78270178488147	57.94713012953217
116.45225462737648	57.87077234920821
118.14609167516147	57.80064006498897
119.86456615013608	57.719449694396296
121.60803641193078	57.65565114324273
123.3768660326369	57.588072002765124
125.17142387262359	57.516037879887136
126.99208415745765	57.45224490932194
128.83922655594208	57.37662838133556
130.71323625928977	57.31325114601298
132.61450406144883	57.25019209019791
134.5434264405962	57.187554371822436
136.50040564181674	57.125437672109754
138.48584976098482	57.063941134455
140.50017282986593	57.00315438860457
142.5437949024563	56.95106504497145
144.61714214257822	56.89597950602249
146.7206469127495	56.845339274045514
148.8547478643456	56.79863382148552
151.01989002907314	56.756118954952626
153.216524911774	56.71751146864631
155.4451105845792	56.67357170431042
157.70611178243232	56.63755620241206
160.00000000000236	56.60246456685409
162.3272535900062	56.56810379299528
164.6883578629612	56.5344651755679
167.08380518838874	56.50630078373601
169.51409509748981	56.480280411353654
171.97973438731407	56.45731792750225
174.4812372264439	56.436394479808804
177.01912526221608	56.41716550345128
179.5939277295025	56.39824144718529
182.20618156107355	56.37952040256337
184.85643149956664	56.36298662918149
187.54523021108326	56.348764510392336
190.27313840043846	56.33422126640599
193.04072492808663	56.32156655307633
195.84856692874806	56.308458516915344
198.69724993176072	56.29543837409242
201.58736798318304	56.283279806331656
204.5195237696723	56.270486041450184
207.49432874416505	56.25724011168438
210.5124032533856	56.24366369251735
213.57437666720915	56.229262966608964
216.68088750990657	56.21563255465729
219.83258359329807	56.20324350692965
223.03012215184378	56.18997378355884
226.2741699796992	56.1758048886074
229.5654035697641	56.16252935224751
232.90450925475412	56.14873096686253
236.2921833503241	56.13404023228673
239.72913230027333	56.11845522787945
243.21607282386276	56.10251401011404
246.75373206527502	56.085851080287725
250.34284774524843	56.06830755898202
253.9841683149166	56.04986875707909
257.67845311188546	56.03653157629133
261.42647251858085	56.024724662793936
265.22900812289896	56.012005825385195
269.08685288119375	55.99829766071998
273.0008112836349	55.98350917032971
276.97169952197106	55.967549713142205
281.00034565973334	55.95032861861263
285.0875898049141	55.93176646656409
289.23428428515797	55.91180066049425
293.44129382550057	55.890383694202484
297.7094957286928	55.86748051256188
302.0397800581479	55.843066096074146
306.4330498235497	55.825542094983554
310.89022116916016	55.80666870088641
315.41222356486645	55.78640119928427
320.00000000000654	55.76475879014093
324.6545071800142	55.741773686677526
329.3767157259242	55.717495203524415
334.16761037677935	55.691991915135425
339.02819019498156	55.66534509288975
343.95946877463007	55.637641316448395
348.9624744528898	55.608960123261404
354.03825052443415	55.57936958723388
359.187855459007	55.56433667445138
364.4123631221491	55.5495840325008
369.71286299913527	55.53545061734232
375.0904604221685	55.52133098805925
380.54627680087896	55.506270003908845
386.08144985617537	55.49049705257393
391.6971338574982	55.48131608910207
397.3944998635236	55.47564821458817
403.1747359663683	55.46914402061299
409.0390475393468	55.468235527788316
414.9886574883323	55.46689941498208
421.0248065067734	55.46458124220035
427.1487533344206	55.46703606064831
433.3617750198154	55.466214665177034
439.6651671865984	55.46593398399895
446.06024430368984	55.469343920802075
452.54833995940066	55.47125549559701
459.13080713953053	55.48199383872013
465.8090185095106	55.47007243052401
472.58436670065066	55.46668397801117
479.45826460054917	55.46134454944981
486.432145647728	55.453998262717505
493.50746413055253	55.44462928367231
500.6856954904994	55.43326734848347
507.9683366298358	55.41359879553
515.3569062237735	55.39296703581354
522.8529450371643	55.37017228396975
530.4580162458005	55.34616034203673
538.1737057623901	55.32679329019874
546.0016225672724	55.29964578756739
553.9433990439449	55.26803368121589
562.0006913194694	55.240129217124355
570.1751796098309	55.21338307989769
578.4685685703187	55.18132401525161
586.8825876510039	55.14959085949229
595.4189914573883	55.11836891588503
604.0795601162986	55.08779550972215
612.8660996471021	55.05100536821042
621.780442338323	55.01945431475754
630.8244471297356	54.99156902575535
640.0000000000159	54.96217341294434
649.3090143600314	54.9297196175264
658.7534314518515	54.90533488252623
668.3352207535618	54.88228845041983
678.0563803899662	54.85528745750657
687.9189375492632	54.8311898065917
697.9249489057827	54.81101303510077
708.0765010488715	54.787811722775864
718.3757109180171	54.76671294443405
728.8247262443015	54.75228224284668
739.425725998274	54.74360923041139
750.1809208443404	54.7379889259245
761.0925536017613	54.73564711965973
772.1628997123541	54.73676005235012
783.3942677149998	54.74141540952829
794.7889997270506	54.74968232471031
806.34947193274	54.76164097308745
818.0780950786972	54.78459484140269
829.9773149766683	54.80603766231067
842.0496130135506	54.82865387836925
854.2975066688449	54.860134137043666
866.7235500396347	54.892759405028606
879.3303343732008	54.92946668582665
892.1204886073838	54.97370884009192
905.0966799188055	55.01992396434229
918.2616142790653	55.067783587794665
931.6180370190256	55.1169386178934
945.1687334013056	55.16695867580802
958.9165292011028	55.21750505935062
972.8642912954606	55.268159932672475
987.0149282611097	55.31849394473301
1001.3713909810035	55.3767191743468
1015.9366732596762	55.42860597523723
1030.7138124475518	55.48768540027489
1045.7058900743334	55.53921269639215
1060.916032491606	55.589509744352384
1076.3474115247852	55.63238012752133
1092.0032451345498	55.68606799670616
1107.8867980878947	55.731886044553626
1124.0013826389438	55.790210582906184
1140.350359219667	55.832659805987774
1156.9371371406426	55.8913974931125
1173.765175302013	55.95102578465462
1190.837982914782	56.011541096162695
1208.1591202326028	56.07317310701687
1225.73219929421	56.13548595425182
1243.5608846766518	56.198156619383646
1261.648894259477	56.260408456259206
1280.0000000000375	56.32175045013356
1298.6180287200684	56.38156522897299
1317.5068629037087	56.43961252950003
1336.6704415071292	56.5115969803787
1356.112760779938	56.56835189794398
1375.8378750985323	56.63428644131352
1395.8498978115715	56.70130265998511
1416.153002097749	56.76725552702705
1436.7514218360407	56.81705282271649
1457.6494524886093	56.881206867475086
1478.8514519965543	56.9609268981479
1500.3618416886875	57.02055478115859
1522.1851072035295	57.08963769978783
1544.3257994247153	57.163624922798725
1566.788535430007	57.24725471383888
1589.5779994541087	57.31424468149798
1612.6989438654878	57.39126115536009
1636.156190157402	57.47561440125201
1659.9546299533442	57.57018382485515
1684.099226027109	57.66882378104496
1708.5950133376978	57.760695705648416
1733.4471000792773	57.86260222080101
1758.6606687464096	57.97147962023142
1784.2409772147755	58.08038990279256
1810.193359837619	58.189349180894496
1836.5232285581387	58.32221380628551
1863.2360740380593	58.429276087149915
1890.3374668026197	58.564998248081736
1917.833058402214	58.67535480458468
1945.7285825909298	58.815723443305785
1974.0298565222283	58.96270597693764
2002.7427819620161	59.111419018085016
2031.8733465193618	59.262133651111526
2061.4276248951132	59.41512120308105
2091.411780148677	59.58479980618374
2121.832064983222	59.731903148808605
2152.694823049581	59.92859189215556
2184.0064902691106	60.09569210747961
2215.7735961758003	60.27750823669162
2248.002765277899	60.46574053057295
2280.7007184393456	60.62549259256778
2313.874274281297	60.81999004892379
2347.530350604038	60.985032764560096
2381.6759658295764	61.13552598884101
2416.318240465218	61.28178345775192
2451.4643985884327	61.4237505958522
2487.1217693533167	61.57068886145053
2523.2977885189675	61.696880490929736
2560.0000000000887	61.83030412037226
2597.236057440151	61.94162391225678
2635.0137258074315	62.04350148082746
2673.340883014273	62.15024064263592
2712.225521559891	62.24027871413411
2751.6757501970797	62.33394833037715
2791.699795623158	62.423893982888366
2832.3060041955137	62.50817936635629
2873.502843672097	62.56445178360749
2915.2989049772345	62.610302966737244
2957.7029039931244	62.661843271967655
3000.723683377391	62.700672137802584
3044.370214407075	62.72590281138719
3088.6515988494466	62.751455295955665
3133.57707086003	62.75522206682864
3179.1559989082334	62.73052663356772
3225.3978877309914	62.68643760113947
3272.3123803148205	62.61547127928236
3319.9092599067053	62.540117530192816
3368.198452054235	62.45924155100525
3417.190026675413	62.37191127909437
3466.8942001585724	62.25361583354355
3517.3213374928373	62.12565861973114
3568.4819544295697	61.99465763924455
3620.386719675257	61.83110199063477
3673.0464571162966	61.69714771199695
3726.472148076138	61.52903045346381
3780.6749336052594	61.393286115994336
3835.6661168044484	61.22855098625507
3891.45716518188	61.059369585736626
3948.059713044477	60.91041626428832
4005.4855639240527	60.766614677143906
4063.746693038744	60.63190884667961
4122.855249790247	60.49673399806457
4182.823560297375	60.375219590926136
4243.664129966465	60.25481237700295
4305.389646099183	60.14040407933055
4368.012980538242	60.044715161873384
4431.5471923516225	59.95839441743062
4496.00553055582	59.87624115913648
4561.401436878714	59.804295678661646
4627.748548562617	59.740457248382974
4695.060701208099	59.68208616390023
4763.351931659176	59.62826503947985
4832.63648093046	59.57867229615745
4902.928797176889	59.53273134028494
4974.243538706657	59.48562157262408
5046.595577037959	59.43684964836438
5120.000000000202	59.392575702370465
5194.472114880326	59.35300519169865
5270.027451614888	59.3112869912882
5346.6817660285715	59.27436896063347
5424.451043119808	59.244304905259334
5503.351500394186	59.21487932549764
5583.399591246343	59.20449514805116
5664.612008391055	59.206715715696554
5747.005687344222	59.21174202073427
5830.597809954497	59.219044407332525
5915.405807986278	59.22710814881579
6001.447366754812	59.230238257496914
6088.740428814181	59.22229735835645
6177.303197698925	59.19253919657264
6267.154141720092	59.12643735488044
6358.3119978165005	59.034169313548524
6450.795775462017	58.91615654731365
6544.624760629676	58.77015785082085
6639.818519813445	58.60893436139793
6736.396904108505	58.46660079585046
6834.380053350861	58.31597223573101
6933.788400317181	58.18531179975107
7034.642674985712	58.10214416929383
7136.963908859177	58.059863465116784
7240.773439350552	58.04159358436309
7346.092914232631	58.04792099508998
7452.944296152315	58.05867659742839
7561.349867210557	58.06367593455153
7671.332233608935	58.05216242583043
7782.914330363799	58.02125696487322
7896.119426088994	57.96242167305055
8010.971127848146	57.81700067013949
8127.49338607753	57.682327325808785
8245.710499580537	57.54070680354991
8365.647120594791	57.42209110929978
8487.328259932974	57.40756232310541
8610.77929219841	57.466792337004215
8736.025961076528	57.630514475666196
8863.094384703289	57.8531397788607
8992.011061111683	58.07172902538037
9122.802873757471	58.21815629393266
9255.497097125279	58.228549682510824
9390.121402416245	58.09588849231657
9526.7038633184	57.73346597803171
9665.272961860968	57.16813868735927
9805.857594353829	56.40203900213991
9948.487077413367	55.49241332722493
10093.19115407597	54.50254946386285
10240.000000000457	53.485272786434216
10388.944229760706	52.534432628930034
10540.05490322983	51.71589164255505
10693.363532057198	51.05790348470727
10848.902086239672	50.63309486518925
11006.703000788428	50.40144010533342
11166.799182492743	50.25622547483932
11329.224016782166	50.23554515946407
11494.0113746885	50.30108043477155
11661.195619909053	50.37596167623866
11830.811615972614	50.56019331751652
12002.894733509682	50.703384140097135
12177.48085762842	50.85133231641542
12354.606395397908	51.015424646197424
12534.308283440243	51.28225377209211
12716.62399563306	51.68444156652359
12901.591550924093	52.181718165235566
13089.249521259411	52.807158942010496
13279.637039626952	53.46073323161766
13472.793808217073	54.112501948069635
13668.760106701786	54.79847365183464
13867.576800634426	55.42560805791681
14069.285349971487	55.99742758240499
14273.927817718419	56.479799209005854
14481.54687870117	56.827942394682886
14692.18582846533	56.967272496940474
14905.888592304698	56.92817170038047
15122.699734421185	56.77088057489026
15342.664467217943	56.47666650768185
15565.828660727671	55.973522799598
15792.238852178061	55.21538498768143
16021.942255696367	54.368163166522834
16254.986772155136	53.4082863881622
16491.42099916115	52.293147807748504
16731.294241189662	51.022410976984354
16974.65651986603	49.52801341586101
17221.558584396902	47.78271812010442
17472.051922153143	45.733475612936516
17726.188769406665	43.4635619232143
17984.022122223458	41.18985228327634
18245.605747515034	39.16946094447578
18510.99419425065	38.165075875722934
18780.242804832582	37.47083842867427
19053.40772663689	36.85827452627465
19330.545923722028	36.35977204992775
19611.71518870775	35.97763022929635
19896.974154826825	35.68046035469315
20186.382308152035	35.42052454004624